wavelength_nm ,power_reading_0_dbm ,power_reading_1_dbm ,power_reading_2_dbm ,power_reading_3_dbm ,power_reading_4_dbm ,power_reading_5_dbm ,power_reading_6_dbm ,power_reading_7_dbm ,power_reading_8_dbm ,power_reading_9_dbm 
1531.3, -2.52093911, -2.52146006, -2.52156019, -2.52175331, -2.52170086, -2.52145243, -2.52118754, -2.52133489, -2.52177, -2.5212121
1531.3999999999999, -2.51885152, -2.51898289, -2.51888251, -2.51847172, -2.51963615, -2.51969719, -2.51944113, -2.51929426, -2.51932359, -2.51983666
1531.5, -2.51045918, -2.51034236, -2.51058221, -2.51072097, -2.51088405, -2.51058245, -2.510638, -2.51041937, -2.51110768, -2.51104712
1531.6, -2.50323272, -2.5031004, -2.50342655, -2.5031476, -2.50320196, -2.50382018, -2.50364256, -2.50324082, -2.5028162, -2.50332522
1531.7, -2.49993324, -2.49946213, -2.49997187, -2.49939156, -2.49909854, -2.49957752, -2.49984908, -2.49992323, -2.50015664, -2.50187159
1531.8, -2.49467516, -2.4939661, -2.49285531, -2.49308634, -2.49357343, -2.49311781, -2.49316406, -2.49326563, -2.49328756, -2.49334955
1531.8999999999999, -2.50031853, -2.50004196, -2.50014806, -2.50043488, -2.50059772, -2.50050497, -2.50059009, -2.5004344, -2.49989462, -2.49944687
1532.0, -2.50991702, -2.51011801, -2.51047349, -2.5103581, -2.51021791, -2.51036525, -2.50987792, -2.50997877, -2.510149, -2.51016474
1532.1, -2.51554012, -2.51495147, -2.51522303, -2.5156889, -2.5158515, -2.51497483, -2.5141232, -2.51424694, -2.51502991, -2.51536274
1532.2, -2.51110935, -2.51163483, -2.51193738, -2.51147318, -2.51185989, -2.51179004, -2.5097003, -2.50838351, -2.51024866, -2.51133251
1532.3, -2.50478578, -2.50429893, -2.50327134, -2.50270677, -2.50299239, -2.5028615, -2.5045383, -2.50446272, -2.50461626, -2.50452399
1532.3999999999999, -2.49397421, -2.49388933, -2.49263978, -2.4933033, -2.49158168, -2.49135876, -2.49155164, -2.49266267, -2.49316359, -2.49338841
1532.5, -2.47885108, -2.47706032, -2.47768283, -2.47902846, -2.47931957, -2.47936702, -2.47946596, -2.47950387, -2.4795115, -2.47951341
1532.6, -2.47461104, -2.47479415, -2.47459316, -2.47475576, -2.47477913, -2.47414899, -2.47435665, -2.47482467, -2.47517776, -2.47465611
1532.7, -2.47443175, -2.47610807, -2.47497082, -2.47583699, -2.47642279, -2.47620726, -2.4764142, -2.47618389, -2.47579956, -2.47629166
1532.8, -2.48913908, -2.48863912, -2.48817587, -2.48705363, -2.48716831, -2.48668242, -2.4880302, -2.48823786, -2.48800826, -2.48795366
1532.8999999999999, -2.4990356, -2.49880505, -2.49885845, -2.49908233, -2.49922299, -2.49794126, -2.49787068, -2.49923825, -2.49871159, -2.49872017
1533.0, -2.50461745, -2.50386667, -2.50422931, -2.50457025, -2.5037663, -2.50368714, -2.50335646, -2.50334835, -2.50344825, -2.50312471
1533.1, -2.5000875, -2.499578, -2.49938536, -2.49960899, -2.50008011, -2.49963164, -2.5002799, -2.49970126, -2.50005674, -2.49982452
1533.2, -2.48838496, -2.488693, -2.48910141, -2.48906946, -2.48919463, -2.48726153, -2.48676038, -2.488276, -2.48740721, -2.48816061
1533.3, -2.47682214, -2.47694492, -2.47713017, -2.47626948, -2.47601461, -2.4756074, -2.47550058, -2.47586203, -2.47589207, -2.47693777
1533.3999999999999, -2.46558785, -2.46488237, -2.4647851, -2.46507454, -2.46552658, -2.46525097, -2.46561098, -2.46483731, -2.46513605, -2.46540451
1533.5, -2.4599359, -2.46018124, -2.46071005, -2.46030426, -2.46058011, -2.46028876, -2.46052575, -2.45980549, -2.4600966, -2.45992064
1533.6, -2.46939206, -2.46999049, -2.46971369, -2.46939945, -2.46916151, -2.46756577, -2.46761084, -2.46929097, -2.47005224, -2.46964645
1533.7, -2.47856712, -2.47868252, -2.47858238, -2.47859049, -2.47865176, -2.47892809, -2.47889018, -2.47902036, -2.47889018, -2.47826743
1533.8, -2.48312449, -2.48310351, -2.48291874, -2.48385763, -2.48394275, -2.48417306, -2.48323393, -2.4841578, -2.48445153, -2.48442698
1533.8999999999999, -2.48258686, -2.48183417, -2.4817791, -2.48321056, -2.482795, -2.48207235, -2.48244905, -2.482795, -2.48280358, -2.48298717
1534.0, -2.47798967, -2.47840524, -2.47885156, -2.47895861, -2.47939777, -2.47945786, -2.47934294, -2.47871351, -2.47815919, -2.4785738
1534.1, -2.47173953, -2.47138643, -2.47092652, -2.47144008, -2.47104788, -2.47073436, -2.47098708, -2.47156239, -2.47098708, -2.47112656
1534.2, -2.46354389, -2.46355724, -2.4636817, -2.46367311, -2.4634738, -2.4637413, -2.463552, -2.46363521, -2.46366596, -2.46417832
1534.3, -2.46094656, -2.45987487, -2.45887375, -2.45894098, -2.45932221, -2.46006584, -2.46057868, -2.46065664, -2.46102285, -2.45918632
1534.3999999999999, -2.46075606, -2.46147466, -2.46139884, -2.46168232, -2.46201205, -2.46059418, -2.46126842, -2.46175098, -2.46207261, -2.46234798
1534.5, -2.46937585, -2.46946073, -2.47024417, -2.47025132, -2.46921468, -2.46840191, -2.46840906, -2.46950722, -2.46927643, -2.4694066
1534.6, -2.47422576, -2.47437286, -2.47359705, -2.4738338, -2.47423387, -2.47441745, -2.47530818, -2.47488594, -2.47425628, -2.47278976
1534.7, -2.46811867, -2.46860147, -2.4683404, -2.46745014, -2.46753597, -2.46796513, -2.46722007, -2.46849537, -2.4684248, -2.46810174
1534.8, -2.46339798, -2.46314502, -2.46329832, -2.46375775, -2.46352077, -2.46317744, -2.46320677, -2.4644537, -2.46391129, -2.46312976
1534.8999999999999, -2.46024227, -2.45989013, -2.4593699, -2.4597609, -2.45983696, -2.45963693, -2.45956898, -2.4593997, -2.46034265, -2.45995808
1535.0, -2.45377898, -2.45586634, -2.45576763, -2.45588183, -2.45619607, -2.45592809, -2.45597267, -2.45591259, -2.45587444, -2.45546889
1535.1, -2.45682931, -2.45710588, -2.45706034, -2.45697546, -2.45707464, -2.45685339, -2.45538497, -2.4560194, -2.45731187, -2.45743442
1535.2, -2.46005893, -2.46005797, -2.4592545, -2.46064782, -2.46077204, -2.4610548, -2.45928597, -2.45910931, -2.45963025, -2.45949936
1535.3, -2.46843982, -2.46804094, -2.46808696, -2.46805668, -2.46841002, -2.46838689, -2.46761227, -2.46853948, -2.46827126, -2.46839523
1535.3999999999999, -2.47470164, -2.47398758, -2.47422481, -2.47444844, -2.47433972, -2.47459364, -2.47490191, -2.47411847, -2.47471118, -2.47457218
1535.5, -2.46778035, -2.4683466, -2.46819448, -2.46867013, -2.46791911, -2.46830916, -2.46826363, -2.46836352, -2.46857738, -2.46900129
1535.6, -2.45504236, -2.45559144, -2.45558381, -2.45512557, -2.45539331, -2.45568299, -2.45572138, -2.45613456, -2.45609689, -2.45595121
1535.7, -2.44299364, -2.44296384, -2.44329929, -2.44256759, -2.44275045, -2.44310045, -2.44355893, -2.44289565, -2.44233871, -2.44195008
1535.8, -2.43788195, -2.4375, -2.43821645, -2.43801093, -2.4378674, -2.43764663, -2.43767548, -2.43833971, -2.43810344, -2.43804979
1535.8999999999999, -2.43815708, -2.43798733, -2.43809462, -2.43823171, -2.43807912, -2.4377296, -2.43719649, -2.43696213, -2.43652654, -2.43609858
1536.0, -2.445122, -2.44528937, -2.4453733, -2.44484019, -2.4453795, -2.44559383, -2.44525242, -2.44463277, -2.44573379, -2.44548774
1536.1, -2.45550895, -2.4556675, -2.45524025, -2.45461297, -2.45577502, -2.45610452, -2.45547605, -2.45574403, -2.45597363, -2.45479584
1536.2, -2.45941663, -2.45930791, -2.45868802, -2.45837498, -2.45881987, -2.45875835, -2.45900249, -2.45930076, -2.45950747, -2.45933104
1536.3, -2.45945406, -2.45998216, -2.46013451, -2.45975161, -2.46015763, -2.46047306, -2.45984459, -2.45942998, -2.45960665, -2.46007395
1536.3999999999999, -2.44909, -2.4489305, -2.44872379, -2.44967103, -2.44967079, -2.44904423, -2.44869375, -2.44945574, -2.44992924, -2.44972348
1536.5, -2.43149805, -2.43207598, -2.43218184, -2.43194032, -2.43240261, -2.43151236, -2.43160343, -2.43252611, -2.43308735, -2.43232703
1536.6, -2.42031813, -2.41976476, -2.41937113, -2.42024183, -2.41998458, -2.41959786, -2.42010665, -2.41984892, -2.4194994, -2.41978812
1536.7, -2.40711093, -2.40853262, -2.40925884, -2.40902519, -2.4090023, -2.40920639, -2.40893412, -2.40794992, -2.40790534, -2.4089036
1536.8, -2.4164443, -2.41636038, -2.41650558, -2.41689181, -2.41658974, -2.41649818, -2.41683841, -2.41685581, -2.41648269, -2.41636181
1536.8999999999999, -2.42559218, -2.42554665, -2.42513037, -2.4257226, -2.4250381, -2.42550993, -2.42597294, -2.42554045, -2.42531204, -2.42528105
1537.0, -2.43437982, -2.43365049, -2.43409824, -2.43467689, -2.43412876, -2.43447185, -2.43458605, -2.43448687, -2.43492007, -2.43422127
1537.1, -2.43816328, -2.438416, -2.43833923, -2.43862081, -2.4387722, -2.43864465, -2.43820906, -2.43846822, -2.43811011, -2.43750119
1537.2, -2.43022799, -2.42947507, -2.42920184, -2.43030357, -2.43009043, -2.43037176, -2.43003058, -2.43056941, -2.43079638, -2.43069148
1537.3, -2.41977978, -2.41970468, -2.41985559, -2.41971231, -2.41950798, -2.4193182, -2.41934991, -2.41969776, -2.4194541, -2.41981149
1537.3999999999999, -2.40880466, -2.408813, -2.40913081, -2.40901852, -2.40897226, -2.40875888, -2.40901756, -2.40882874, -2.40872216, -2.40854001
1537.5, -2.40124774, -2.40167832, -2.40188932, -2.40150476, -2.40156507, -2.40164113, -2.40127802, -2.40127897, -2.40184593, -2.40111184
1537.6, -2.39871955, -2.39889264, -2.39891505, -2.39828134, -2.39845467, -2.39813113, -2.39849305, -2.39742064, -2.39790463, -2.39808536
1537.7, -2.39964676, -2.39951134, -2.39969945, -2.39945865, -2.39926243, -2.39900494, -2.39889312, -2.39797163, -2.39948082, -2.39937496
1537.8, -2.40554619, -2.40578842, -2.40589499, -2.40579653, -2.40561485, -2.4059763, -2.40582633, -2.40579605, -2.40624905, -2.4063561
1537.8999999999999, -2.40960717, -2.40936446, -2.41027331, -2.40951562, -2.40955424, -2.41000819, -2.41065168, -2.40938663, -2.40952396, -2.40918326
1538.0, -2.40858674, -2.40864563, -2.40849566, -2.40910029, -2.40911579, -2.40851045, -2.4082756, -2.40856242, -2.408427, -2.408283
1538.1, -2.40179086, -2.40158033, -2.40170074, -2.40159488, -2.40159655, -2.40151238, -2.40156579, -2.40075517, -2.40158129, -2.4017992
1538.2, -2.39290476, -2.39258909, -2.39263344, -2.39252758, -2.39284396, -2.39331841, -2.39356112, -2.39299464, -2.39303255, -2.39324474
1538.3, -2.39071107, -2.39196157, -2.39221144, -2.39221072, -2.39171457, -2.39178228, -2.39161563, -2.39169884, -2.39166164, -2.39148808
1538.3999999999999, -2.39432335, -2.39337063, -2.39322853, -2.39449549, -2.39506721, -2.39463091, -2.39494133, -2.39527965, -2.39574742, -2.3961103
1538.5, -2.3985374, -2.39824343, -2.39864326, -2.39834094, -2.398175, -2.39859033, -2.39838791, -2.39872646, -2.39880085, -2.39927649
1538.6, -2.40588665, -2.4064467, -2.40631676, -2.40626454, -2.40620422, -2.40633273, -2.40646815, -2.40620422, -2.40612102, -2.40609121
1538.7, -2.40480638, -2.40455008, -2.40460062, -2.40438342, -2.40445018, -2.4045105, -2.40449643, -2.40438366, -2.40497208, -2.40479136
1538.8, -2.39690828, -2.39703035, -2.3967886, -2.39673543, -2.39707518, -2.3967886, -2.39733148, -2.39754152, -2.3971951, -2.39717221
1538.8999999999999, -2.39090061, -2.39053893, -2.39003491, -2.39084744, -2.390975, -2.39051604, -2.39045644, -2.39086938, -2.39044762, -2.39071989
1539.0, -2.38390088, -2.38459229, -2.38433719, -2.38283992, -2.38300633, -2.38263035, -2.3831265, -2.38442683, -2.384269, -2.38399839
1539.1, -2.3824811, -2.38240457, -2.38259983, -2.38242793, -2.38241339, -2.3828702, -2.38078904, -2.381006, -2.38128567, -2.38217878
1539.2, -2.38421726, -2.38433766, -2.38400626, -2.38428497, -2.3842237, -2.38387847, -2.3839612, -2.38405752, -2.38385534, -2.38423967
1539.3, -2.39068079, -2.39075804, -2.39090848, -2.39160895, -2.38969636, -2.38917017, -2.38996768, -2.38980913, -2.3896811, -2.39104223
1539.3999999999999, -3.02605557, -3.07088494, -3.07642102, -3.07782364, -3.07906032, -3.08026814, -3.08638239, -3.15068078, -3.29430747, -3.38609791
1539.5, -3.0774262, -3.07481551, -3.07338715, -3.07262897, -3.07244444, -3.07343221, -3.07470059, -3.07400322, -3.06993675, -3.07050776
1539.6, -2.75401521, -2.81074023, -2.81833863, -2.85229111, -2.91448188, -2.75912118, -2.67655563, -2.62258124, -2.58275247, -2.54964495
1539.7, -3.14000487, -3.1353085, -3.12239766, -3.09747314, -3.07314134, -3.04009724, -3.01938844, -3.00167441, -2.99209595, -2.99202704
1539.8, -3.14477825, -3.11303854, -3.11556673, -3.110425, -3.09442616, -3.07957053, -3.06554103, -3.0503788, -3.02917671, -3.02058125
1539.8999999999999, -3.03163004, -3.03116632, -3.02984047, -3.02570605, -3.01664805, -3.00681019, -2.99639678, -3.00001812, -3.01667285, -3.04148936
1540.0, -3.01906943, -3.01508164, -3.02342129, -3.01268315, -2.98670149, -2.96713185, -2.95644593, -2.96818852, -2.97530246, -2.97251034
1540.1, -2.36790466, -2.36830902, -2.3689754, -2.36957526, -2.36902738, -2.3695755, -2.36984515, -2.36979198, -2.36953807, -2.36940932
1540.2, -2.3744061, -2.374511, -2.37414312, -2.37442064, -2.37384224, -2.3739481, -2.37404633, -2.37369299, -2.37402177, -2.3733778
1540.3, -2.38385487, -2.3830812, -2.38275123, -2.38277221, -2.38318706, -2.38306522, -2.38273668, -2.38302064, -2.38277221, -2.38214135
1540.4, -2.37920356, -2.37890983, -2.37876034, -2.37908292, -2.37938404, -2.37876725, -2.37903833, -2.37889457, -2.37929964, -2.37925553
1540.5, -2.37634158, -2.37599611, -2.37608743, -2.37624502, -2.37665677, -2.376266, -2.37626004, -2.37553167, -2.37495375, -2.37559891
1540.6, -2.36053014, -2.36070204, -2.36004329, -2.35954285, -2.35987139, -2.36052179, -2.36055231, -2.3603878, -2.36059713, -2.36103868
1540.7, -2.33621383, -2.33662295, -2.33657002, -2.33722472, -2.33722472, -2.33911467, -2.34078145, -2.34302473, -2.34306288, -2.3431735
1540.8, -2.33316374, -2.33299971, -2.3332386, -2.33304524, -2.33140302, -2.33054948, -2.33099484, -2.33107615, -2.33177352, -2.33230042
1540.9, -2.33349824, -2.33307433, -2.33263612, -2.33243537, -2.33356428, -2.33414555, -2.33386898, -2.33337998, -2.33409905, -2.33386898
1541.0, -2.33424115, -2.3344872, -2.3347702, -2.33468151, -2.33496332, -2.33500004, -2.33471751, -2.33398843, -2.33327579, -2.33448768
1541.1, -2.3419292, -2.34181857, -2.34155035, -2.34165359, -2.34218311, -2.34201241, -2.34206438, -2.34239173, -2.34181786, -2.34201837
1541.2, -2.34444976, -2.34412837, -2.34394217, -2.34448481, -2.34416509, -2.34403849, -2.34451652, -2.34397125, -2.34468746, -2.3449316
1541.3, -2.33889127, -2.33914471, -2.33954525, -2.33928537, -2.33955312, -2.33936763, -2.33956909, -2.33986592, -2.33982134, -2.34035826
1541.4, -2.32936072, -2.32931662, -2.32942033, -2.32936025, -2.32898784, -2.32768154, -2.32871413, -2.32950091, -2.32999134, -2.32930017
1541.5, -2.32027984, -2.31976676, -2.31989336, -2.31980586, -2.32016039, -2.32062101, -2.32043481, -2.32014632, -2.32049513, -2.32051587
1541.6, -2.31194019, -2.31205964, -2.3123188, -2.31205297, -2.31179309, -2.31191921, -2.31159329, -2.31213236, -2.31237769, -2.31264973
1541.7, -2.31095624, -2.31131315, -2.31143761, -2.31161475, -2.31159973, -2.31128287, -2.31024075, -2.30991483, -2.30958056, -2.30990672
1541.8, -2.31354022, -2.31322885, -2.31411695, -2.3137908, -2.31368756, -2.31296277, -2.31339908, -2.31376934, -2.31337667, -2.31436849
1541.9, -2.3160038, -2.31553817, -2.31634521, -2.31646395, -2.31591511, -2.31492424, -2.31510949, -2.31632996, -2.31626368, -2.31607199
1542.0, -2.31373096, -2.31340504, -2.31357598, -2.31337667, -2.31370211, -2.31374693, -2.31328154, -2.31355524, -2.31354618, -2.31378436
1542.1, -2.30968523, -2.30916834, -2.30940461, -2.30923462, -2.30871677, -2.30856228, -2.30932975, -2.30911636, -2.30947781, -2.30990624
1542.2, -2.30356073, -2.30299926, -2.30251265, -2.30259418, -2.30254865, -2.30278587, -2.30262351, -2.3027699, -2.30283093, -2.30271792
1542.3, -2.29359007, -2.29381132, -2.29393554, -2.29353142, -2.29418683, -2.29433441, -2.29371524, -2.29409766, -2.29402471, -2.29368448
1542.4, -2.29038644, -2.29113841, -2.29248476, -2.2926333, -2.2929492, -2.29204321, -2.29200721, -2.29230213, -2.29225755, -2.29235363
1542.5, -2.29488564, -2.29501939, -2.29497457, -2.29533648, -2.29490852, -2.29479909, -2.29489374, -2.29442215, -2.29491615, -2.29526138
1542.6, -2.29905295, -2.29944396, -2.29934716, -2.29936934, -2.2996273, -2.30017376, -2.30046058, -2.29947376, -2.2990737, -2.29941392
1542.7, -2.30626369, -2.3058064, -2.3058064, -2.30665541, -2.30654502, -2.30673766, -2.3064723, -2.30687761, -2.30659652, -2.30777121
1542.8, -2.30933738, -2.30903459, -2.30913067, -2.30908656, -2.30921268, -2.30901861, -2.30877662, -2.30930829, -2.30919719, -2.30921268
1542.9, -2.30236602, -2.30207825, -2.30187035, -2.30174541, -2.30187082, -2.30212951, -2.3009119, -2.30209899, -2.30192232, -2.30183315
1543.0, -2.29130745, -2.29098272, -2.29149127, -2.29123259, -2.29105735, -2.2898345, -2.28980565, -2.29071045, -2.2909615, -2.29058528
1543.1, -2.27836251, -2.27861166, -2.27824473, -2.27814937, -2.27817893, -2.2787497, -2.27860403, -2.27792263, -2.27808404, -2.27787042
1543.2, -2.27265453, -2.27255225, -2.2727294, -2.27284575, -2.27259707, -2.27215672, -2.27228189, -2.27224469, -2.27272892, -2.2720263
1543.3, -2.27715778, -2.27732086, -2.27704144, -2.27789354, -2.27782011, -2.27733612, -2.27758384, -2.27711463, -2.2774229, -2.27753258
1543.4, -2.28547263, -2.2854445, -2.28461313, -2.28465629, -2.28511977, -2.28494287, -2.28473759, -2.28468633, -2.28504562, -2.28505421
1543.5, -2.29492354, -2.29496837, -2.29476905, -2.29501939, -2.29483509, -2.29526997, -2.29560828, -2.2953651, -2.29524803, -2.2953732
1543.6, -2.30161929, -2.30131769, -2.30223131, -2.30196667, -2.30192113, -2.30176044, -2.30156088, -2.30112481, -2.30051351, -2.30123687
1543.7, -2.30259323, -2.30298424, -2.30316114, -2.30348682, -2.30362773, -2.3038404, -2.30409265, -2.30377531, -2.30431366, -2.30401158
1543.8, -2.29412723, -2.29411983, -2.29425335, -2.29442954, -2.29446602, -2.29400158, -2.29445219, -2.29458523, -2.29453278, -2.29466605
1543.9, -2.28142357, -2.28157091, -2.28156233, -2.28102684, -2.28099775, -2.28092504, -2.28124046, -2.28104162, -2.28212833, -2.2814157
1544.0, -2.26560163, -2.26554203, -2.2657845, -2.26577663, -2.26659632, -2.26593852, -2.26538992, -2.26547813, -2.26594424, -2.26601791
1544.1, -2.2551415, -2.25547743, -2.25474834, -2.25487876, -2.25495839, -2.25511265, -2.25539684, -2.25558853, -2.25524306, -2.25530124
1544.2, -2.2602632, -2.26039505, -2.2604239, -2.25910115, -2.26033425, -2.26058388, -2.26002026, -2.26021028, -2.26029897, -2.26043701
1544.3, -2.27146888, -2.27106619, -2.27155614, -2.27205443, -2.27240634, -2.27221608, -2.27160621, -2.27103424, -2.27123427, -2.27096176
1544.4, -2.27981567, -2.27995586, -2.27985191, -2.27990961, -2.27952981, -2.28027844, -2.28013921, -2.28014588, -2.28043151, -2.28060842
1544.5, -2.28159952, -2.28210664, -2.2817688, -2.28214288, -2.28243661, -2.28227592, -2.28226686, -2.28237844, -2.28274536, -2.28209853
1544.6, -2.27722526, -2.2782011, -2.27908206, -2.27851677, -2.27863288, -2.2785244, -2.27834082, -2.27853847, -2.27863479, -2.27792096
1544.7, -2.26962924, -2.26973033, -2.26935863, -2.27011991, -2.27009797, -2.26956248, -2.26940846, -2.26901984, -2.26973033, -2.26962161
1544.8, -2.25695276, -2.25731111, -2.25721622, -2.25725269, -2.25717211, -2.25741315, -2.25703335, -2.25711513, -2.25709295, -2.25709248
1544.9, -2.2461338, -2.24593902, -2.24595261, -2.24548626, -2.24651361, -2.24641061, -2.24627948, -2.24638987, -2.24608278, -2.24642587
1545.0, -2.24500465, -2.24537659, -2.24534678, -2.24547052, -2.24568987, -2.24501276, -2.24506402, -2.24433541, -2.24499702, -2.24480844
1545.1, -2.24667358, -2.24687076, -2.24698782, -2.24668789, -2.24695039, -2.2468698, -2.24716878, -2.24661541, -2.24663019, -2.24716163
1545.2, -2.24859929, -2.24846673, -2.24911594, -2.24956751, -2.24932098, -2.24892712, -2.24922585, -2.24902081, -2.24906421, -2.24859834
1545.3, -2.24975753, -2.24940014, -2.24976468, -2.24988103, -2.24999022, -2.25021005, -2.24999046, -2.25042081, -2.25106907, -2.25066781
1545.4, -2.24711871, -2.24737334, -2.24750471, -2.24658585, -2.24628043, -2.2476294, -2.24677491, -2.24622917, -2.24694419, -2.24691343
1545.5, -2.23697209, -2.23684812, -2.23666525, -2.23686242, -2.23665929, -2.23679733, -2.23694229, -2.23720431, -2.23708034, -2.23662925
1545.6, -2.22872782, -2.22835779, -2.22786379, -2.22844434, -2.22909689, -2.22872066, -2.22810483, -2.22782826, -2.22862649, -2.22856855
1545.7, -2.22078252, -2.22009444, -2.21977496, -2.22050714, -2.22107792, -2.22111535, -2.22117281, -2.22094131, -2.2208035, -2.2216084
1545.8, -2.22065926, -2.22036982, -2.22044992, -2.22047806, -2.22072434, -2.22094083, -2.22128153, -2.22095656, -2.22083974, -2.22137547
1545.9, -2.22726178, -2.22639084, -2.22735, -2.22795916, -2.22796607, -2.22771931, -2.22792888, -2.22848868, -2.22876287, -2.22855377
1546.0, -2.23089743, -2.23094797, -2.23109293, -2.23146391, -2.231354, -2.23147082, -2.23146391, -2.23194408, -2.2317965, -2.23168111
1546.1, -2.22823405, -2.22871208, -2.22858286, -2.22866917, -2.22859716, -2.22800851, -2.22753835, -2.22782111, -2.22832823, -2.22856092
1546.2, -2.22287512, -2.22270966, -2.22246385, -2.22212219, -2.22117448, -2.22064376, -2.22016621, -2.22025299, -2.22029686, -2.22209287
1546.3, -2.21142673, -2.21135426, -2.21159911, -2.21129632, -2.21057963, -2.21060133, -2.21069598, -2.21107173, -2.21060228, -2.21115017
1546.4, -2.1991694, -2.19931316, -2.19973135, -2.19946551, -2.19958711, -2.19884419, -2.19842792, -2.19948435, -2.19955945, -2.19895244
1546.5, -2.19090366, -2.19117689, -2.19101834, -2.19080234, -2.19093156, -2.19108224, -2.19092441, -2.19106936, -2.19058084, -2.18947291
1546.6, -2.19307685, -2.1928165, -2.19319248, -2.19327044, -2.1930778, -2.19288921, -2.19232082, -2.19229198, -2.19140005, -2.19233465
1546.7, -2.20109344, -2.20086312, -2.20063257, -2.20111561, -2.201087, -2.20099306, -2.20074725, -2.20050931, -2.20110846, -2.20096421
1546.8, -2.21198273, -2.21156383, -2.21163559, -2.21119452, -2.21130204, -2.2117362, -2.21106625, -2.21190333, -2.2118535, -2.21035624
1546.9, -2.21340036, -2.21323442, -2.21334219, -2.21383381, -2.21414471, -2.21415949, -2.21384883, -2.21395636, -2.21472311, -2.21494675
1547.0, -2.2123096, -2.21261883, -2.21240139, -2.21221447, -2.2118237, -2.21156335, -2.21162939, -2.21219277, -2.21204829, -2.21179509
1547.1, -2.20175767, -2.20222616, -2.20247126, -2.20230579, -2.20231175, -2.20249391, -2.2019515, -2.20160651, -2.20208979, -2.20220399
1547.2, -2.17755771, -2.17765045, -2.17735577, -2.17742085, -2.17660284, -2.17655778, -2.17742705, -2.17705441, -2.1770184, -2.17704678
1547.3, -2.16072154, -2.16091418, -2.16035604, -2.16100097, -2.16087794, -2.16163635, -2.16142917, -2.16157198, -2.16127253, -2.16045642
1547.4, -2.15467453, -2.15452552, -2.15510297, -2.15453863, -2.15449023, -2.15472484, -2.15446115, -2.15497518, -2.15505409, -2.15496063
1547.5, -2.17145801, -2.17102122, -2.17155123, -2.17150807, -2.17192316, -2.17207456, -2.17121458, -2.17066956, -2.17089248, -2.17095661
1547.6, -2.18497157, -2.18480682, -2.18486357, -2.18538117, -2.18574095, -2.18602109, -2.18596339, -2.18635941, -2.18600678, -2.18611503
1547.7, -2.18495107, -2.18381572, -2.18411708, -2.18482804, -2.18393636, -2.18394518, -2.18383622, -2.18382239, -2.18446279, -2.1848712
1547.8, -2.18605709, -2.18595695, -2.18599963, -2.18584919, -2.18598509, -2.18615746, -2.18583441, -2.18589091, -2.18560529, -2.18537331
1547.9, -2.1827445, -2.18285155, -2.18245697, -2.18286705, -2.1825285, -2.18233585, -2.18250895, -2.18256497, -2.18243527, -2.18255854
1548.0, -2.17169476, -2.17199445, -2.17185926, -2.17246079, -2.172683, -2.17233205, -2.17235994, -2.17227459, -2.1722312, -2.1728189
1548.1, -2.15690279, -2.15678048, -2.15660954, -2.15675092, -2.15716577, -2.15632391, -2.15600252, -2.15671587, -2.15673018, -2.15659428
1548.2, -2.15628028, -2.15605974, -2.15600944, -2.15595269, -2.15585208, -2.15531731, -2.15540314, -2.15560865, -2.15561032, -2.15548086
1548.3, -2.14266348, -2.14277864, -2.14318275, -2.14336205, -2.14349699, -2.14376664, -2.14354539, -2.14399385, -2.14415145, -2.14401507
1548.4, -2.15088224, -2.15100217, -2.15120292, -2.15105271, -2.15118766, -2.15100956, -2.15078139, -2.15121031, -2.15095329, -2.15093112
1548.5, -2.16252923, -2.16278052, -2.16252303, -2.16270137, -2.1626296, -2.16258717, -2.16241479, -2.16249466, -2.16282964, -2.16314483
1548.6, -2.17785788, -2.17770791, -2.1782465, -2.17844057, -2.17834496, -2.17866254, -2.17831731, -2.17844605, -2.17810249, -2.17863297
1548.7, -2.17587066, -2.17574883, -2.17505455, -2.17488122, -2.17518353, -2.17515445, -2.17440987, -2.17385769, -2.17462325, -2.17478132
1548.8, -2.17024732, -2.16954589, -2.16945362, -2.16940999, -2.16971731, -2.16998363, -2.16999793, -2.16996908, -2.17034864, -2.17028403
1548.9, -2.16013622, -2.15941429, -2.15991378, -2.15976453, -2.160357, -2.15994334, -2.15996456, -2.16030049, -2.15992141, -2.15992165
1549.0, -2.15422535, -2.15337634, -2.15357614, -2.15343285, -2.15386748, -2.15380526, -2.154176, -2.15404058, -2.15349102, -2.15331292
1549.1, -2.15427566, -2.15447474, -2.15443206, -2.15451097, -2.15448976, -2.1542685, -2.15420413, -2.15398216, -2.15372562, -2.15366125
1549.2, -2.15834284, -2.15856481, -2.15827942, -2.1585865, -2.15782976, -2.15815043, -2.15771413, -2.15771461, -2.15790796, -2.1589148
1549.3, -2.16150045, -2.16206431, -2.16249442, -2.16264415, -2.16256499, -2.16243649, -2.16253018, -2.16296649, -2.16303682, -2.16258502
1549.4, -2.16422272, -2.16433096, -2.16460395, -2.16433811, -2.16424489, -2.16444588, -2.16480327, -2.16450214, -2.16468143, -2.16440392
1549.5, -2.15819335, -2.15798593, -2.15827107, -2.15845871, -2.15832996, -2.15943623, -2.15927052, -2.15962172, -2.15911412, -2.15882158
1549.6, -2.15202141, -2.15152287, -2.15133071, -2.15175724, -2.15182948, -2.15221405, -2.15187883, -2.15172935, -2.15202904, -2.15136552
1549.7, -2.14020205, -2.13978934, -2.13970637, -2.14011145, -2.13946915, -2.13989568, -2.13969016, -2.13984728, -2.13984728, -2.13996863
1549.8, -2.13670015, -2.13633108, -2.13614535, -2.13660669, -2.13649344, -2.13636518, -2.13587546, -2.13641524, -2.13645053, -2.1366713
1549.9, -2.13522315, -2.13520789, -2.13503766, -2.13518667, -2.13550615, -2.13574028, -2.1356411, -2.13605976, -2.13598251, -2.13591266
1550.0, -2.14304781, -2.14289999, -2.14272881, -2.14268589, -2.14266396, -2.14292717, -2.14303493, -2.14277124, -2.14268541, -2.14281297
1550.1, -2.15303373, -2.15316892, -2.15373993, -2.15354085, -2.15377522, -2.15369105, -2.15426755, -2.1537466, -2.15413189, -2.15390396
1550.2, -2.15582395, -2.15505266, -2.15506053, -2.15542388, -2.15574527, -2.1557591, -2.15578938, -2.1559093, -2.1557889, -2.15545964
1550.3, -2.15105939, -2.15111613, -2.15090966, -2.15023947, -2.15067458, -2.15007687, -2.15026212, -2.15051818, -2.15041161, -2.15011907
1550.4, -2.13698339, -2.1370194, -2.13717484, -2.1368556, -2.13710451, -2.13710451, -2.13688469, -2.13676333, -2.13662124, -2.13669944
1550.5, -2.12278223, -2.12270427, -2.12215328, -2.12242126, -2.12256432, -2.12262726, -2.12207508, -2.12229466, -2.12227368, -2.12225938
1550.6, -2.11028028, -2.10996318, -2.11023021, -2.11048508, -2.11015964, -2.11035895, -2.11094499, -2.11075425, -2.11062646, -2.11144567
1550.7, -2.10589767, -2.10593963, -2.10534096, -2.10571337, -2.10584927, -2.10585618, -2.10591125, -2.10583282, -2.10560131, -2.10618019
1550.8, -2.11040044, -2.11023712, -2.11054087, -2.10982919, -2.1098423, -2.10963798, -2.11019373, -2.11062598, -2.11072373, -2.11055613
1550.9, -2.1248579, -2.12498569, -2.12389445, -2.12434077, -2.12463236, -2.12461829, -2.12459612, -2.1242485, -2.12451816, -2.12426257
1551.0, -2.13370228, -2.13427043, -2.13326812, -2.13389373, -2.13351202, -2.13356018, -2.13316369, -2.13304996, -2.13287115, -2.13292861
1551.1, -2.13471889, -2.13496685, -2.13520122, -2.13544965, -2.13496017, -2.13524294, -2.13534999, -2.13515902, -2.13534379, -2.13556361
1551.2, -2.12808347, -2.12780046, -2.12713337, -2.12701941, -2.12736845, -2.12648225, -2.12687874, -2.12733173, -2.12764359, -2.12723351
1551.3, -2.11432934, -2.11407423, -2.11453986, -2.1144495, -2.11459637, -2.11387634, -2.11461186, -2.11372018, -2.11432934, -2.11441326
1551.4, -2.0993278, -2.09926486, -2.09987688, -2.09987712, -2.10026431, -2.09967971, -2.09948397, -2.09967303, -2.09945488, -2.09971571
1551.5, -2.08557153, -2.08512807, -2.08553028, -2.0853672, -2.08502245, -2.08432221, -2.08475685, -2.08487558, -2.08479142, -2.08487821
1551.6, -2.07970524, -2.07983947, -2.07946825, -2.07996607, -2.07959986, -2.07904696, -2.07915187, -2.07943916, -2.0790596, -2.07983303
1551.7, -2.08467269, -2.08554339, -2.08535337, -2.08596587, -2.08519959, -2.08521366, -2.0848341, -2.08541822, -2.08547354, -2.08472872
1551.8, -2.09658837, -2.09663796, -2.09622884, -2.09641314, -2.09638405, -2.09643388, -2.09636998, -2.09634256, -2.09648228, -2.09629965
1551.9, -2.10211754, -2.10183644, -2.10189176, -2.10205388, -2.10170984, -2.10127831, -2.10135007, -2.10182786, -2.10230684, -2.10171556
1552.0, -2.09908843, -2.09860945, -2.09911013, -2.09847498, -2.09874249, -2.09864545, -2.09856725, -2.0981369, -2.09851146, -2.09876394
1552.1, -2.09013033, -2.09044576, -2.09092402, -2.09076166, -2.09119248, -2.09112215, -2.09064293, -2.09056568, -2.09055948, -2.09043121
1552.2, -2.08124995, -2.08169794, -2.08208251, -2.0817318, -2.08166885, -2.08187175, -2.08169699, -2.08169746, -2.081949, -2.0820694
1552.3, -2.07410598, -2.07383943, -2.07355905, -2.07381868, -2.07393026, -2.07352495, -2.07287288, -2.07319641, -2.07333541, -2.07387495
1552.4, -2.0694654, -2.06971073, -2.06915069, -2.06848502, -2.06907296, -2.06864715, -2.06955528, -2.06949353, -2.06935334, -2.06932497
1552.5, -2.06863952, -2.06854129, -2.06822014, -2.06852579, -2.06904531, -2.06882143, -2.06818509, -2.06802487, -2.06833982, -2.06857681
1552.6, -2.07831764, -2.07774854, -2.07778525, -2.07777715, -2.07806516, -2.07837272, -2.07840037, -2.07779837, -2.07805824, -2.0784359
1552.7, -2.0842948, -2.08415222, -2.08388019, -2.08354306, -2.08404803, -2.08347249, -2.08332467, -2.08363342, -2.08394313, -2.08417988
1552.8, -2.08275628, -2.08289671, -2.08287549, -2.08291721, -2.08283305, -2.0823772, -2.08222938, -2.08281207, -2.08260155, -2.08317733
1552.9, -2.06833816, -2.06931019, -2.06949997, -2.06921339, -2.06887746, -2.06909442, -2.06897473, -2.06787801, -2.06951451, -2.06987858
1553.0, -2.0708425, -2.07091212, -2.07057858, -2.07021379, -2.06994128, -2.07049227, -2.07052112, -2.07021976, -2.07027674, -2.07066154
1553.1, -2.0676744, -2.0680089, -2.06831837, -2.06816268, -2.06838179, -2.06800413, -2.06776476, -2.06825399, -2.06851411, -2.06845021
1553.2, -2.06633949, -2.0661304, -2.06496215, -2.06531167, -2.06557035, -2.0653832, -2.06526327, -2.06558418, -2.06578016, -2.0662334
1553.3, -2.07286, -2.07325268, -2.07309055, -2.07333612, -2.07344127, -2.07361627, -2.07348251, -2.07322264, -2.07299185, -2.07367969
1553.4, -2.08172512, -2.08194232, -2.08143139, -2.08157039, -2.08202767, -2.0817039, -2.08171797, -2.0818162, -2.08210993, -2.08159876
1553.5, -2.0876143, -2.08795977, -2.08727741, -2.08805656, -2.08832455, -2.08812809, -2.08786821, -2.08799362, -2.08840203, -2.08850718
1553.6, -2.0881834, -2.08791685, -2.08780527, -2.08787465, -2.0876646, -2.08840752, -2.08855748, -2.08797193, -2.08755136, -2.08816957
1553.7, -2.07957172, -2.07885122, -2.07891393, -2.07916045, -2.07983208, -2.07964349, -2.07906103, -2.07896209, -2.07861876, -2.07894182
1553.8, -2.06327081, -2.06294966, -2.06324339, -2.06315899, -2.06348872, -2.06304145, -2.06288695, -2.06339073, -2.06270528, -2.06321502
1553.9, -2.05605435, -2.05588555, -2.05546832, -2.05543256, -2.0556705, -2.05541873, -2.05551052, -2.05558753, -2.05601978, -2.05564237
1554.0, -2.0539484, -2.05411029, -2.05448604, -2.05408764, -2.05436063, -2.05440164, -2.05404663, -2.05422139, -2.05429006, -2.05431795
1554.1, -2.05823016, -2.05829358, -2.05806994, -2.05800891, -2.05786085, -2.058007, -2.05785394, -2.0578742, -2.05777144, -2.05779099
1554.2, -2.06984282, -2.06980729, -2.06982851, -2.07030416, -2.07003903, -2.0693326, -2.07005906, -2.07019901, -2.07059765, -2.07056308
1554.3, -2.0844965, -2.08458066, -2.08489728, -2.08455324, -2.08489728, -2.08519268, -2.08477068, -2.08493257, -2.0851438, -2.08540225
1554.4, -2.09001756, -2.08981299, -2.08975792, -2.08942699, -2.08963132, -2.08986998, -2.08977127, -2.08958197, -2.090101, -2.09026909
1554.5, -2.08643508, -2.08682132, -2.08673, -2.08698964, -2.086905, -2.08670926, -2.08664632, -2.08654666, -2.08699751, -2.08693361
1554.6, -2.07220817, -2.07229161, -2.07216573, -2.07295084, -2.07265711, -2.07286596, -2.0725019, -2.07299972, -2.07299876, -2.07260609
1554.7, -2.05443001, -2.05459094, -2.05490398, -2.0547514, -2.05436707, -2.05486846, -2.05454898, -2.05468106, -2.05444336, -2.05479908
1554.8, -2.04148316, -2.04104543, -2.04109478, -2.0412941, -2.04130983, -2.0411768, -2.04175496, -2.0413723, -2.04200411, -2.04167032
1554.9, -2.03784299, -2.03805113, -2.03846741, -2.03868365, -2.03824639, -2.03794718, -2.03859997, -2.038239, -2.03868413, -2.0384407
1555.0, -2.04548264, -2.04508615, -2.04514003, -2.04585743, -2.04575348, -2.04526591, -2.04571891, -2.04559255, -2.04509187, -2.04555058
1555.1, -2.05661941, -2.05671072, -2.05707932, -2.05640221, -2.05667448, -2.05613875, -2.05595088, -2.05616593, -2.05698919, -2.05682802
1555.2, -2.05946732, -2.05981541, -2.06353092, -2.06936717, -2.06881404, -2.0684433, -2.06821942, -2.06849289, -2.06877327, -2.06891203
1555.3, -2.06172729, -2.06170702, -2.06121182, -2.06206965, -2.0617218, -2.06090283, -2.06040931, -2.05965495, -2.05904031, -2.0584681
1555.4, -2.05245876, -2.05262446, -2.05293155, -2.05365586, -2.05344796, -2.05344748, -2.05329418, -2.05313349, -2.05316162, -2.05355859
1555.5, -2.033324, -2.03328276, -2.03429556, -2.0347321, -2.03501678, -2.03540659, -2.03551769, -2.03539109, -2.03544736, -2.03504515
1555.6, -2.02161574, -2.02142072, -2.02178121, -2.0218308, -2.02143526, -2.02093124, -2.0205636, -2.02112532, -2.02106857, -2.02550626
1555.7, -2.0096209, -2.0090909, -2.00918794, -2.00955224, -2.00948477, -2.00967717, -2.00926232, -2.0094707, -2.00944948, -2.00982237
1555.8, -2.00969958, -2.00983572, -2.01007867, -2.01041484, -2.01047778, -2.01049876, -2.01029754, -2.01005006, -2.01037383, -2.00996828
1555.9, -2.01673388, -2.01695633, -2.01662445, -2.01657677, -2.01681685, -2.01706052, -2.01678348, -2.0167625, -2.01637554, -2.01651359
1556.0, -2.0270021, -2.02740359, -2.0272162, -2.02686334, -2.02638578, -2.02602458, -2.02500057, -2.02467489, -2.02540922, -2.02668309
1556.1, -2.03274822, -2.03288794, -2.03249192, -2.03262353, -2.03268695, -2.033324, -2.03304672, -2.03369141, -2.03330421, -2.03339291
1556.2, -2.02996063, -2.03025174, -2.02972507, -2.02980113, -2.02991891, -2.03023815, -2.03020263, -2.03039622, -2.03036308, -2.0298779
1556.3, -2.02293777, -2.02288222, -2.02316689, -2.02292418, -2.02306318, -2.02316546, -2.02366376, -2.02369952, -2.02372646, -2.02352548
1556.4, -2.01410198, -2.01430893, -2.01402521, -2.01399064, -2.01431012, -2.01478529, -2.01447463, -2.01471615, -2.01457787, -2.01509643
1556.5, -2.01067781, -2.00719357, -2.00682759, -2.00741577, -2.01165223, -2.01191473, -2.01169944, -2.01006341, -2.00724936, -2.00630426
1556.6, -2.01064324, -2.01062322, -2.01072598, -2.01091957, -2.01089191, -2.01087141, -2.01111293, -2.0107882, -2.0110786, -2.01164341
1556.7, -2.0154283, -2.01553869, -2.0151372, -2.01483488, -2.01524162, -2.01544237, -2.01553226, -2.0157733, -2.01491714, -2.0152204
1556.8, -2.02190614, -2.02160931, -2.02199626, -2.0220933, -2.02171326, -2.02240539, -2.02216983, -2.02228808, -2.02199507, -2.0220232
1556.9, -2.02508378, -2.0254643, -2.02536678, -2.02513909, -2.02495217, -2.02477193, -2.02476525, -2.02485538, -2.02460027, -2.02518797
1557.0, -2.01985979, -2.02011442, -2.01985884, -2.01957607, -2.020087, -2.02018404, -2.02003813, -2.01992726, -2.02005982, -2.01976323
1557.1, -2.01292086, -2.01261854, -2.01247191, -2.01263785, -2.01257634, -2.01241088, -2.01233363, -2.01252055, -2.0125556, -2.01203728
1557.2, -2.00591063, -2.00639367, -2.00560093, -2.00588369, -2.00564337, -2.00580788, -2.00573945, -2.00595808, -2.00599408, -2.0058012
1557.3, -2.00097084, -2.00126648, -2.00162601, -2.00130749, -2.0012393, -2.00172019, -2.00137782, -2.00177097, -2.00354791, -2.00245142
1557.4, -2.00646281, -2.00629783, -2.00630426, -2.00608349, -2.0062561, -2.00628257, -2.00652456, -2.00608993, -2.00644994, -2.00671625
1557.5, -2.01629949, -2.01665878, -2.01596737, -2.01631331, -2.01637602, -2.01639581, -2.01591873, -2.01583624, -2.01618123, -2.01613832
1557.6, -2.02518821, -2.0252986, -2.02577543, -2.02569318, -2.02570605, -2.02557588, -2.02545834, -2.0255332, -2.02567267, -2.02531934
1557.7, -2.03322673, -2.03324842, -2.03340745, -2.03319192, -2.03335214, -2.0334487, -2.03348351, -2.03338647, -2.03371286, -2.03366399
1557.8, -2.03962803, -2.0391922, -2.03989196, -2.04014158, -2.039747, -2.04018974, -2.03989172, -2.04010749, -2.04044819, -2.03975248
1557.9, -2.03112626, -2.03094578, -2.03092432, -2.03038263, -2.03122306, -2.0311048, -2.03126502, -2.03121543, -2.03152776, -2.0311532
1558.0, -2.01611304, -2.01544833, -2.01593852, -2.01568985, -2.01556683, -2.01561427, -2.0149107, -2.01540089, -2.01556659, -2.01515126
1558.1, -2.00194955, -2.00161791, -2.00164676, -2.00195575, -2.00171614, -2.00179744, -2.00208688, -2.00253463, -2.00256276, -2.00241113
1558.2, -1.99938047, -1.99827266, -1.99809957, -1.99830019, -1.99947023, -1.99906409, -1.9990232, -1.99916136, -1.99923587, -1.99908447
1558.3, -2.00769711, -2.00704908, -2.00709081, -2.00729656, -2.00729752, -2.00735164, -2.00738001, -2.00718617, -2.00700045, -2.0069859
1558.4, -2.02114463, -2.02071595, -2.02066755, -2.02084112, -2.02109599, -2.02129078, -2.02090359, -2.02059984, -2.01661015, -2.0133636
1558.5, -2.0237, -2.02308273, -2.02323556, -2.02328372, -2.0237689, -2.02394128, -2.02368498, -2.02384496, -2.02348518, -2.02380466
1558.6, -2.02988386, -2.02980089, -2.02981448, -2.03012061, -2.03005648, -2.02991247, -2.02975249, -2.03015423, -2.03011274, -2.03023887
1558.7, -2.02892113, -2.02837348, -2.02869892, -2.02857423, -2.02850485, -2.0285387, -2.02894855, -2.02953053, -2.02955079, -2.02896857
1558.8, -2.02053022, -2.02075052, -2.0211165, -2.02052236, -2.02022552, -2.02023888, -2.02016997, -2.02032208, -2.02023959, -2.0199697
1558.9, -2.00564265, -2.00498843, -2.00519419, -2.00529814, -2.00514722, -2.00478864, -2.00493979, -2.00574708, -2.00549102, -2.00536013
1559.0, -1.98981011, -1.98958349, -1.98945999, -1.98974812, -1.98941803, -1.98943162, -1.98968661, -1.98985803, -1.98946679, -1.98935723
1559.1, -1.98501062, -1.98490798, -1.98460662, -1.98480463, -1.98491514, -1.98510051, -1.98462737, -1.98437941, -1.98435903, -1.98473752
1559.2, -1.99167871, -1.9918015, -1.9920758, -1.99229658, -1.99217987, -1.99191952, -1.99170554, -1.99210465, -1.99230421, -1.99233782
1559.3, -2.00050187, -2.00050306, -2.00021338, -2.00003552, -2.00002146, -2.00006962, -2.00017262, -2.00026822, -2.00011086, -1.99997866
1559.4, -2.00594544, -2.00575948, -2.00543571, -2.00599456, -2.0059042, -2.00571799, -2.00648999, -2.01367354, -2.01359057, -2.01383352
1559.5, -2.01938248, -2.0200038, -2.01986575, -2.02018332, -2.02010775, -2.01996875, -2.01956987, -2.01971245, -2.01997614, -2.02014899
1559.6, -2.015414, -2.0152545, -2.01546407, -2.01596737, -2.01531076, -2.01522803, -2.01541448, -2.01523447, -2.01520705, -2.01531792
1559.7, -2.00646281, -2.0063591, -2.0065794, -2.00660801, -2.0063591, -2.00658584, -2.00660729, -2.00686312, -2.006531, -2.00606322
1559.8, -1.9960705, -1.99613929, -1.99601686, -1.99607885, -1.9961201, -1.99616134, -1.99637389, -1.99577022, -1.99589312, -1.9957422
1559.9, -1.98930848, -1.98900509, -1.98835981, -1.9899888, -1.99000919, -1.99000275, -1.99032533, -1.99023664, -1.99035287, -1.9900223
1560.0, -1.98886287, -1.98864186, -1.98867702, -1.98854518, -1.98834574, -1.98913586, -1.98918581, -1.98983133, -1.98890364, -1.9886831
1560.1, -1.99532878, -1.99433839, -1.99472415, -1.99454522, -1.99461329, -1.99440634, -1.9945364, -1.99431157, -1.99402702, -1.9941591
1560.2, -1.99642313, -1.99660206, -1.99660087, -1.99634707, -1.99634027, -1.99607205, -1.995906, -1.99572098, -1.99572098, -1.99660254
1560.3, -1.99494338, -1.99477208, -1.99481094, -1.99466765, -1.9949578, -1.99546683, -1.99427032, -1.99489021, -1.99462688, -1.99504626
1560.4, -1.98486733, -1.98472869, -1.98514879, -1.98538792, -1.98531246, -1.98553205, -1.98519552, -1.9853121, -1.9843663, -1.98431039
1560.5, -1.97795689, -1.9778744, -1.97751248, -1.97762847, -1.97747099, -1.97742236, -1.97792256, -1.97788787, -1.97820926, -1.97788751
1560.6000000000001, -1.97320557, -1.9733361, -1.97360218, -1.97349179, -1.9736284, -1.97363675, -1.97348666, -1.97328711, -1.97341812, -1.97361648
1560.7, -1.9716537, -1.97146058, -1.971789, -1.97178221, -1.97243357, -1.97187853, -1.97216594, -1.97226155, -1.9720155, -1.97172093
1560.8, -1.97587502, -1.97641647, -1.97604787, -1.97603202, -1.97601163, -1.97658026, -1.97624469, -1.97552562, -1.97194505, -1.96798015
1560.9, -1.98184192, -1.98256099, -1.98360503, -1.98320031, -1.98337877, -1.98348045, -1.98329532, -1.98315239, -1.98367965, -1.98413992
1561.0, -1.99175429, -1.99160361, -1.99153399, -1.99152076, -1.99191868, -1.9918431, -1.99069715, -1.9914304, -1.99219346, -1.99238622
1561.1000000000001, -1.99456525, -1.99444318, -1.99428999, -1.99450243, -1.99414706, -1.9940567, -1.99427557, -1.99413788, -1.99457884, -1.99459922
1561.2, -1.9880513, -1.98847723, -1.98855162, -1.9884429, -1.98865473, -1.98892486, -1.98846924, -1.98892963, -1.98903346, -1.9886415
1561.3, -1.97546577, -1.97530723, -1.97581327, -1.97553992, -1.97545028, -1.97561562, -1.97572362, -1.97564232, -1.97549295, -1.97532082
1561.4, -1.96312487, -1.96304142, -1.96303582, -1.96314514, -1.96319163, -1.96335649, -1.96265972, -1.96317255, -1.96301639, -1.96339858
1561.5, -1.95482481, -1.95484507, -1.95498776, -1.95512462, -1.95514524, -1.95518529, -1.9552213, -1.95501637, -1.95479071, -1.95512462
1561.6000000000001, -1.95787263, -1.95830834, -1.95761311, -1.95806384, -1.95806944, -1.95821977, -1.95788419, -1.95819283, -1.95804918, -1.95781791
1561.7, -1.96470904, -1.96340406, -1.96403229, -1.96369851, -1.96306407, -1.96328259, -1.96354198, -1.9630692, -1.96338379, -1.9632349
1561.8, -1.97274041, -1.97262347, -1.97250164, -1.97258997, -1.97257686, -1.97232318, -1.97240603, -1.97258365, -1.97248888, -1.9726994
1561.9, -1.99323058, -1.99310017, -1.9924686, -1.99193382, -1.99172711, -1.99166548, -1.99224865, -1.99245334, -1.99292779, -1.99266779
1562.0, -1.99442005, -1.9946605, -1.99473608, -1.99329531, -1.99531484, -1.99576783, -1.99468887, -1.9945724, -1.99379587, -1.98737812
1562.1000000000001, -1.98114979, -1.98095918, -1.98085499, -1.98065674, -1.9807924, -1.98145783, -1.98149765, -1.98173904, -1.98100543, -1.98830545
1562.2, -1.97643638, -1.97713614, -1.97652602, -1.97249401, -1.97723019, -1.97727168, -1.97632039, -1.96930623, -1.96802104, -1.96759033
1562.3, -1.95911312, -1.95914018, -1.958902, -1.95890117, -1.95906556, -1.95914733, -1.95927668, -1.95898294, -1.95858049, -1.95916712
1562.4, -1.94716048, -1.94713986, -1.9470793, -1.94684613, -1.94686127, -1.94728231, -1.9468739, -1.94680619, -1.94639862, -1.94645917
1562.5, -1.95054901, -1.95023656, -1.9503237, -1.95057523, -1.95047414, -1.95051503, -1.95017469, -1.95032489, -1.95032442, -1.95082283
1562.6000000000001, -1.96221077, -1.96250987, -1.96217585, -1.96273553, -1.96244836, -1.96235895, -1.96191013, -1.96204555, -1.96227801, -1.96184826
1562.7, -1.97502601, -1.97518933, -1.97487581, -1.97471893, -1.97462893, -1.97470415, -1.97461569, -1.97466397, -1.97515702, -1.97521043
1562.8, -1.98361778, -1.98298597, -1.9832809, -1.98390555, -1.9835763, -1.98407006, -1.98417377, -1.98374152, -1.98341262, -1.983055
1562.9, -1.98239779, -1.98217833, -1.98256862, -1.98250794, -1.98285747, -1.9831301, -1.98293293, -1.98272705, -1.98274016, -1.982741
1563.0, -1.97703815, -1.97720313, -1.97729158, -1.97682619, -1.9769026, -1.97745025, -1.97694373, -1.97709513, -1.97695088, -1.97697163
1563.1000000000001, -1.97021735, -1.9701879, -1.96984768, -1.97050345, -1.9701072, -1.97006619, -1.96979082, -1.97029817, -1.97042787, -1.97051024
1563.2, -1.95823967, -1.95780325, -1.95796072, -1.95868254, -1.95789289, -1.95977366, -1.96052313, -1.96024489, -1.96095312, -1.96036756
1563.3, -1.94988322, -1.94960952, -1.94968486, -1.94960403, -1.95083463, -1.95029831, -1.95069838, -1.95077288, -1.95043933, -1.95039225
1563.4, -1.95456469, -1.95483828, -1.95534909, -1.95482481, -1.95472336, -1.9551369, -1.95477092, -1.95433438, -1.95463407, -1.95487201
1563.5, -1.96236658, -1.96239436, -1.96274948, -1.96256435, -1.96303582, -1.96330285, -1.9630692, -1.96249521, -1.96271443, -1.9619844
1563.6000000000001, -1.96903896, -1.96893668, -1.9688679, -1.96855485, -1.96904612, -1.96868443, -1.96884835, -1.9692657, -1.96887577, -1.96892476
1563.7, -1.97064114, -1.97029102, -1.97092092, -1.97100925, -1.97110522, -1.97133124, -1.97046125, -1.97076368, -1.97142684, -1.97163892
1563.8, -1.97079754, -1.97097552, -1.97094762, -1.97128987, -1.97110558, -1.97114694, -1.97114575, -1.97105825, -1.97087991, -1.97102439
1563.9, -1.96537149, -1.96536362, -1.96575391, -1.9657321, -1.9659034, -1.96612883, -1.96566486, -1.96559608, -1.96556866, -1.96591771
1564.0, -1.96102262, -1.95952797, -1.96003997, -1.96008015, -1.9606812, -1.96058583, -1.96063864, -1.96042073, -1.96050286, -1.96028578
1564.1000000000001, -1.95892942, -1.95889485, -1.95909691, -1.95891511, -1.95873129, -1.95895672, -1.95806861, -1.95816588, -1.95860076, -1.9586556
1564.2, -1.96006107, -1.96059978, -1.96056485, -1.9605577, -1.96003246, -1.9588325, -1.95896232, -1.95965731, -1.96032667, -1.9602778
1564.3, -1.96920407, -1.9681989, -1.96855438, -1.96931219, -1.96927917, -1.96896458, -1.96908784, -1.96938062, -1.96878552, -1.96917737
1564.4, -1.97529447, -1.97509408, -1.97525263, -1.97529328, -1.97503316, -1.97518373, -1.9749583, -1.97509456, -1.97520447, -1.97513592
1564.5, -1.97354007, -1.97387648, -1.97379446, -1.97368371, -1.97352803, -1.97341061, -1.97323334, -1.97356153, -1.97256291, -1.97311628
1564.6000000000001, -1.96623814, -1.96582866, -1.96575272, -1.96637487, -1.96649015, -1.96619749, -1.96692109, -1.96634066, -1.96665514, -1.96679783
1564.7, -1.95828009, -1.95821941, -1.95800114, -1.95855391, -1.95828128, -1.95803654, -1.958179, -1.95808327, -1.9582535, -1.95807064
1564.8, -1.94593561, -1.94602418, -1.94602466, -1.94558978, -1.9460448, -1.94587505, -1.94547498, -1.94620109, -1.9458952, -1.94593644
1564.9, -1.94132817, -1.94106305, -1.94153214, -1.94168198, -1.94143176, -1.94120014, -1.94123411, -1.94121325, -1.94120646, -1.94117367
1565.0, -1.94527054, -1.94514859, -1.94525027, -1.94537222, -1.94524324, -1.94481552, -1.94501257, -1.94485545, -1.94505334, -1.94451606
1565.1000000000001, -1.95438039, -1.95426619, -1.95439589, -1.95406163, -1.95422578, -1.95445728, -1.95466149, -1.95492709, -1.95494854, -1.95480418
1565.2, -1.96666229, -1.96664798, -1.96669567, -1.96677089, -1.96630728, -1.9663744, -1.96677041, -1.96675098, -1.96685314, -1.96690845
1565.3, -1.97449863, -1.97386301, -1.9743011, -1.97435558, -1.97412944, -1.97385621, -1.97377372, -1.97362959, -1.97410786, -1.97403419
1565.4, -1.97144747, -1.97156334, -1.9710511, -1.97060573, -1.97071517, -1.97100329, -1.97115421, -1.9708935, -1.97092056, -1.97080433
1565.5, -1.95966411, -1.95969856, -1.9597193, -1.95937157, -1.95956326, -1.96006703, -1.95994556, -1.95989513, -1.95999789, -1.95982838
1565.6000000000001, -1.9460516, -1.94571209, -1.9460516, -1.94664311, -1.94678605, -1.94662929, -1.946262, -1.94656122, -1.94654226, -1.94689453
1565.7, -1.93132234, -1.93113351, -1.9311682, -1.93133581, -1.93106568, -1.9308629, -1.93065155, -1.93154514, -1.93056405, -1.93087006
1565.8, -1.92549169, -1.92487657, -1.92508018, -1.92543852, -1.92546523, -1.92553937, -1.92590594, -1.9258647, -1.92585719, -1.92573619
1565.9, -1.92905974, -1.92843699, -1.92814493, -1.92853785, -1.92854536, -1.92904663, -1.92881608, -1.92865288, -1.92899263, -1.92869508
1566.0, -1.94273567, -1.94240904, -1.94232047, -1.94275534, -1.94300807, -1.94263327, -1.94265378, -1.94222522, -1.94215715, -1.94242132
1566.1000000000001, -1.95446992, -1.95453143, -1.95449698, -1.95492637, -1.95523405, -1.95526695, -1.95517337, -1.95522809, -1.95500886, -1.95494735
1566.2, -1.96139705, -1.96144509, -1.96155393, -1.96157455, -1.96164286, -1.961882, -1.96187401, -1.96144474, -1.96147847, -1.9620111
1566.3, -1.95829439, -1.9583298, -1.95819199, -1.95840359, -1.95290422, -1.95157671, -1.95150936, -1.95177996, -1.952196, -1.9526993
1566.4, -1.94213033, -1.94233394, -1.94261301, -1.94249165, -1.94201374, -1.94296026, -1.94386935, -1.94290531, -1.94363916, -1.94240153
1566.5, -1.93637395, -1.9365027, -1.9362582, -1.93637908, -1.93651688, -1.93668473, -1.93682206, -1.93716168, -1.93667245, -1.93687737
1566.6000000000001, -1.92451155, -1.92433429, -1.92458439, -1.9242816, -1.92457139, -1.92432845, -1.9243083, -1.92430913, -1.92476118, -1.92500448
1566.7, -1.91889834, -1.91866243, -1.9188453, -1.91889286, -1.91906154, -1.91891885, -1.91884565, -1.91893971, -1.91843987, -1.91833806
1566.8, -1.92316473, -1.92246926, -1.92243457, -1.92253649, -1.92245424, -1.92265141, -1.92206943, -1.92254877, -1.92277944, -1.92337453
1566.9, -1.93176997, -1.93211472, -1.93186545, -1.93207443, -1.9321624, -1.93221688, -1.93190646, -1.93194544, -1.93225586, -1.93167412
1567.0, -1.94501889, -1.94472611, -1.94483566, -1.94491005, -1.94476688, -1.94444048, -1.94491005, -1.94433296, -1.94467747, -1.94474709
1567.1000000000001, -1.94795692, -1.94825578, -1.94804442, -1.94816077, -1.94813228, -1.94806576, -1.94835794, -1.94873202, -1.94840419, -1.94828868
1567.2, -1.94515574, -1.94531083, -1.94500458, -1.94503307, -1.94501889, -1.94519532, -1.9449172, -1.94526303, -1.9454335, -1.94546711
1567.3, -1.93973279, -1.94016039, -1.94014728, -1.93986285, -1.94003868, -1.94011176, -1.93970597, -1.93967152, -1.93995762, -1.93978739
1567.4, -1.93512607, -1.93445349, -1.93447447, -1.93446815, -1.93444097, -1.93478703, -1.93445468, -1.93446779, -1.93450248, -1.93438601
1567.5, -1.92854571, -1.9286809, -1.92874908, -1.92896473, -1.9293108, -1.92949331, -1.92903996, -1.92878306, -1.92875457, -1.92885673
1567.6000000000001, -1.93147933, -1.93179011, -1.93169546, -1.93198574, -1.9318701, -1.9319191, -1.93157279, -1.93140364, -1.93191826, -1.93158698
1567.7, -1.9406693, -1.9407109, -1.940045, -1.94043899, -1.94028246, -1.94018054, -1.94009161, -1.94018841, -1.94064963, -1.94039869
1567.8, -1.94685292, -1.94698989, -1.94692814, -1.94709873, -1.94707811, -1.94690239, -1.94664943, -1.94658971, -1.94677854, -1.94678569
1567.9, -1.9496032, -1.94970465, -1.94956279, -1.94940007, -1.9494468, -1.94921553, -1.94959652, -1.94952202, -1.94931734, -1.94969201
1568.0, -1.94829619, -1.94840539, -1.94877172, -1.94874549, -1.94854236, -1.94884062, -1.94843912, -1.9487052, -1.94862318, -1.9486568
1568.1000000000001, -1.94111085, -1.94083893, -1.94138277, -1.94094086, -1.94059503, -1.9406693, -1.94120014, -1.94096851, -1.94075751, -1.9407773
1568.2, -1.93587101, -1.93607748, -1.93646908, -1.93610978, -1.93630648, -1.93579078, -1.93613708, -1.93614256, -1.93606794, -1.93637466
1568.3, -1.93722165, -1.93734455, -1.93722916, -1.93715298, -1.93725562, -1.93684888, -1.93709254, -1.93730426, -1.9374733, -1.93783939
1568.4, -1.94192708, -1.94171011, -1.94164133, -1.94181836, -1.94170928, -1.94150651, -1.94168198, -1.94138944, -1.94206226, -1.941486
1568.5, -1.9518013, -1.95224321, -1.95186913, -1.9523803, -1.95255113, -1.95228362, -1.95207393, -1.95226538, -1.95239413, -1.95268619
1568.6000000000001, -1.96658719, -1.96610844, -1.96615028, -1.96592438, -1.96586955, -1.96583545, -1.96570539, -1.96559095, -1.96567047, -1.96559656
1568.7, -1.97220027, -1.97248888, -1.9725287, -1.97276831, -1.97290444, -1.97215199, -1.97214568, -1.97198844, -1.97192717, -1.97196054
