wavelength_nm ,power_reading_0_dbm ,power_reading_1_dbm ,power_reading_2_dbm ,power_reading_3_dbm ,power_reading_4_dbm ,power_reading_5_dbm ,power_reading_6_dbm ,power_reading_7_dbm ,power_reading_8_dbm ,power_reading_9_dbm 
1550.5, -21.2798233, -21.2804737, -21.2800541, -21.2811012, -21.2830353, -21.2838707, -21.2847443, -21.2845039, -21.2838993, -21.2838993
1550.51, -21.2699738, -21.2697468, -21.2690792, -21.268816, -21.2689095, -21.2695236, -21.2705536, -21.2703018, -21.2721977, -21.2710571
1550.52, -21.2323933, -21.2333736, -21.2340717, -21.2342625, -21.2336655, -21.2335358, -21.2337284, -21.2331867, -21.2327595, -21.2329617
1550.53, -21.1905727, -21.1896496, -21.1902466, -21.1889992, -21.188839, -21.1883106, -21.1884956, -21.1889362, -21.1898899, -21.1899757
1550.54, -21.1374111, -21.1375523, -21.1380177, -21.1376991, -21.1366615, -21.1371841, -21.1368141, -21.137722, -21.137785, -21.137495
1550.55, -21.0802116, -21.0795937, -21.0798588, -21.0800381, -21.0806026, -21.0801601, -21.0800209, -21.0800152, -21.0798244, -21.0796623
1550.56, -21.0313454, -21.031683, -21.031765, -21.0316372, -21.0320358, -21.0312614, -21.0308743, -21.0304356, -21.029789, -21.0300598
1550.57, -20.9976997, -20.997715, -20.9976711, -20.9974842, -20.997858, -20.9971943, -20.998085, -20.9992332, -20.9990559, -20.9984455
1550.58, -20.9820328, -20.981945, -20.9815674, -20.981535, -20.9806519, -20.9804783, -20.9795589, -20.9805431, -20.9805393, -20.9804783
1550.59, -20.97892, -20.979269, -20.9795094, -20.9793129, -20.9791374, -20.9786015, -20.9789963, -20.9791965, -20.9799595, -20.9795055
1550.6, -20.9933224, -20.9929848, -20.9939384, -20.9932518, -20.9939499, -20.993763, -20.9926815, -20.9928246, -20.9937992, -20.9934444
1550.61, -21.0211697, -21.0211658, -21.0203018, -21.0207443, -21.020689, -21.0204182, -21.0205021, -21.0210209, -21.0218887, -21.0223293
1550.62, -21.0605698, -21.0620747, -21.063715, -21.06497, -21.0652599, -21.0644112, -21.0648422, -21.0664368, -21.0690517, -21.0699329
1550.6299999999999, -21.1271534, -21.1276226, -21.130024, -21.131609, -21.1290321, -21.1266499, -21.1271648, -21.1270561, -21.1268253, -21.1287727
1550.6399999999999, -21.1826153, -21.1835899, -21.1856556, -21.1875706, -21.1877842, -21.1882591, -21.1865158, -21.1853848, -21.1858368, -21.1875019
1550.6499999999999, -21.2413807, -21.2414436, -21.242012, -21.2421532, -21.2418976, -21.241909, -21.2404556, -21.2402573, -21.2395096, -21.2398071
1550.6599999999999, -21.2987633, -21.2987289, -21.2990417, -21.2998543, -21.2991238, -21.2999477, -21.2999287, -21.2994518, -21.2992001, -21.3001842
1550.6699999999998, -21.3411636, -21.3411388, -21.3418465, -21.3413429, -21.3410263, -21.3412495, -21.341135, -21.339529, -21.3393021, -21.3396664
1550.6799999999998, -21.3612175, -21.361002, -21.3616104, -21.361599, -21.3618622, -21.3619461, -21.3617344, -21.3616409, -21.3616047, -21.3614197
1550.6899999999998, -21.3576584, -21.3579502, -21.3577595, -21.3582382, -21.3574963, -21.3576107, -21.3573475, -21.356535, -21.3569603, -21.3572464
1550.6999999999998, -21.3329182, -21.3313942, -21.3319168, -21.3314114, -21.3320408, -21.3313236, -21.3310814, -21.3307819, -21.3319798, -21.3314362
1550.7099999999998, -21.2924271, -21.2927914, -21.2933216, -21.290247, -21.2904472, -21.2929497, -21.310297, -21.300436, -21.2869568, -21.2874317
1550.7199999999998, -21.2524681, -21.2521553, -21.2513905, -21.2515888, -21.2510529, -21.2424164, -21.2370586, -21.2352295, -21.2401657, -21.2466774
1550.7299999999998, -21.2181072, -21.2172852, -21.2174377, -21.2174263, -21.2174835, -21.2175941, -21.2181644, -21.2177563, -21.2177429, -21.2175007
1550.7399999999998, -21.2428627, -21.2432747, -21.2429085, -21.2428799, -21.2435474, -21.2437744, -21.2442398, -21.2446232, -21.2441521, -21.2445889
1550.7499999999998, -21.3488998, -21.3498821, -21.3500195, -21.3493347, -21.349102, -21.3488636, -21.3490734, -21.3496628, -21.3502522, -21.3502216
1550.7599999999998, -21.5425396, -21.5428181, -21.5445004, -21.5458889, -21.5460281, -21.5463638, -21.5463886, -21.5467319, -21.5474854, -21.5485954
1550.7699999999998, -21.75947, -21.7595348, -21.7607994, -21.7618561, -21.7624836, -21.7633018, -21.7635822, -21.7628822, -21.763361, -21.7644939
1550.7799999999997, -21.9281559, -21.9284477, -21.92766, -21.9275703, -21.9282494, -21.9286404, -21.9286118, -21.9287281, -21.9298096, -21.9308167
1550.7899999999997, -21.9494705, -21.9493141, -21.9492493, -21.949585, -21.9497776, -21.9505787, -21.9502144, -21.9502583, -21.949955, -21.9507694
1550.7999999999997, -21.9422665, -21.9423752, -21.9422398, -21.9427586, -21.9420738, -21.9426689, -21.9430237, -21.9431286, -21.9437275, -21.9436607
1550.8099999999997, -21.9915867, -21.9921036, -21.9921188, -21.9925613, -21.992527, -21.9924507, -21.9917526, -21.9923744, -21.992609, -21.9926834
1550.8199999999997, -21.9732265, -21.9726696, -21.9730816, -21.9733429, -21.9731178, -21.9733582, -21.9728088, -21.9722023, -21.9711704, -21.9713554
1550.8299999999997, -21.8321533, -21.8310642, -21.8301258, -21.8302975, -21.8292942, -21.8292809, -21.8287277, -21.8287144, -21.8283501, -21.8281097
1550.8399999999997, -21.6075993, -21.6060524, -21.6053314, -21.6046848, -21.6042061, -21.6040859, -21.6040535, -21.6049137, -21.6041679, -21.6040993
1550.8499999999997, -21.4121056, -21.4108868, -21.4111042, -21.4105301, -21.4107418, -21.4107533, -21.410284, -21.4101963, -21.4116955, -21.4111824
1550.8599999999997, -21.2740231, -21.2739525, -21.2731972, -21.2728176, -21.2727051, -21.2726994, -21.2728291, -21.2719822, -21.2725887, -21.2723427
1550.8699999999997, -21.2246647, -21.2247181, -21.2238312, -21.2233944, -21.2236252, -21.2240467, -21.2240009, -21.2238731, -21.2235146, -21.2234325
1550.8799999999997, -21.2248344, -21.226326, -21.2254066, -21.2259388, -21.2254887, -21.225708, -21.2255344, -21.2248058, -21.2244034, -21.2238674
1550.8899999999996, -21.2610531, -21.261776, -21.260685, -21.2613163, -21.2624092, -21.2628288, -21.2628307, -21.2630196, -21.2636852, -21.264122
1550.8999999999996, -21.2995777, -21.3012009, -21.2995071, -21.2987404, -21.299017, -21.2986412, -21.2977524, -21.298418, -21.2992115, -21.2983513
1550.9099999999996, -21.3346958, -21.3340645, -21.3346519, -21.3345509, -21.3343849, -21.3333817, -21.333952, -21.3342018, -21.3331223, -21.3330021
1550.9199999999996, -21.3407478, -21.3398857, -21.3396893, -21.3408604, -21.3390598, -21.3394165, -21.3385792, -21.3372841, -21.3370686, -21.3365173
1550.9299999999996, -21.3146973, -21.3146839, -21.3142185, -21.3142319, -21.3149757, -21.3149986, -21.3150101, -21.3134689, -21.3144436, -21.3191319
1550.9399999999996, -21.2674999, -21.2689037, -21.2688046, -21.2684593, -21.2682018, -21.2700272, -21.2700024, -21.2695923, -21.2690277, -21.270359
1550.9499999999996, -21.2212753, -21.2208366, -21.2201309, -21.2205143, -21.2201195, -21.2199726, -21.2201481, -21.2213097, -21.2209759, -21.2203045
1550.9599999999996, -21.1535683, -21.1550846, -21.1533699, -21.1547184, -21.1650753, -21.1658344, -21.1664906, -21.1654854, -21.1624947, -21.169878
1550.9699999999996, -21.0891438, -21.0879784, -21.0883694, -21.0882912, -21.0873547, -21.087265, -21.087019, -21.0861893, -21.0859413, -21.0864964
1550.9799999999996, -21.0237999, -21.0230598, -21.0235577, -21.0233574, -21.0234222, -21.0227947, -21.0224972, -21.0227222, -21.0219173, -21.0243759
1550.9899999999996, -20.9755726, -20.9746475, -20.9734859, -20.9729996, -20.9727478, -20.9722233, -20.9723759, -20.9720764, -20.9710922, -20.9705524
1550.9999999999995, -20.9378166, -20.9371243, -20.93783, -20.9394417, -20.9365215, -20.9365368, -20.9373302, -20.9375095, -20.9361649, -20.9364281
1551.0099999999995, -20.9277401, -20.9264851, -20.9276543, -20.9280968, -20.9273338, -20.9275875, -20.9292202, -20.92873, -20.9284, -20.9277782
1551.0199999999995, -20.9444752, -20.944458, -20.9434261, -20.9430752, -20.9440575, -20.9435406, -20.9442158, -20.9439602, -20.9435711, -20.9445782
1551.0299999999995, -20.977005, -20.9746971, -20.9751835, -20.9744358, -20.9729671, -20.9708691, -20.9707775, -20.9711037, -20.9718895, -20.9720917
1551.0399999999995, -21.0181389, -21.0190945, -21.0199432, -21.0181561, -21.0173931, -21.0174046, -21.017498, -21.0177631, -21.019701, -21.0189056
1551.0499999999995, -21.0615902, -21.0641613, -21.0648079, -21.0669575, -21.0651093, -21.0675926, -21.0674305, -21.064127, -21.0634747, -21.0629063
1551.0599999999995, -21.1205254, -21.1222267, -21.1217957, -21.1218777, -21.1218262, -21.1218948, -21.1224251, -21.1227474, -21.1224976, -21.1229401
1551.0699999999995, -21.1800232, -21.1803513, -21.1793213, -21.1806335, -21.1802311, -21.1829243, -21.1869221, -21.1864243, -21.1892185, -21.1907845
1551.0799999999995, -21.2297916, -21.230423, -21.2298717, -21.2282562, -21.2272644, -21.2253952, -21.2227154, -21.2160797, -21.2158413, -21.2213287
1551.0899999999995, -21.2369137, -21.2378597, -21.24016, -21.2416592, -21.2405949, -21.2394295, -21.2395859, -21.2389755, -21.2396221, -21.2399502
1551.0999999999995, -21.2533474, -21.2535172, -21.2535515, -21.2546597, -21.2566929, -21.2579594, -21.2573471, -21.2569504, -21.2568913, -21.2578087
1551.1099999999994, -21.2491436, -21.249033, -21.2490101, -21.2485142, -21.2479267, -21.2486496, -21.2487011, -21.2481365, -21.247591, -21.2474442
1551.1199999999994, -21.2117252, -21.2107315, -21.2098141, -21.2105312, -21.2103844, -21.208931, -21.2082615, -21.2075138, -21.2077847, -21.2070408
1551.1299999999994, -21.1547012, -21.1538181, -21.1545696, -21.1545086, -21.1539726, -21.152174, -21.1542397, -21.1573505, -21.1519947, -21.1508465
1551.1399999999994, -21.1499214, -21.1500969, -21.1479073, -21.148737, -21.1509895, -21.1483727, -21.1476784, -21.1487484, -21.1485596, -21.1480179
1551.1499999999994, -21.0317211, -21.0315781, -21.0310822, -21.0311012, -21.030674, -21.0292091, -21.0272827, -21.0268612, -21.0257015, -21.025547
1551.1599999999994, -20.9688988, -20.9675522, -20.9683304, -20.9688816, -20.9690723, -20.9713554, -20.9708023, -20.9699574, -20.9690247, -20.9689865
1551.1699999999994, -20.9243145, -20.9231625, -20.9235554, -20.9226665, -20.922781, -20.9232235, -20.9244061, -20.9239922, -20.9257889, -20.9250107
1551.1799999999994, -20.8941212, -20.8940792, -20.8939438, -20.893837, -20.8935471, -20.8931885, -20.8938274, -20.8942661, -20.8942509, -20.894846
1551.1899999999994, -20.8783112, -20.8797817, -20.8803673, -20.8806095, -20.8801174, -20.8804855, -20.8806305, -20.8808784, -20.8806839, -20.8816776
1551.1999999999994, -20.8812199, -20.8825665, -20.8821659, -20.8820972, -20.8830318, -20.8817272, -20.8818016, -20.8824596, -20.8830795, -20.8836269
1551.2099999999994, -20.8985596, -20.8981953, -20.8978558, -20.8980331, -20.8970585, -20.8965683, -20.8977489, -20.8988667, -20.8982162, -20.8991623
1551.2199999999993, -20.9238758, -20.9238319, -20.9241505, -20.9231949, -20.9227676, -20.9198818, -20.9180908, -20.9171791, -20.923502, -20.9242535
1551.2299999999993, -20.9294968, -20.9297771, -20.9300499, -20.9302311, -20.9293251, -20.929203, -20.9297237, -20.9287453, -20.928297, -20.9288578
1551.2399999999993, -20.996645, -21.0002327, -21.0032139, -21.0079346, -21.0091629, -21.0095901, -21.0091343, -21.0089664, -21.0090466, -21.0087337
1551.2499999999993, -21.0498714, -21.0507565, -21.0507889, -21.0512981, -21.0513668, -21.051754, -21.0513058, -21.0510654, -21.0508442, -21.050209
1551.2599999999993, -21.0901604, -21.0897846, -21.0890675, -21.0897236, -21.0904408, -21.0904808, -21.0900211, -21.0900764, -21.0897503, -21.08988
1551.2699999999993, -21.1285229, -21.1276112, -21.1277695, -21.1286869, -21.1284943, -21.1284275, -21.1280766, -21.1272888, -21.127306, -21.1273251
1551.2799999999993, -21.1672001, -21.1678791, -21.1688271, -21.1689777, -21.1687775, -21.1689205, -21.1688175, -21.1685123, -21.1686573, -21.1689873
1551.2899999999993, -21.1983871, -21.1981487, -21.1978855, -21.1972332, -21.1977062, -21.196825, -21.1964855, -21.1962795, -21.1964931, -21.196413
1551.2999999999993, -21.1964455, -21.2015266, -21.2041245, -21.2044716, -21.2040958, -21.2030697, -21.2028637, -21.203289, -21.2029266, -21.2032833
1551.3099999999993, -21.2017307, -21.2012444, -21.2002449, -21.2019768, -21.2018795, -21.2020626, -21.2016029, -21.2015915, -21.1998863, -21.1990414
1551.3199999999993, -21.1954861, -21.1950378, -21.1961651, -21.1960907, -21.196619, -21.1967449, -21.197401, -21.1964989, -21.1975269, -21.198143
1551.3299999999992, -21.1650925, -21.1650925, -21.1643143, -21.1646862, -21.1646519, -21.1644459, -21.1641674, -21.1645546, -21.1648808, -21.1657753
1551.3399999999992, -21.1259327, -21.1258354, -21.1269836, -21.1274357, -21.127058, -21.1273346, -21.1272945, -21.1272392, -21.1250153, -21.1252346
1551.3499999999992, -21.0723801, -21.071352, -21.0712452, -21.0727272, -21.0735607, -21.073637, -21.074007, -21.0742283, -21.0745087, -21.0748367
1551.3599999999992, -21.0280914, -21.0294456, -21.0293198, -21.0307407, -21.0314713, -21.0305862, -21.0300827, -21.0308475, -21.0308247, -21.0316372
1551.3699999999992, -20.9700336, -20.9693031, -20.9684792, -20.968441, -20.968771, -20.9673119, -20.9682655, -20.9690189, -20.969101, -20.969347
1551.3799999999992, -20.9185696, -20.9164352, -20.9168663, -20.9140148, -20.9151573, -20.9165535, -20.9176254, -20.9170113, -20.916132, -20.9137993
1551.3899999999992, -20.8559418, -20.8550453, -20.8568401, -20.8563938, -20.8547878, -20.851244, -20.8496399, -20.8511581, -20.8554096, -20.8558159
1551.3999999999992, -20.8282814, -20.8269539, -20.8279057, -20.8293743, -20.8289146, -20.8263893, -20.8267384, -20.8291245, -20.8299294, -20.8285389
1551.4099999999992, -20.830574, -20.831171, -20.8303833, -20.830368, -20.8324242, -20.8324356, -20.8319378, -20.8312302, -20.8329906, -20.8333435
1551.4199999999992, -20.8045654, -20.8052788, -20.8056583, -20.8062191, -20.8042393, -20.8041191, -20.8033295, -20.8049545, -20.8041077, -20.8047276
1551.4299999999992, -20.8026009, -20.8013039, -20.7981739, -20.7991772, -20.8001575, -20.8007622, -20.8002682, -20.8004684, -20.7984676, -20.7990208
1551.4399999999991, -20.8110542, -20.8129482, -20.7958698, -20.7878876, -20.7866039, -20.7886143, -20.792469, -20.8048973, -20.810709, -20.8157024
1551.4499999999991, -20.837101, -20.8338795, -20.8236561, -20.8262939, -20.8229275, -20.8261433, -20.8247318, -20.826025, -20.8264942, -20.8284912
1551.4599999999991, -20.8422985, -20.8403282, -20.8377647, -20.8365459, -20.8365307, -20.8381824, -20.8387928, -20.8372612, -20.8366413, -20.8361435
1551.4699999999991, -20.869873, -20.8699856, -20.8707428, -20.8708076, -20.8713665, -20.8710861, -20.8714314, -20.8702908, -20.8593998, -20.8541508
1551.479999999999, -20.9787388, -20.9679317, -20.9735718, -20.9763813, -20.9709721, -20.9657555, -20.9646339, -20.9581547, -20.9503002, -20.9402065
1551.489999999999, -20.9402504, -20.9436874, -20.939003, -20.9375992, -20.9434223, -20.9437313, -20.944458, -20.9432755, -20.9430771, -20.9425755
1551.499999999999, -20.9717541, -20.969286, -20.9693565, -20.9699516, -20.9696732, -20.9687233, -20.9674244, -20.9662743, -20.9657955, -20.9655056
1551.509999999999, -20.9909153, -20.9900646, -20.9896755, -20.9898796, -20.9895878, -20.9897194, -20.988802, -20.9884014, -20.9876804, -20.9869766
1551.519999999999, -20.9998608, -20.9992924, -20.9989243, -20.9982643, -20.9972858, -20.9971161, -20.997654, -20.9964085, -20.9960899, -20.9956894
1551.529999999999, -20.9919567, -20.9909153, -20.9915886, -20.9907341, -20.9906845, -20.9904957, -20.9899178, -20.9883709, -20.9886646, -20.9881115
1551.539999999999, -20.9782734, -20.9807911, -20.9787216, -20.9775906, -20.9798374, -20.9793739, -20.9768181, -20.9784317, -20.9786072, -20.9764748
1551.549999999999, -20.9601765, -20.9607315, -20.9584618, -20.9584103, -20.959549, -20.9605083, -20.9589825, -20.9582691, -20.9589996, -20.957283
1551.559999999999, -20.9197445, -20.9171791, -20.9159431, -20.9167786, -20.9175777, -20.9168549, -20.9178104, -20.9196281, -20.9194927, -20.9182453
1551.569999999999, -20.881588, -20.8826637, -20.8825302, -20.8817062, -20.8841877, -20.8838558, -20.8824177, -20.8822308, -20.8839245, -20.8831062
1551.579999999999, -20.8399982, -20.8415031, -20.8399715, -20.836525, -20.8357525, -20.8391838, -20.8395329, -20.8380337, -20.8381233, -20.8391018
1551.589999999999, -20.7914124, -20.7896366, -20.7892532, -20.7886505, -20.7887154, -20.7874165, -20.7863483, -20.786129, -20.7851658, -20.7850876
1551.599999999999, -20.7357769, -20.7359638, -20.7356033, -20.7352238, -20.7350845, -20.7346821, -20.7352142, -20.7349968, -20.7360306, -20.7349758
1551.609999999999, -20.7053967, -20.7054214, -20.7121391, -20.7231617, -20.730341, -20.7333164, -20.7344589, -20.7392445, -20.7529106, -20.7573318
1551.619999999999, -20.745121, -20.7464142, -20.7464561, -20.7476845, -20.748167, -20.7490597, -20.7483444, -20.7474823, -20.7473392, -20.7481728
1551.629999999999, -20.7498379, -20.7498379, -20.7506943, -20.7508812, -20.750803, -20.7515354, -20.7518482, -20.7519855, -20.7515965, -20.7498951
1551.639999999999, -20.7607269, -20.7584038, -20.7593079, -20.7595139, -20.7583294, -20.7561836, -20.7550774, -20.7534027, -20.7531281, -20.7520428
1551.649999999999, -20.7580795, -20.7578106, -20.7571564, -20.7563229, -20.754776, -20.7532787, -20.7509212, -20.7492561, -20.748251, -20.7478409
1551.659999999999, -20.7686253, -20.7682819, -20.7685566, -20.7686558, -20.7677708, -20.7675896, -20.7684383, -20.767807, -20.7685795, -20.7685471
1551.669999999999, -20.8434277, -20.8432007, -20.8445663, -20.8452263, -20.8454056, -20.8448963, -20.8453541, -20.8460903, -20.8459568, -20.8463612
1551.679999999999, -20.8922234, -20.8921432, -20.8922558, -20.8926563, -20.8934994, -20.8935413, -20.8937302, -20.8941154, -20.893858, -20.8937683
1551.689999999999, -20.9212475, -20.9215431, -20.9218559, -20.9217262, -20.9218445, -20.9211903, -20.9202957, -20.9201946, -20.9207001, -20.9205875
1551.699999999999, -20.9557934, -20.9558411, -20.9559517, -20.9559574, -20.9563007, -20.956028, -20.956646, -20.9567833, -20.9572754, -20.9574585
1551.709999999999, -20.9876957, -20.9874001, -20.9868298, -20.986824, -20.9866352, -20.9855385, -20.9857998, -20.9851093, -20.9856319, -20.9858875
1551.719999999999, -20.9922104, -20.9912548, -20.9913044, -20.9916592, -20.9903202, -20.9912319, -20.9921207, -20.9912758, -20.9901981, -20.9922428
1551.7299999999989, -20.9884853, -20.9835987, -20.9843655, -20.9867859, -20.9862442, -20.9869881, -20.9880314, -20.985733, -20.984354, -20.9844856
1551.7399999999989, -20.9540291, -20.9536934, -20.9537048, -20.9535465, -20.9537048, -20.9533958, -20.9525204, -20.9524765, -20.95257, -20.9528847
1551.7499999999989, -20.9084129, -20.9078655, -20.9084949, -20.9086037, -20.9085484, -20.9089146, -20.908392, -20.9076443, -20.9071655, -20.9054394
1551.7599999999989, -20.8401775, -20.8396854, -20.8385258, -20.8385639, -20.8395481, -20.83922, -20.8399391, -20.8406563, -20.8416195, -20.8416214
1551.7699999999988, -20.7991829, -20.8012981, -20.8021374, -20.8012085, -20.8012142, -20.8021278, -20.8019085, -20.8019905, -20.8033772, -20.804575
1551.7799999999988, -20.7469292, -20.7481251, -20.7458763, -20.7450314, -20.7459888, -20.7457047, -20.7440987, -20.7426414, -20.744833, -20.745779
1551.7899999999988, -20.6899548, -20.6907368, -20.6915188, -20.6917076, -20.6911297, -20.691227, -20.6916485, -20.6908283, -20.6904583, -20.6909885
1551.7999999999988, -20.6627712, -20.6625004, -20.6619625, -20.6623478, -20.6624298, -20.6621799, -20.6612759, -20.6610165, -20.6615601, -20.6610737
1551.8099999999988, -20.6447773, -20.6434879, -20.6444187, -20.6452961, -20.645792, -20.645647, -20.6445751, -20.6451836, -20.6454163, -20.6448803
1551.8199999999988, -20.6480522, -20.6475868, -20.6489182, -20.6486301, -20.6483402, -20.6485806, -20.6486359, -20.6499176, -20.6493988, -20.6498165
1551.8299999999988, -20.6657734, -20.6660976, -20.6720619, -20.6773109, -20.6688175, -20.667551, -20.6675434, -20.6672497, -20.6683636, -20.6687317
1551.8399999999988, -20.6975307, -20.6971645, -20.6975403, -20.6977634, -20.6982212, -20.6982117, -20.6980476, -20.6977921, -20.6973553, -20.6975384
1551.8499999999988, -20.7450256, -20.7448902, -20.7458744, -20.7467976, -20.7470016, -20.7469063, -20.7468452, -20.7478104, -20.7476749, -20.7475338
1551.8599999999988, -20.7834549, -20.7833462, -20.7840042, -20.7845173, -20.7850513, -20.7873573, -20.7862473, -20.7858028, -20.7861958, -20.7857475
1551.8699999999988, -20.8184795, -20.8177795, -20.8171978, -20.81777, -20.8174896, -20.8163872, -20.8162975, -20.8137531, -20.8134651, -20.8134747
1551.8799999999987, -20.8363876, -20.8351612, -20.8340054, -20.8351765, -20.8356476, -20.8356476, -20.8361034, -20.8363838, -20.8446217, -20.8474426
1551.8899999999987, -20.8687687, -20.867506, -20.8674545, -20.868866, -20.8696003, -20.8696861, -20.8695335, -20.8695374, -20.8697033, -20.8707924
1551.8999999999987, -20.8800793, -20.8804855, -20.8811703, -20.8813267, -20.8816795, -20.8825951, -20.8826256, -20.882803, -20.883728, -20.8833523
1551.9099999999987, -20.8771172, -20.8774033, -20.8778725, -20.877449, -20.8786907, -20.8790894, -20.8794174, -20.8782558, -20.8770828, -20.8804588
1551.9199999999987, -20.8646927, -20.8645763, -20.8637428, -20.863409, -20.863121, -20.8621521, -20.8620396, -20.8623104, -20.8618221, -20.8625679
1551.9299999999987, -20.827774, -20.8278637, -20.8275204, -20.8273506, -20.8252811, -20.8247795, -20.8249645, -20.8243351, -20.8245144, -20.8253174
1551.9399999999987, -20.7978954, -20.7981529, -20.798378, -20.7981014, -20.7976284, -20.7976341, -20.7977867, -20.7978954, -20.7971191, -20.7968006
1551.9499999999987, -20.7653027, -20.7646236, -20.7643509, -20.763588, -20.7636204, -20.7633495, -20.7629185, -20.7635365, -20.7630939, -20.7639751
1551.9599999999987, -20.722971, -20.7226295, -20.7229824, -20.7232647, -20.7239971, -20.7236462, -20.7227745, -20.7234287, -20.7232742, -20.7228661
1551.9699999999987, -20.6831989, -20.6830292, -20.6815586, -20.6796589, -20.6783924, -20.6791229, -20.6793518, -20.6788731, -20.6790009, -20.6787701
1551.9799999999987, -20.6522198, -20.6517563, -20.6512623, -20.6512966, -20.6507359, -20.6508408, -20.6503639, -20.6501312, -20.6503906, -20.6502991
1551.9899999999986, -20.6299896, -20.6639919, -20.657999, -20.6333675, -20.6299591, -20.6304474, -20.629385, -20.6284103, -20.6291924, -20.6286564
1551.9999999999986, -20.6159534, -20.6157951, -20.6168861, -20.6172218, -20.6178322, -20.6182899, -20.6193066, -20.6200485, -20.6213779, -20.6224499
1552.0099999999986, -20.6366577, -20.6371117, -20.6374416, -20.6374664, -20.6373158, -20.638382, -20.6382313, -20.6391602, -20.6390076, -20.6397572
1552.0199999999986, -20.6571331, -20.6570473, -20.6567192, -20.6564083, -20.656456, -20.6557884, -20.6563225, -20.656002, -20.6558437, -20.6549034
1552.0299999999986, -20.6882477, -20.6880608, -20.6879787, -20.6875954, -20.6879387, -20.6879177, -20.688921, -20.6894264, -20.6895542, -20.6893406
1552.0399999999986, -20.725626, -20.7265301, -20.7278423, -20.7285385, -20.728426, -20.7292042, -20.7306347, -20.7307587, -20.7306347, -20.7305889
1552.0499999999986, -20.7669773, -20.7669735, -20.7672291, -20.7659569, -20.766407, -20.7666721, -20.7669945, -20.7669334, -20.7668438, -20.7697582
1552.0599999999986, -20.8027859, -20.8028374, -20.8028355, -20.8030357, -20.8030815, -20.8034134, -20.8036385, -20.8034668, -20.8038883, -20.8037872
1552.0699999999986, -20.8381519, -20.8382034, -20.8384151, -20.8380661, -20.8384895, -20.838644, -20.8388615, -20.8390446, -20.8397923, -20.8394165
1552.0799999999986, -20.8651352, -20.8657684, -20.8663712, -20.8665943, -20.8661518, -20.8659534, -20.8654709, -20.8660069, -20.8664665, -20.8667984
1552.0899999999986, -20.8802814, -20.8802509, -20.8810806, -20.8795605, -20.8784828, -20.8786583, -20.8764992, -20.8760052, -20.8772221, -20.8785458
1552.0999999999985, -20.888937, -20.8906479, -20.8892536, -20.8893356, -20.8921757, -20.8918095, -20.8919544, -20.8922024, -20.8931026, -20.8933926
1552.1099999999985, -20.8904591, -20.8907814, -20.89114, -20.8909626, -20.8891239, -20.8882427, -20.8872566, -20.8875294, -20.8872452, -20.886507
1552.1199999999985, -20.8712654, -20.8720398, -20.8728027, -20.8723965, -20.8710594, -20.8699951, -20.8712883, -20.8726578, -20.8922958, -21.1101055
1552.1299999999985, -20.8456345, -20.8465405, -20.8471298, -20.8469543, -20.8470879, -20.8469276, -20.8471603, -20.8513241, -21.1401558, -21.0278301
1552.1399999999985, -20.8191757, -20.8207417, -20.8197041, -20.8190918, -20.8164349, -20.8172054, -20.8186226, -20.8196621, -20.8184319, -20.818676
1552.1499999999985, -20.7792988, -20.7798595, -20.7802773, -20.7793522, -20.779665, -20.7791653, -20.7778549, -20.7798386, -20.7796459, -20.7801418
1552.1599999999985, -20.7418804, -20.741415, -20.741703, -20.7423191, -20.7427158, -20.7420139, -20.7429886, -20.7439423, -20.7438316, -20.7441654
1552.1699999999985, -20.7031345, -20.7040138, -20.7057953, -20.7060795, -20.7063198, -20.7062111, -20.7068996, -20.7074184, -20.7063217, -20.7066689
1552.1799999999985, -20.6662598, -20.667942, -20.6670456, -20.6676311, -20.6681919, -20.6679668, -20.6674671, -20.667984, -20.6686192, -20.6689301
1552.1899999999985, -20.635767, -20.6353989, -20.6358528, -20.6363487, -20.6367149, -20.6362629, -20.6360607, -20.6359711, -20.6368694, -20.6362877
1552.1999999999985, -20.6042786, -20.603878, -20.6034451, -20.6027374, -20.6031094, -20.6035767, -20.6034775, -20.6049747, -20.6054268, -20.6055889
1552.2099999999984, -20.5840492, -20.5836296, -20.5832157, -20.5827732, -20.5824547, -20.5818329, -20.5823154, -20.5827293, -20.5826492, -20.58325
1552.2199999999984, -20.5617008, -20.5623779, -20.562748, -20.5630569, -20.5617962, -20.5617561, -20.562561, -20.5617008, -20.563242, -20.562521
1552.2299999999984, -20.558197, -20.5594635, -20.5597382, -20.5606918, -20.5609055, -20.5593719, -20.5591335, -20.5597878, -20.560379, -20.5607567
1552.2399999999984, -20.5644093, -20.5645485, -20.5652504, -20.5650311, -20.5658855, -20.5656319, -20.5663128, -20.5656738, -20.5653248, -20.5656776
1552.2499999999984, -20.5791168, -20.5783272, -20.5788765, -20.5786858, -20.5787621, -20.578907, -20.5790577, -20.5785027, -20.5793972, -20.5791016
1552.2599999999984, -20.5965919, -20.5964985, -20.5967636, -20.5971241, -20.597105, -20.5972137, -20.5970783, -20.5963078, -20.596117, -20.5958767
1552.2699999999984, -20.6304226, -20.6297207, -20.6289616, -20.6290398, -20.6300564, -20.6308422, -20.6318283, -20.6313419, -20.6313381, -20.6308117
1552.2799999999984, -20.6531143, -20.6533642, -20.6534538, -20.6544132, -20.655489, -20.6537991, -20.6541443, -20.6535206, -20.6535282, -20.6532764
1552.2899999999984, -20.6884193, -20.6879807, -20.6880341, -20.6886292, -20.6882286, -20.6888027, -20.6822796, -20.6861458, -20.6872063, -20.6863918
1552.2999999999984, -20.7113152, -20.7114334, -20.7141857, -20.7135448, -20.7115364, -20.7110233, -20.7104168, -20.7083244, -20.7091923, -20.7094955
1552.3099999999984, -20.7363148, -20.7362785, -20.7359486, -20.7347527, -20.7344131, -20.7342415, -20.7345009, -20.7346916, -20.7356853, -20.7346401
1552.3199999999983, -20.7490807, -20.748764, -20.7482185, -20.7493305, -20.7492981, -20.7485886, -20.7486763, -20.7478256, -20.748312, -20.7487793
1552.3299999999983, -20.7562351, -20.7564812, -20.7561874, -20.7562256, -20.7561722, -20.7555847, -20.7559299, -20.7561092, -20.7558708, -20.7561264
1552.3399999999983, -20.7577209, -20.7574978, -20.7583237, -20.7586002, -20.7582874, -20.758215, -20.7590523, -20.7588043, -20.7580223, -20.7584438
1552.3499999999983, -20.7396126, -20.7398186, -20.739727, -20.7393169, -20.7404099, -20.7399387, -20.7397938, -20.7395306, -20.7391987, -20.739275
1552.3599999999983, -20.7135792, -20.7132645, -20.7130661, -20.7136459, -20.7138786, -20.7142124, -20.713707, -20.7128735, -20.7121239, -20.7131729
1552.3699999999983, -20.6759548, -20.6757755, -20.6769524, -20.6777458, -20.6772289, -20.6767483, -20.6773319, -20.6772957, -20.6773605, -20.6779137
1552.3799999999983, -20.6376152, -20.6373558, -20.6372852, -20.63694, -20.6371632, -20.6375332, -20.6373463, -20.6376495, -20.6371536, -20.6376095
1552.3899999999983, -20.5852013, -20.5845299, -20.5853424, -20.5848484, -20.5847549, -20.5851078, -20.584898, -20.5853863, -20.5848427, -20.584547
1552.3999999999983, -20.530407, -20.5307236, -20.5309601, -20.5301743, -20.5300312, -20.5299873, -20.5300465, -20.5295925, -20.5294247, -20.5292015
1552.4099999999983, -20.4903851, -20.4908352, -20.4913139, -20.4910393, -20.4916611, -20.4916306, -20.4920425, -20.4918976, -20.4921856, -20.4922676
1552.4199999999983, -20.4665661, -20.4669285, -20.4664955, -20.4671917, -20.4663849, -20.4670353, -20.466753, -20.4661255, -20.4660492, -20.4659672
1552.4299999999982, -20.4392681, -20.4399357, -20.439518, -20.4395275, -20.4398823, -20.4399147, -20.4394455, -20.4394169, -20.4389687, -20.4379196
1552.4399999999982, -20.4306946, -20.4309902, -20.4306583, -20.4306774, -20.429945, -20.4289474, -20.4290714, -20.428566, -20.4261341, -20.4227619
1552.4499999999982, -20.4231129, -20.4224701, -20.4223061, -20.4224129, -20.4220562, -20.4225368, -20.4231186, -20.4238453, -20.4233894, -20.4231243
1552.4599999999982, -20.4448929, -20.4441986, -20.4457932, -20.4460754, -20.4466648, -20.4460411, -20.4467773, -20.4473381, -20.4474926, -20.4463463
1552.4699999999982, -20.4748516, -20.4766502, -20.4776669, -20.4785156, -20.4779491, -20.4784603, -20.4786453, -20.4785595, -20.4786949, -20.4773502
1552.4799999999982, -20.5011787, -20.5013294, -20.5022011, -20.5037708, -20.5061588, -20.5058155, -20.5058155, -20.5051823, -20.5065212, -20.5071754
1552.4899999999982, -20.5510406, -20.5497818, -20.5488052, -20.5486088, -20.5491924, -20.5496426, -20.5499916, -20.5504456, -20.5504665, -20.5503826
1552.4999999999982, -20.6058502, -20.6054592, -20.6049957, -20.6057549, -20.6054935, -20.606041, -20.6065674, -20.6065197, -20.6045742, -20.6050816
1552.5099999999982, -20.6588612, -20.6585102, -20.6594238, -20.6596031, -20.6592388, -20.6595516, -20.6604156, -20.6602554, -20.6600609, -20.6600266
1552.5199999999982, -20.7008266, -20.7009964, -20.7012825, -20.7010174, -20.7004662, -20.7009296, -20.7005749, -20.7003784, -20.6995277, -20.7004318
1552.5299999999982, -20.7404804, -20.7402954, -20.7400932, -20.7393627, -20.7394314, -20.7399502, -20.7396336, -20.740818, -20.7398396, -20.7405605
1552.5399999999981, -20.7612839, -20.761179, -20.7603683, -20.7574558, -20.761549, -20.7623348, -20.7618256, -20.7619286, -20.7609653, -20.7619896
1552.5499999999981, -20.7695427, -20.770649, -20.7716961, -20.7710552, -20.7711124, -20.769495, -20.7700272, -20.7699299, -20.7713203, -20.7726097
1552.5599999999981, -20.7602329, -20.7380905, -20.7479248, -20.7407093, -20.7402897, -20.7480946, -20.7540932, -20.7564678, -20.7594109, -20.760294
1552.5699999999981, -20.729578, -20.7302055, -20.7307034, -20.7303143, -20.7304745, -20.7293758, -20.7293911, -20.7297764, -20.7298183, -20.7307835
1552.579999999998, -20.6769753, -20.6764679, -20.6771317, -20.6769638, -20.6770649, -20.6760197, -20.6759586, -20.6759472, -20.6760597, -20.6767082
1552.589999999998, -20.6206017, -20.6204853, -20.6206627, -20.6209335, -20.6211853, -20.6214771, -20.6218052, -20.622057, -20.6213722, -20.6216736
1552.599999999998, -20.5633202, -20.5645332, -20.5647373, -20.5643291, -20.5645943, -20.5649757, -20.5651608, -20.5656986, -20.5653095, -20.5646572
1552.609999999998, -20.5176792, -20.5184689, -20.5189285, -20.519207, -20.5191097, -20.5197353, -20.5195656, -20.5189171, -20.5123348, -20.5139351
1552.619999999998, -20.4819851, -20.4819908, -20.4820786, -20.4824982, -20.482439, -20.4825363, -20.4828949, -20.4826946, -20.4829483, -20.4831905
1552.629999999998, -20.4658985, -20.466053, -20.46595, -20.466074, -20.465723, -20.4656658, -20.4661312, -20.4668083, -20.4669228, -20.4665833
1552.639999999998, -20.4611225, -20.4612541, -20.4612255, -20.4615841, -20.4620495, -20.4622307, -20.4620266, -20.4622154, -20.4616089, -20.4619179
1552.649999999998, -20.4756699, -20.4759121, -20.475523, -20.4758644, -20.4757214, -20.4755039, -20.4753914, -20.4749622, -20.4753685, -20.4760265
1552.659999999998, -20.5168133, -20.5171108, -20.5163593, -20.5157948, -20.5162468, -20.5166111, -20.5171471, -20.5164928, -20.5165367, -20.5165119
1552.669999999998, -20.5607128, -20.5606556, -20.5608864, -20.5607948, -20.5614014, -20.5613632, -20.5614471, -20.5603542, -20.5602341, -20.5600967
1552.679999999998, -20.6187725, -20.6186218, -20.6192532, -20.6193275, -20.6189499, -20.618145, -20.6178532, -20.6172829, -20.6166801, -20.6168575
1552.689999999998, -20.6693268, -20.6689606, -20.6694336, -20.6694336, -20.6692524, -20.6691837, -20.6690273, -20.6698017, -20.668726, -20.6683903
1552.699999999998, -20.7190685, -20.7188225, -20.7180939, -20.719429, -20.7189445, -20.7198257, -20.7200317, -20.7191601, -20.719368, -20.7183418
1552.709999999998, -20.7462025, -20.746933, -20.7472229, -20.7468605, -20.7460785, -20.7462711, -20.7456894, -20.745533, -20.7455292, -20.7461338
1552.719999999998, -20.7747116, -20.7747955, -20.7745018, -20.7751865, -20.7751541, -20.7761784, -20.7764282, -20.7754097, -20.7754517, -20.7758541
1552.729999999998, -20.7667274, -20.7676144, -20.7681198, -20.7680779, -20.7693081, -20.7689571, -20.7691517, -20.769062, -20.768959, -20.7692547
1552.739999999998, -20.7463589, -20.7458286, -20.7445602, -20.7449017, -20.7439251, -20.7433109, -20.7439632, -20.745306, -20.7448616, -20.7446404
1552.749999999998, -20.7083282, -20.7080154, -20.7078667, -20.7074814, -20.7068138, -20.7079334, -20.7073555, -20.7099171, -20.7109718, -20.7116604
1552.759999999998, -20.6619358, -20.6618404, -20.6604633, -20.6612549, -20.6618195, -20.6615982, -20.6624908, -20.6628723, -20.662941, -20.6617413
1552.769999999998, -20.6010723, -20.5993137, -20.598753, -20.5979748, -20.598177, -20.5978508, -20.5980453, -20.5996437, -20.6004162, -20.5998001
1552.779999999998, -20.5348186, -20.5361729, -20.5355053, -20.535223, -20.5348492, -20.5350895, -20.5343151, -20.5349083, -20.534977, -20.5357285
1552.789999999998, -20.4713306, -20.4720402, -20.4720135, -20.4720993, -20.4723377, -20.4718857, -20.4709225, -20.4709282, -20.4707317, -20.4716225
1552.799999999998, -20.4287071, -20.4277935, -20.4274597, -20.4267445, -20.4263802, -20.4253044, -20.424366, -20.4246578, -20.4250507, -20.4247093
1552.809999999998, -20.41749, -20.4207573, -20.4230709, -20.426857, -20.4299831, -20.4290962, -20.4273033, -20.4263687, -20.4273224, -20.42556
1552.819999999998, -20.4494038, -20.4486446, -20.4486313, -20.4486256, -20.449028, -20.4488811, -20.4459343, -20.4454937, -20.4451122, -20.4471436
1552.8299999999979, -20.4983406, -20.5011292, -20.5018139, -20.5006294, -20.5008869, -20.5016861, -20.5007172, -20.499815, -20.4996967, -20.500536
1552.8399999999979, -20.5818615, -20.5813274, -20.5811634, -20.5824108, -20.5825901, -20.5830898, -20.5831299, -20.5828362, -20.5816517, -20.5811577
1552.8499999999979, -20.6714001, -20.6718025, -20.6718693, -20.6712475, -20.6714478, -20.6721191, -20.6714268, -20.6715183, -20.6724548, -20.6714611
1552.8599999999979, -20.7544346, -20.7540207, -20.7534351, -20.7538662, -20.7532997, -20.7531757, -20.7520695, -20.7517471, -20.7515812, -20.7526093
1552.8699999999978, -20.8451347, -20.8443832, -20.8446674, -20.8457661, -20.845211, -20.844244, -20.8449287, -20.8449135, -20.8450985, -20.8450184
1552.8799999999978, -20.9103203, -20.910368, -20.9113064, -20.9116917, -20.9127274, -20.9128628, -20.9132595, -20.9140472, -20.9138203, -20.9135838
1552.8899999999978, -20.9659748, -20.9661999, -20.9651451, -20.9641323, -20.9645348, -20.9651775, -20.9665413, -20.966629, -20.9678135, -20.9681015
1552.8999999999978, -20.9922962, -20.992094, -20.9913979, -20.9915524, -20.9918308, -20.9914188, -20.9912434, -20.9913712, -20.9917984, -20.9923229
1552.9099999999978, -21.0219593, -21.0215912, -21.0224247, -21.0224304, -21.0219002, -21.0211334, -21.0205421, -21.0210495, -21.0204926, -21.0207443
1552.9199999999978, -21.0999718, -21.1004467, -21.1004467, -21.099987, -21.0994568, -21.0999012, -21.1012115, -21.1020412, -21.1009712, -21.0997849
1552.9299999999978, -21.3094578, -21.309824, -21.3085575, -21.3068924, -21.3061543, -21.3054981, -21.3052864, -21.3028412, -21.3005962, -21.304121
1552.9399999999978, -21.5656357, -21.5633717, -21.5657253, -21.5597801, -21.5529556, -21.5586414, -21.5649529, -21.566864, -21.568861, -21.5644093
1552.9499999999978, -21.7279949, -21.7279186, -21.7283993, -21.7312469, -21.7307663, -21.731741, -21.7307339, -21.7314796, -21.7270679, -21.7274952
1552.9599999999978, -21.6315746, -21.631588, -21.6316643, -21.6343861, -21.6348438, -21.6325665, -21.6332779, -21.6362648, -21.6364536, -21.635767
1552.9699999999978, -21.3614388, -21.3603802, -21.3579254, -21.3584881, -21.3594913, -21.3596153, -21.3611622, -21.3624592, -21.3628635, -21.3623867
1552.9799999999977, -21.1147709, -21.1180401, -21.1218433, -21.1228714, -21.1236248, -21.1248741, -21.124773, -21.1250477, -21.1236744, -21.1240425
1552.9899999999977, -20.9824753, -20.9827499, -20.9823456, -20.9833736, -20.9842548, -20.984848, -20.984726, -20.9846268, -20.98419, -20.9840488
1552.9999999999977, -20.9342804, -20.9343891, -20.9341946, -20.9349899, -20.9352016, -20.935667, -20.9355202, -20.9351463, -20.9343128, -20.9344215
1553.0099999999977, -20.9225922, -20.9223366, -20.922678, -20.9225521, -20.9229946, -20.923048, -20.9228115, -20.9230747, -20.9229183, -20.922823
1553.0199999999977, -20.9028797, -20.9032707, -20.9049015, -20.9066601, -20.9074879, -20.9066219, -20.9074669, -20.9073811, -20.9083538, -20.9102402
1553.0299999999977, -20.8781013, -20.8797264, -20.8800793, -20.8807602, -20.8824177, -20.8808575, -20.8803463, -20.8812885, -20.8816528, -20.8822021
1553.0399999999977, -20.8397446, -20.8407497, -20.8407764, -20.8399086, -20.8385601, -20.8375511, -20.8381176, -20.8394737, -20.8407021, -20.8407555
1553.0499999999977, -20.7802258, -20.7813911, -20.7807369, -20.7791424, -20.7790279, -20.7779884, -20.7793789, -20.7801514, -20.7790279, -20.7778111
1553.0599999999977, -20.7161121, -20.7158947, -20.7167931, -20.7173328, -20.7159252, -20.7155666, -20.7158165, -20.7171211, -20.7176476, -20.718008
1553.0699999999977, -20.6440392, -20.6435318, -20.6420918, -20.6434822, -20.6446915, -20.6450939, -20.644556, -20.6446228, -20.6460705, -20.6460247
1553.0799999999977, -20.579977, -20.5800304, -20.579483, -20.5799351, -20.5814762, -20.5821323, -20.582201, -20.5822506, -20.5816574, -20.5825996
1553.0899999999976, -20.4967785, -20.5112629, -20.5200386, -20.5196362, -20.5196152, -20.5205154, -20.5205803, -20.5205059, -20.5145702, -20.5187168
1553.0999999999976, -20.4730434, -20.4723816, -20.4727364, -20.4731178, -20.4736328, -20.4736919, -20.4738274, -20.4734669, -20.4734135, -20.4730053
1553.1099999999976, -20.4300442, -20.4298, -20.4307289, -20.430851, -20.4308167, -20.4308395, -20.4305954, -20.430624, -20.4307442, -20.4307747
1553.1199999999976, -20.4032249, -20.4026756, -20.4033947, -20.4032745, -20.4033031, -20.4029198, -20.4028378, -20.4033165, -20.4030647, -20.4032345
1553.1299999999976, -20.4010563, -20.4012299, -20.4011097, -20.4006977, -20.4010849, -20.4010735, -20.4002857, -20.4000702, -20.4004517, -20.4009323
1553.1399999999976, -20.4032402, -20.4021091, -20.4019241, -20.4023972, -20.4028282, -20.4021282, -20.4020901, -20.4022579, -20.4021435, -20.4021816
1553.1499999999976, -20.4254208, -20.4252815, -20.4245491, -20.4247856, -20.424963, -20.424818, -20.4252625, -20.4250889, -20.4255257, -20.4266777
1553.1599999999976, -20.4624062, -20.4619827, -20.4614105, -20.4614487, -20.46208, -20.4623337, -20.4630508, -20.4629517, -20.4627934, -20.4621677
1553.1699999999976, -20.5016479, -20.5021133, -20.502058, -20.501358, -20.5012665, -20.5012264, -20.5013599, -20.5006714, -20.5002747, -20.5003052
1553.1799999999976, -20.5513592, -20.5511646, -20.5515614, -20.5512352, -20.551384, -20.5521469, -20.5520248, -20.5513783, -20.5507946, -20.5516796
1553.1899999999976, -20.5897331, -20.5896358, -20.5893421, -20.5892868, -20.5891533, -20.5895557, -20.5898266, -20.5904369, -20.5908432, -20.5912476
1553.1999999999975, -20.6162567, -20.6166096, -20.6158085, -20.6161919, -20.6155376, -20.6146927, -20.6145153, -20.615839, -20.616354, -20.6168633
1553.2099999999975, -20.6329269, -20.6335487, -20.6339035, -20.6337528, -20.6337967, -20.6334686, -20.6329422, -20.6320343, -20.6316166, -20.6313496
1553.2199999999975, -20.6356773, -20.6343136, -20.6362381, -20.6382599, -20.6386909, -20.6381435, -20.6385937, -20.6384983, -20.6384792, -20.6401119
1553.2299999999975, -20.6209183, -20.6208324, -20.6206913, -20.6208744, -20.6212711, -20.6203346, -20.6201477, -20.6206532, -20.6213684, -20.6212616
1553.2399999999975, -20.5849228, -20.5858078, -20.586237, -20.5855274, -20.5858307, -20.5850334, -20.5834541, -20.5842571, -20.5849228, -20.5852528
1553.2499999999975, -20.5379887, -20.5372791, -20.5372887, -20.5391941, -20.5390568, -20.5377674, -20.5384064, -20.5391064, -20.5389519, -20.5380154
1553.2599999999975, -20.4870205, -20.4851532, -20.4860229, -20.4871063, -20.4880886, -20.4901733, -20.4901791, -20.489439, -20.4890423, -20.4888954
1553.2699999999975, -20.4210415, -20.4227295, -20.4245071, -20.4269314, -20.4266872, -20.426321, -20.4264469, -20.4259605, -20.4264221, -20.4262543
1553.2799999999975, -20.3699722, -20.370142, -20.3705387, -20.3697681, -20.3694725, -20.3701057, -20.3708744, -20.368784, -20.3622246, -20.3570633
1553.2899999999975, -20.3131142, -20.3131561, -20.3134098, -20.3131275, -20.3134842, -20.3138561, -20.3142014, -20.3146801, -20.3152847, -20.3156338
1553.2999999999975, -20.2700825, -20.2700596, -20.2690086, -20.2693291, -20.269352, -20.2701664, -20.2699108, -20.269659, -20.269886, -20.2702122
1553.3099999999974, -20.2250061, -20.2248802, -20.2250214, -20.224966, -20.224802, -20.2248058, -20.2249165, -20.2253017, -20.2254086, -20.2250862
1553.3199999999974, -20.2101593, -20.2107391, -20.2104053, -20.2106285, -20.2104511, -20.210928, -20.2112274, -20.2112999, -20.211153, -20.2115955
1553.3299999999974, -20.205843, -20.2063465, -20.2062817, -20.2061996, -20.2059898, -20.2060127, -20.2057991, -20.2063141, -20.2060738, -20.2059841
1553.3399999999974, -20.2228413, -20.2224216, -20.2223129, -20.2231636, -20.2229252, -20.2222729, -20.2224426, -20.222208, -20.222723, -20.222683
1553.3499999999974, -20.2550373, -20.2551517, -20.2557087, -20.2562637, -20.2559147, -20.2558327, -20.2553654, -20.2552071, -20.2548141, -20.2550793
1553.3599999999974, -20.2961597, -20.2965603, -20.2971935, -20.296793, -20.2967587, -20.2969036, -20.2965012, -20.2961903, -20.2962685, -20.2957592
1553.3699999999974, -20.3507614, -20.3504505, -20.3507652, -20.3513088, -20.3512192, -20.3516579, -20.3514042, -20.3508682, -20.3510818, -20.3497887
1553.3799999999974, -20.3999081, -20.3996773, -20.3992882, -20.3994045, -20.3991642, -20.3990021, -20.3984566, -20.3981647, -20.3982697, -20.3977299
1553.3899999999974, -20.450325, -20.4502907, -20.4508572, -20.4510117, -20.4510174, -20.4505768, -20.4501171, -20.4490604, -20.4478207, -20.4481697
1553.3999999999974, -20.486721, -20.4864674, -20.4875813, -20.4886513, -20.4880791, -20.4881058, -20.4883099, -20.4874458, -20.4870872, -20.4863892
1553.4099999999974, -20.519331, -20.519783, -20.5203781, -20.5212193, -20.5206833, -20.5210686, -20.521162, -20.5212498, -20.5209942, -20.5205956
1553.4199999999973, -20.5368176, -20.5370827, -20.5373096, -20.5367355, -20.5369282, -20.5372353, -20.537199, -20.5371323, -20.5373783, -20.5367165
1553.4299999999973, -20.5365295, -20.5370407, -20.5373573, -20.5374374, -20.5377922, -20.5374279, -20.5372086, -20.5373631, -20.5371952, -20.5374508
1553.4399999999973, -20.5250721, -20.5246964, -20.5251102, -20.524929, -20.5249691, -20.5241451, -20.5243073, -20.5250072, -20.5248013, -20.5246964
1553.4499999999973, -20.4998245, -20.5003834, -20.4998455, -20.5000553, -20.5006905, -20.5009327, -20.501255, -20.5013638, -20.5018196, -20.5020351
1553.4599999999973, -20.4595699, -20.459425, -20.459671, -20.4598351, -20.4596806, -20.4600067, -20.4601707, -20.4606972, -20.4607697, -20.4609776
1553.4699999999973, -20.4230671, -20.4226513, -20.4224453, -20.4221859, -20.4230194, -20.4233952, -20.4237938, -20.4234619, -20.4238319, -20.4242573
1553.4799999999973, -20.3900661, -20.3897228, -20.3897076, -20.3895454, -20.3897934, -20.3897076, -20.3900604, -20.3903351, -20.3900375, -20.3901768
1553.4899999999973, -20.3471909, -20.3475132, -20.3476696, -20.3477592, -20.347765, -20.3476601, -20.3476315, -20.3475437, -20.3474045, -20.3472881
1553.4999999999973, -20.315527, -20.3159523, -20.3153515, -20.3149681, -20.3149529, -20.3140774, -20.3129883, -20.312067, -20.3129787, -20.3121948
1553.5099999999973, -20.2880287, -20.2887249, -20.2791519, -20.2759266, -20.283102, -20.2860069, -20.2875671, -20.2875137, -20.2862434, -20.2851295
1553.5199999999973, -20.2801991, -20.2789612, -20.2799797, -20.2815037, -20.2811451, -20.2809544, -20.2812424, -20.2804089, -20.2795429, -20.2802486
1553.5299999999972, -20.2972641, -20.2957764, -20.2946644, -20.2962551, -20.3010159, -20.3014126, -20.2976952, -20.3002529, -20.3005371, -20.2921734
1553.5399999999972, -20.3227158, -20.3215961, -20.3227234, -20.3248463, -20.3244095, -20.3235245, -20.3233032, -20.3218689, -20.3227615, -20.3239002
1553.5499999999972, -20.3608379, -20.3597221, -20.3607292, -20.3609428, -20.3612137, -20.3612652, -20.3603115, -20.3597584, -20.3599091, -20.3593159
1553.5599999999972, -20.4142494, -20.4144363, -20.4146767, -20.4152813, -20.4154053, -20.4167233, -20.4172077, -20.4171219, -20.4165058, -20.4165344
1553.5699999999972, -20.4706421, -20.4703102, -20.4686794, -20.4668846, -20.4681339, -20.4693794, -20.4713211, -20.4702015, -20.4701385, -20.4699154
1553.5799999999972, -20.5207024, -20.5205269, -20.5214481, -20.5226536, -20.5236893, -20.5238361, -20.5239258, -20.5241318, -20.5249348, -20.5245247
1553.5899999999972, -20.5669003, -20.5659103, -20.5663986, -20.5671349, -20.5669174, -20.5669212, -20.5666008, -20.5671444, -20.5675926, -20.5666866
1553.5999999999972, -20.5923462, -20.5904922, -20.5908985, -20.5906124, -20.5912876, -20.5924282, -20.5928516, -20.5924072, -20.5932083, -20.5928383
1553.6099999999972, -20.6078968, -20.6078835, -20.6079941, -20.6085167, -20.6086216, -20.6071835, -20.6086159, -20.6098957, -20.6093292, -20.6098576
1553.6199999999972, -20.6049862, -20.6049805, -20.6050701, -20.6017513, -20.6020107, -20.6015739, -20.602663, -20.6035957, -20.6037159, -20.6036415
1553.6299999999972, -20.5812168, -20.5814419, -20.5815582, -20.5812969, -20.5819321, -20.5822868, -20.5827503, -20.5827847, -20.5830193, -20.5836735
1553.6399999999971, -20.5475044, -20.5474033, -20.5474911, -20.5477314, -20.5473785, -20.5473404, -20.5469322, -20.5465927, -20.5461922, -20.5468197
1553.6499999999971, -20.4988613, -20.4985809, -20.4984493, -20.4986439, -20.4980812, -20.4979897, -20.4969711, -20.4966869, -20.4969749, -20.4972973
1553.6599999999971, -20.4363556, -20.4359112, -20.4359837, -20.4358387, -20.4363403, -20.4364376, -20.4365444, -20.4368916, -20.4370651, -20.4367085
1553.6699999999971, -20.3808002, -20.3829479, -20.3842754, -20.3842278, -20.3844452, -20.3846779, -20.3838959, -20.3847065, -20.3846588, -20.3845291
1553.679999999997, -20.3312359, -20.3316612, -20.3311749, -20.3310871, -20.3315983, -20.3323174, -20.3313065, -20.3196087, -20.3263893, -20.3252411
1553.689999999997, -20.2875118, -20.2876205, -20.2876701, -20.2873344, -20.2849808, -20.2871799, -20.2872372, -20.2867069, -20.285656, -20.2855778
1553.699999999997, -20.2515793, -20.2516289, -20.2523804, -20.2526665, -20.2532921, -20.2531929, -20.2529449, -20.2535419, -20.2546158, -20.2533321
1553.709999999997, -20.2352085, -20.2368832, -20.2378654, -20.2380409, -20.2377186, -20.2371597, -20.2369156, -20.2394524, -20.2392769, -20.2383862
1553.719999999997, -20.2297096, -20.2304096, -20.2305698, -20.2291756, -20.2308865, -20.2301426, -20.231842, -20.231266, -20.2310734, -20.2304764
1553.729999999997, -20.2370396, -20.2374134, -20.2380219, -20.2368469, -20.2355614, -20.2376614, -20.2381611, -20.2381973, -20.2383442, -20.2380486
1553.739999999997, -20.2690468, -20.2684345, -20.2695999, -20.2706871, -20.2724323, -20.2739868, -20.2745457, -20.2737198, -20.2725048, -20.271471
1553.749999999997, -20.3023777, -20.302536, -20.3015385, -20.3022461, -20.302124, -20.302536, -20.3017826, -20.2996311, -20.296978, -20.2960854
1553.759999999997, -20.3491364, -20.3476601, -20.3468323, -20.347208, -20.3476315, -20.3482761, -20.3488941, -20.349184, -20.347683, -20.3475132
1553.769999999997, -20.3968735, -20.3957825, -20.3957825, -20.3944798, -20.3938274, -20.3958206, -20.3931141, -20.391489, -20.3921013, -20.3924084
1553.779999999997, -20.4316807, -20.4319801, -20.4316368, -20.4317131, -20.4341698, -20.4353409, -20.4352493, -20.4343872, -20.433609, -20.4341736
1553.789999999997, -20.4680634, -20.4678535, -20.4666176, -20.4669476, -20.466938, -20.4670773, -20.4673309, -20.4677162, -20.4677296, -20.4682693
1553.799999999997, -20.4800339, -20.479496, -20.4796906, -20.4781647, -20.4793739, -20.4790421, -20.4800854, -20.4810219, -20.4810104, -20.478569
1553.809999999997, -20.4948902, -20.4959259, -20.4944344, -20.494112, -20.4951191, -20.4944935, -20.4937019, -20.4940872, -20.4946594, -20.4950714
1553.819999999997, -20.4900589, -20.490591, -20.4859104, -20.4739456, -20.4666519, -20.4635124, -20.4658833, -20.4649563, -20.4626617, -20.4708633
1553.829999999997, -20.4632854, -20.4667244, -20.4676094, -20.470026, -20.4696083, -20.4701233, -20.466938, -20.4629745, -20.4614048, -20.4640713
1553.839999999997, -20.4486732, -20.4486198, -20.4493904, -20.4483891, -20.4472885, -20.4479733, -20.4478264, -20.4497681, -20.4499569, -20.4505177
1553.849999999997, -20.4208298, -20.4218826, -20.4216766, -20.4213753, -20.4224415, -20.422678, -20.4225044, -20.4221725, -20.4224243, -20.4226627
1553.859999999997, -20.3866196, -20.3861809, -20.386467, -20.3867016, -20.3866577, -20.3870964, -20.3873825, -20.3863335, -20.3869095, -20.3871193
1553.869999999997, -20.3519802, -20.3523312, -20.3520794, -20.3525295, -20.3520756, -20.3525677, -20.3533592, -20.3530025, -20.3525715, -20.3527527
1553.879999999997, -20.3145981, -20.3144531, -20.3135223, -20.315855, -20.3153667, -20.3139725, -20.3148899, -20.3158779, -20.3167381, -20.3158398
1553.889999999997, -20.2837639, -20.2833252, -20.2837353, -20.2848949, -20.2865047, -20.2868977, -20.2865238, -20.2872429, -20.2872696, -20.2866344
1553.899999999997, -20.2577591, -20.2576485, -20.257782, -20.2582054, -20.25914, -20.2584591, -20.2588444, -20.2581673, -20.2575207, -20.2571144
1553.909999999997, -20.2366543, -20.2364006, -20.2364082, -20.2364597, -20.2362289, -20.2347717, -20.2350998, -20.2359657, -20.2366066, -20.2360306
1553.919999999997, -20.2230644, -20.2229767, -20.2227554, -20.222641, -20.2223015, -20.2232895, -20.2234249, -20.2233772, -20.2234592, -20.2231598
1553.9299999999969, -20.2190571, -20.2182026, -20.2184963, -20.2184563, -20.2193108, -20.219717, -20.2200356, -20.2198238, -20.2187958, -20.2186298
1553.9399999999969, -20.2232285, -20.224369, -20.2249489, -20.2210197, -20.2149086, -20.2120361, -20.2133579, -20.2165413, -20.2187138, -20.2230682
1553.9499999999969, -20.2332115, -20.2326336, -20.2310314, -20.2316704, -20.2310829, -20.2266026, -20.2190838, -20.2190609, -20.2201786, -20.2292423
1553.9599999999969, -20.2646294, -20.2650623, -20.2609539, -20.2482452, -20.2429218, -20.2531281, -20.2555695, -20.2573605, -20.2558594, -20.2546616
1553.9699999999968, -20.2930164, -20.293066, -20.2924271, -20.2922935, -20.2923717, -20.2928066, -20.2923393, -20.2913876, -20.2896862, -20.2858791
1553.9799999999968, -20.3315754, -20.3309574, -20.3299446, -20.3295364, -20.3299313, -20.3302288, -20.3249454, -20.3256798, -20.3275242, -20.3306885
1553.9899999999968, -20.369772, -20.3700619, -20.3708134, -20.3694954, -20.369236, -20.3699284, -20.3710651, -20.3708763, -20.3710995, -20.3683472
1553.9999999999968, -20.4126015, -20.4131126, -20.4124241, -20.4131527, -20.4134407, -20.4123669, -20.4118385, -20.4096489, -20.4105415, -20.4118176
1554.0099999999968, -20.4480934, -20.4475746, -20.4477329, -20.4472542, -20.4474144, -20.446703, -20.4475632, -20.448019, -20.4475346, -20.4477043
1554.0199999999968, -20.4847355, -20.4854088, -20.4831142, -20.4827614, -20.4843693, -20.4842453, -20.4851131, -20.4852028, -20.4845047, -20.4826946
1554.0299999999968, -20.5110912, -20.5127125, -20.5139503, -20.5122814, -20.5089016, -20.5102997, -20.5116024, -20.5141811, -20.5137501, -20.5133896
1554.0399999999968, -20.5371017, -20.5372028, -20.5369225, -20.5376186, -20.5377331, -20.5368786, -20.5372696, -20.536335, -20.5374546, -20.5372734
1554.0499999999968, -20.5454445, -20.5444241, -20.5462494, -20.5459728, -20.5442371, -20.5437813, -20.5468731, -20.5473289, -20.5457268, -20.5458546
1554.0599999999968, -20.5537281, -20.5532017, -20.5527649, -20.5537682, -20.5538864, -20.5531044, -20.552557, -20.5535297, -20.5548725, -20.5545826
1554.0699999999968, -20.5451355, -20.5451908, -20.5452251, -20.5454636, -20.545681, -20.5446377, -20.5438042, -20.5446568, -20.544796, -20.5432625
1554.0799999999967, -20.5177822, -20.5146847, -20.5103245, -20.5171814, -20.5196152, -20.5199261, -20.5204716, -20.5196648, -20.5220528, -20.5225735
1554.0899999999967, -20.4989281, -20.4998837, -20.4998856, -20.5000343, -20.5006828, -20.5004559, -20.5009232, -20.5011101, -20.5008888, -20.5006523
1554.0999999999967, -20.4501705, -20.4557762, -20.4553547, -20.456192, -20.4535675, -20.4528103, -20.4543743, -20.4560528, -20.4563789, -20.457716
1554.1099999999967, -20.4184914, -20.419075, -20.4175682, -20.4177551, -20.4187756, -20.4187355, -20.4191647, -20.4200783, -20.4202938, -20.4209404
1554.1199999999967, -20.3776989, -20.3776951, -20.3779602, -20.3770332, -20.3753662, -20.3741913, -20.3776951, -20.3778095, -20.3783054, -20.3791962
1554.1299999999967, -20.3405991, -20.3402596, -20.3410816, -20.3399792, -20.3403397, -20.3412704, -20.3415508, -20.3409348, -20.3406181, -20.3412552
1554.1399999999967, -20.3064079, -20.3068867, -20.3085289, -20.3086395, -20.3078918, -20.3083458, -20.3094845, -20.3093987, -20.3094501, -20.3096104
1554.1499999999967, -20.2821846, -20.281929, -20.2824326, -20.2831173, -20.2821369, -20.2818489, -20.2820225, -20.2820721, -20.2830238, -20.2831287
1554.1599999999967, -20.2722569, -20.2722378, -20.2728271, -20.2732544, -20.273159, -20.2727108, -20.2727261, -20.2721748, -20.2730656, -20.2734089
1554.1699999999967, -20.2720852, -20.2723808, -20.2721825, -20.2719498, -20.2713528, -20.2713051, -20.268774, -20.2702274, -20.2724342, -20.2723827
1554.1799999999967, -20.2900372, -20.2908916, -20.2902946, -20.2902412, -20.2887154, -20.2875443, -20.2870865, -20.2868633, -20.2878208, -20.2891464
1554.1899999999966, -20.3075657, -20.3083591, -20.3092442, -20.3087158, -20.3096561, -20.3096333, -20.3084507, -20.30826, -20.3081017, -20.3085232
1554.1999999999966, -20.3310432, -20.3398952, -20.345665, -20.3448029, -20.3383121, -20.3340874, -20.3317776, -20.3360729, -20.3438435, -20.3395405
1554.2099999999966, -20.3910027, -20.3883762, -20.3788528, -20.3783321, -20.3654861, -20.3800678, -20.382246, -20.386385, -20.3850689, -20.3880711
1554.2199999999966, -20.4334259, -20.4337406, -20.4351807, -20.4346046, -20.433548, -20.4337254, -20.4321251, -20.433054, -20.4329395, -20.4314766
1554.2299999999966, -20.463356, -20.4624786, -20.4585743, -20.461216, -20.4616871, -20.4625893, -20.463232, -20.462925, -20.4621677, -20.4621181
1554.2399999999966, -20.5045986, -20.5054665, -20.5045052, -20.5054874, -20.5045795, -20.5057659, -20.5067673, -20.5056095, -20.5057316, -20.505064
1554.2499999999966, -20.5228367, -20.5222893, -20.5217266, -20.5230865, -20.5233288, -20.5221825, -20.5237083, -20.5236988, -20.5240917, -20.5244999
1554.2599999999966, -20.5299263, -20.5252151, -20.5288143, -20.5316849, -20.5283146, -20.5329437, -20.5359955, -20.5376263, -20.536087, -20.536335
1554.2699999999966, -20.533617, -20.5343246, -20.5336533, -20.533041, -20.5330811, -20.533041, -20.5335827, -20.5334797, -20.534256, -20.5329933
1554.2799999999966, -20.5236149, -20.5240669, -20.5242786, -20.5230808, -20.5243778, -20.5254517, -20.5252304, -20.525816, -20.5256767, -20.5241165
1554.2899999999966, -20.4926987, -20.4920521, -20.4932823, -20.4928951, -20.4928684, -20.4923706, -20.49189, -20.4909725, -20.4909039, -20.4910984
1554.2999999999965, -20.4517384, -20.4469204, -20.4413509, -20.4461823, -20.4554214, -20.458519, -20.4596863, -20.4590206, -20.4585228, -20.4559593
1554.3099999999965, -20.3988438, -20.3869514, -20.3872452, -20.3896923, -20.3887196, -20.3897572, -20.4058094, -20.4016972, -20.4070263, -20.4091568
1554.3199999999965, -20.3780994, -20.3790054, -20.378315, -20.3784389, -20.378273, -20.3786278, -20.3779564, -20.3775196, -20.3755474, -20.3719254
1554.3299999999965, -20.3292542, -20.3308201, -20.3278427, -20.3278065, -20.3236141, -20.3263798, -20.3262348, -20.3262196, -20.3229027, -20.3190022
1554.3399999999965, -20.2918205, -20.2941608, -20.2941399, -20.2944679, -20.2951832, -20.2961617, -20.2969494, -20.296917, -20.2968979, -20.2956696
1554.3499999999965, -20.2732754, -20.2732735, -20.273283, -20.2734566, -20.273531, -20.2728519, -20.2741547, -20.2741127, -20.2731857, -20.2716904
1554.3599999999965, -20.2628784, -20.2624073, -20.2617092, -20.2615738, -20.2616539, -20.262558, -20.2631454, -20.2626076, -20.2614708, -20.2595387
1554.3699999999965, -20.2680721, -20.2664738, -20.2671471, -20.2672501, -20.2660885, -20.2681408, -20.2692032, -20.2687359, -20.2689362, -20.2682858
1554.3799999999965, -20.2924862, -20.2928658, -20.2921181, -20.2902451, -20.2915268, -20.2926941, -20.2928715, -20.29245, -20.2923012, -20.2923527
1554.3899999999965, -20.3349934, -20.3349133, -20.3350334, -20.3370152, -20.3381824, -20.3372936, -20.3370972, -20.337677, -20.3366947, -20.3362617
1554.3999999999965, -20.3830681, -20.3832264, -20.3820744, -20.3821602, -20.3822498, -20.382513, -20.3827248, -20.3824444, -20.3836613, -20.3834038
1554.4099999999964, -20.4371319, -20.4357224, -20.4330311, -20.432785, -20.4331741, -20.4357719, -20.4358959, -20.4363308, -20.4355392, -20.4362488
1554.4199999999964, -20.4892616, -20.4893608, -20.4885674, -20.4879036, -20.4895992, -20.4907379, -20.4907227, -20.4908104, -20.4909458, -20.4878502
1554.4299999999964, -20.530632, -20.5303802, -20.5304546, -20.5313835, -20.5319214, -20.5324936, -20.5327072, -20.5325432, -20.5325375, -20.5321484
1554.4399999999964, -20.5609493, -20.5593948, -20.5592709, -20.5588589, -20.5585575, -20.5599174, -20.5582676, -20.5565701, -20.556839, -20.5565605
1554.4499999999964, -20.5830135, -20.5836735, -20.5833473, -20.5847073, -20.5854874, -20.5849133, -20.5850754, -20.58465, -20.584898, -20.5853081
1554.4599999999964, -20.5888672, -20.5889626, -20.587925, -20.5878792, -20.5878353, -20.5888023, -20.5886612, -20.5879459, -20.5878296, -20.5881901
1554.4699999999964, -20.5672493, -20.5677376, -20.5679913, -20.5680103, -20.5690422, -20.569315, -20.5686779, -20.5686874, -20.5683708, -20.5680065
1554.4799999999964, -20.5423794, -20.5420971, -20.5438881, -20.5446835, -20.54533, -20.5395279, -20.5334759, -20.5344143, -20.536562, -20.5403976
1554.4899999999964, -20.4966908, -20.4991207, -20.4999866, -20.5005932, -20.5024567, -20.5030594, -20.4988289, -20.4864979, -20.4886265, -20.4901619
1554.4999999999964, -20.4608803, -20.4629745, -20.4635696, -20.4652767, -20.4498596, -20.4482613, -20.4503117, -20.4598045, -20.4649677, -20.4637108
1554.5099999999964, -20.4153633, -20.4227638, -20.4248199, -20.4177361, -20.4167423, -20.4203377, -20.4183006, -20.4213295, -20.4240685, -20.4243317
1554.5199999999963, -20.3766804, -20.3781948, -20.3762608, -20.377615, -20.3751888, -20.3667965, -20.367054, -20.3667221, -20.3757057, -20.3685799
1554.5299999999963, -20.3313351, -20.3374252, -20.3433952, -20.3470078, -20.3440628, -20.340826, -20.3409424, -20.3402386, -20.3445015, -20.3462448
1554.5399999999963, -20.3206482, -20.3159924, -20.3192883, -20.3275623, -20.322607, -20.3242111, -20.3249416, -20.325079, -20.3270016, -20.3239155
1554.5499999999963, -20.3163567, -20.3187618, -20.3192215, -20.3153954, -20.3028679, -20.3097591, -20.3136444, -20.3180428, -20.3190422, -20.3198204
1554.5599999999963, -20.3283195, -20.3291016, -20.3297558, -20.3297043, -20.3280697, -20.3284378, -20.3280983, -20.3300629, -20.3307686, -20.3299503
1554.5699999999963, -20.352951, -20.3539391, -20.351265, -20.3484268, -20.353529, -20.3544807, -20.3548985, -20.354969, -20.3560028, -20.3556881
1554.5799999999963, -20.3812828, -20.3841629, -20.3876648, -20.3860798, -20.3871441, -20.3846836, -20.3854465, -20.3883438, -20.3901176, -20.3909683
1554.5899999999963, -20.4356785, -20.4364128, -20.4343338, -20.4383602, -20.438818, -20.4358883, -20.4378605, -20.4398079, -20.4402733, -20.4398632
1554.5999999999963, -20.4885445, -20.4889965, -20.4893246, -20.4899597, -20.4899654, -20.4891109, -20.4884377, -20.4886227, -20.4878693, -20.4872837
1554.6099999999963, -20.5331211, -20.5329723, -20.5324497, -20.5335007, -20.5336342, -20.5331459, -20.531847, -20.5312939, -20.5312595, -20.5311756
1554.6199999999963, -20.5728569, -20.5735741, -20.5740719, -20.5739918, -20.5742207, -20.5738468, -20.5735531, -20.5729847, -20.572094, -20.5725918
1554.6299999999962, -20.6053619, -20.6069927, -20.6078472, -20.6081257, -20.6076622, -20.6067181, -20.6061954, -20.6061707, -20.6059608, -20.6067677
1554.6399999999962, -20.6204052, -20.6207275, -20.6209831, -20.6213207, -20.6209641, -20.6213112, -20.6212826, -20.6215878, -20.6224689, -20.6224861
1554.6499999999962, -20.6195641, -20.6197968, -20.6205559, -20.620142, -20.6199417, -20.6197796, -20.6189651, -20.6195335, -20.6192207, -20.619503
1554.6599999999962, -20.5986481, -20.5995445, -20.599144, -20.5996761, -20.5994244, -20.5990582, -20.5988178, -20.5982609, -20.5974941, -20.5967083
1554.6699999999962, -20.5594311, -20.5595207, -20.5591278, -20.5592079, -20.559391, -20.5592175, -20.5590534, -20.5593414, -20.5593224, -20.5594406
1554.6799999999962, -20.52355, -20.5243282, -20.5238457, -20.5232315, -20.5232582, -20.5230713, -20.5233383, -20.5229454, -20.522747, -20.5238647
1554.6899999999962, -20.4874935, -20.4878788, -20.4879284, -20.4887772, -20.4885731, -20.4892464, -20.489399, -20.489584, -20.4897556, -20.4902725
1554.6999999999962, -20.4354916, -20.4340954, -20.4348488, -20.4355469, -20.433382, -20.4332905, -20.4353752, -20.4347038, -20.4339142, -20.433754
1554.7099999999962, -20.3865204, -20.3873844, -20.3878746, -20.3873348, -20.3874149, -20.3886337, -20.3875504, -20.3865433, -20.3861847, -20.3865185
1554.7199999999962, -20.3459568, -20.3459377, -20.3458443, -20.3457336, -20.3454418, -20.3467979, -20.3461647, -20.345417, -20.3454018, -20.3451385
1554.7299999999962, -20.317358, -20.3176079, -20.3179779, -20.3174477, -20.312748, -20.3160343, -20.3173027, -20.317997, -20.318119, -20.3186111
1554.7399999999961, -20.2953377, -20.2958145, -20.2958565, -20.2960377, -20.2957115, -20.2959652, -20.2958584, -20.2958088, -20.29603, -20.2958241
1554.7499999999961, -20.2844677, -20.2845745, -20.28479, -20.2846661, -20.2838936, -20.2833862, -20.2830868, -20.2832603, -20.282753, -20.2829475
1554.7599999999961, -20.2801208, -20.2800674, -20.2802734, -20.2805405, -20.279953, -20.2800312, -20.2795372, -20.2796688, -20.2793484, -20.2797985
1554.7699999999961, -20.2915821, -20.2913761, -20.292141, -20.291975, -20.2923126, -20.2919598, -20.2925491, -20.2923164, -20.2924519, -20.2923164
1554.779999999996, -20.3166103, -20.3160858, -20.315321, -20.3157558, -20.3155689, -20.3158169, -20.3157005, -20.3155174, -20.3143158, -20.3136024
1554.789999999996, -20.3436642, -20.3434811, -20.3433857, -20.3428898, -20.3417473, -20.3411236, -20.3401985, -20.339962, -20.3391342, -20.3397636
1554.799999999996, -20.383007, -20.3813572, -20.3799057, -20.3784122, -20.3789806, -20.3786793, -20.3786983, -20.3790092, -20.3789692, -20.379282
1554.809999999996, -20.4215183, -20.4220467, -20.4221706, -20.4214344, -20.4208107, -20.4212952, -20.4207726, -20.4210987, -20.4212818, -20.4210014
1554.819999999996, -20.4637203, -20.4623642, -20.462183, -20.463356, -20.4626274, -20.4627609, -20.4613609, -20.461113, -20.46101, -20.4610558
1554.829999999996, -20.5057564, -20.5046043, -20.5042553, -20.5055103, -20.5049763, -20.5055809, -20.5059376, -20.5065651, -20.5037251, -20.5049267
1554.839999999996, -20.535244, -20.5340443, -20.5332146, -20.5324173, -20.532795, -20.5342407, -20.5360184, -20.53545, -20.5318127, -20.5322952
1554.849999999996, -20.5620384, -20.5618, -20.5610104, -20.5623112, -20.5633221, -20.5638885, -20.5640316, -20.5627441, -20.5615864, -20.5616913
1554.859999999996, -20.5908375, -20.5905323, -20.5899429, -20.5897961, -20.5902061, -20.590353, -20.5909119, -20.5909271, -20.5914955, -20.5920582
1554.869999999996, -20.594574, -20.593874, -20.5944538, -20.5952244, -20.5962334, -20.5961628, -20.5954475, -20.5953064, -20.5952206, -20.5945511
1554.879999999996, -20.5872555, -20.5872269, -20.5864506, -20.5871429, -20.5872211, -20.5876656, -20.5879955, -20.5882912, -20.5887718, -20.5886765
1554.889999999996, -20.5726376, -20.5722084, -20.5725117, -20.5720634, -20.5713272, -20.5719452, -20.5717258, -20.5724468, -20.5731106, -20.5730801
1554.899999999996, -20.5483761, -20.5489349, -20.5491428, -20.5495281, -20.5494862, -20.5497437, -20.549242, -20.5496922, -20.5497627, -20.5504951
1554.909999999996, -20.5187263, -20.519434, -20.5189228, -20.5194092, -20.5190563, -20.5193253, -20.5195389, -20.5198975, -20.5200691, -20.5208263
1554.919999999996, -20.4818249, -20.4816093, -20.4822845, -20.4821415, -20.4824467, -20.48246, -20.4830055, -20.4824638, -20.4818993, -20.4823704
1554.929999999996, -20.4322224, -20.4323997, -20.4327812, -20.4325447, -20.4332962, -20.4323559, -20.432621, -20.4327755, -20.4337921, -20.4331646
1554.939999999996, -20.3946342, -20.3933983, -20.3929996, -20.3936024, -20.3937321, -20.3932457, -20.3931694, -20.3936481, -20.3929996, -20.3930111
1554.949999999996, -20.3481274, -20.3478928, -20.34828, -20.3480854, -20.3480721, -20.3482189, -20.3477039, -20.3474522, -20.3474846, -20.347744
1554.959999999996, -20.3201199, -20.3195667, -20.3189125, -20.3190212, -20.319067, -20.3186836, -20.3188992, -20.3187428, -20.3188972, -20.3189163
1554.969999999996, -20.2968521, -20.2976284, -20.297596, -20.297781, -20.2978153, -20.2986526, -20.2978764, -20.2987823, -20.2979832, -20.2978172
1554.979999999996, -20.2997894, -20.2993813, -20.2998409, -20.3008423, -20.299593, -20.3001862, -20.301302, -20.3005428, -20.299799, -20.299963
1554.989999999996, -20.3089504, -20.3091259, -20.3093433, -20.3093948, -20.3094559, -20.3095303, -20.3094959, -20.3091831, -20.3090382, -20.309803
1554.999999999996, -20.3389473, -20.3395176, -20.3379364, -20.336525, -20.336937, -20.3378429, -20.3363285, -20.3349743, -20.3341103, -20.3339977
1555.009999999996, -20.3801975, -20.378376, -20.3789101, -20.3807678, -20.3807545, -20.3800735, -20.3803329, -20.3798618, -20.3791084, -20.3847542
1555.019999999996, -20.4346752, -20.4330978, -20.433876, -20.4349251, -20.4364777, -20.4358578, -20.4348392, -20.4353905, -20.4345837, -20.4339962
1555.0299999999959, -20.499115, -20.4991341, -20.500412, -20.501339, -20.5006981, -20.501997, -20.5030918, -20.5027008, -20.5021267, -20.5010986
1555.0399999999959, -20.5734043, -20.5826397, -20.5719032, -20.572382, -20.5715408, -20.5704098, -20.5703297, -20.5708637, -20.5703545, -20.5686283
1555.0499999999959, -20.6201077, -20.6194916, -20.6195183, -20.6172028, -20.6167908, -20.6165104, -20.6168804, -20.6171227, -20.618063, -20.6184559
1555.0599999999959, -20.6636772, -20.6640835, -20.6675091, -20.6677799, -20.6666794, -20.6641693, -20.6637783, -20.6655006, -20.6667519, -20.6656361
1555.0699999999958, -20.6816902, -20.6819, -20.6817226, -20.6818581, -20.680624, -20.6800938, -20.6790771, -20.6786823, -20.6782246, -20.6796932
1555.0799999999958, -20.6733685, -20.673954, -20.6734142, -20.6733265, -20.6750374, -20.675127, -20.6729851, -20.6719265, -20.6724205, -20.6727734
1555.0899999999958, -20.640501, -20.6402779, -20.6400013, -20.6404037, -20.6404305, -20.639904, -20.639185, -20.6384125, -20.6381035, -20.6377888
1555.0999999999958, -20.5978107, -20.5986233, -20.5983925, -20.5985107, -20.5988541, -20.5982876, -20.5986919, -20.597971, -20.598978, -20.598938
1555.1099999999958, -20.5515308, -20.5512238, -20.5523357, -20.5518799, -20.5521069, -20.5519485, -20.5519085, -20.552599, -20.5528545, -20.5527515
1555.1199999999958, -20.5150566, -20.5146236, -20.51441, -20.5140457, -20.5142059, -20.5138226, -20.5137691, -20.5128746, -20.5130348, -20.5129471
1555.1299999999958, -20.4956036, -20.4961681, -20.4965496, -20.4965401, -20.4966183, -20.4971504, -20.4955158, -20.4951591, -20.4953022, -20.4946995
1555.1399999999958, -20.5310078, -20.5308456, -20.5306606, -20.5306492, -20.5301361, -20.5306034, -20.5304508, -20.530283, -20.5302391, -20.5306816
1555.1499999999958, -20.6366062, -20.6362782, -20.6361256, -20.6365719, -20.6360683, -20.637228, -20.6363735, -20.6367626, -20.636425, -20.6362629
1555.1599999999958, -20.8241673, -20.8244629, -20.8253918, -20.8253613, -20.826004, -20.826437, -20.8270493, -20.8269119, -20.8270664, -20.8285713
1555.1699999999958, -21.0430031, -21.0436478, -21.0444679, -21.0453358, -21.0442371, -21.0449142, -21.0444965, -21.0440063, -21.0449409, -21.04533
1555.1799999999957, -21.2537689, -21.2536507, -21.2538147, -21.2537956, -21.2540188, -21.2539368, -21.2546768, -21.2547665, -21.2554531, -21.2559948
1555.1899999999957, -21.3357258, -21.3357391, -21.3353825, -21.3359718, -21.335947, -21.335865, -21.3357811, -21.3354836, -21.3359356, -21.3363972
1555.1999999999957, -21.2768173, -21.2760029, -21.2756157, -21.2751751, -21.2753468, -21.2753239, -21.2757626, -21.2756805, -21.2757263, -21.2757206
1555.2099999999957, -21.2481766, -21.2481422, -21.2486477, -21.2482014, -21.2474747, -21.24823, -21.2477856, -21.2478848, -21.2486019, -21.2486038
