wavelength_nm ,power_reading_0_dbm ,power_reading_1_dbm ,power_reading_2_dbm ,power_reading_3_dbm ,power_reading_4_dbm ,power_reading_5_dbm ,power_reading_6_dbm ,power_reading_7_dbm ,power_reading_8_dbm ,power_reading_9_dbm 
1556.0, -45.7180939, -45.7192345, -45.7192497, -45.7216377, -45.7228813, -45.7216721, -45.7209587, -45.7224007, -45.7235603, -45.7233963
1556.005, -45.6211205, -45.621315, -45.619545, -45.6177025, -45.6199188, -45.6189156, -45.6201134, -45.6200027, -45.6209755, -45.6216049
1556.0100000000002, -45.4844208, -45.4831352, -45.4827118, -45.4839973, -45.4834938, -45.4846115, -45.4859886, -45.4851608, -45.4852371, -45.4852371
1556.0150000000003, -45.3667641, -45.363678, -45.3641853, -45.3645935, -45.3622284, -45.3634949, -45.3611298, -45.3635864, -45.3631287, -45.362793
1556.0200000000004, -45.2241936, -45.2247581, -45.2217407, -45.2237663, -45.2250061, -45.2246666, -45.2237968, -45.2243271, -45.2243118, -45.2242699
1556.0250000000005, -45.0801582, -45.0812759, -45.0783577, -45.0803299, -45.077858, -45.0787849, -45.0797272, -45.0779991, -45.080143, -45.0817909
1556.0300000000007, -44.8909416, -44.8895454, -44.8918037, -44.8912697, -44.8900528, -44.8887634, -44.8902397, -44.8901215, -44.8903389, -44.8941612
1556.0350000000008, -44.7266769, -44.7258453, -44.7236328, -44.7248573, -44.725132, -44.7250938, -44.7259636, -44.7248039, -44.7275581, -44.7272835
1556.0400000000009, -44.5432129, -44.5409241, -44.5414391, -44.54039, -44.5409355, -44.5418701, -44.5430717, -44.540062, -44.5418434, -44.5424767
1556.045000000001, -44.3560791, -44.3544731, -44.3555489, -44.3539619, -44.3539886, -44.3545685, -44.3537102, -44.3529854, -44.3513145, -44.3511086
1556.050000000001, -44.117054, -44.1149559, -44.1146812, -44.1146812, -44.1145668, -44.1144867, -44.1139145, -44.1157913, -44.1163559, -44.1153793
1556.0550000000012, -43.8992081, -43.9001427, -43.9003296, -43.9010696, -43.9042854, -43.9032593, -43.9049301, -43.9047127, -43.9057693, -43.9057808
1556.0600000000013, -43.6801987, -43.6763649, -43.6763992, -43.6728592, -43.671875, -43.6741638, -43.6746483, -43.6754456, -43.6752167, -43.6723328
1556.0650000000014, -43.4299126, -43.4296455, -43.4283066, -43.4277992, -43.4281807, -43.4260483, -43.4270248, -43.4272003, -43.4273109, -43.428936
1556.0700000000015, -43.1962814, -43.193737, -43.1892548, -43.1878777, -43.1868896, -43.1860733, -43.184845, -43.1842728, -43.1842422, -43.185482
1556.0750000000016, -42.8768692, -42.8746262, -42.8750725, -42.8773041, -42.8768005, -42.8767166, -42.8778877, -42.877079, -42.8781204, -42.8783073
1556.0800000000017, -42.6126862, -42.6117401, -42.6123123, -42.6105309, -42.6070976, -42.6086578, -42.6090469, -42.6117935, -42.6110954, -42.6117363
1556.0850000000019, -42.3152313, -42.3120995, -42.3118668, -42.3134499, -42.3137016, -42.310421, -42.3115845, -42.3105927, -42.3110542, -42.309021
1556.090000000002, -41.9809837, -41.9757233, -41.9728622, -41.9714432, -41.9712181, -41.9696922, -41.9688225, -41.9678612, -41.9656677, -41.9648705
1556.095000000002, -41.6405678, -41.6398888, -41.6374626, -41.6365738, -41.6369095, -41.637146, -41.635952, -41.6384811, -41.6415253, -41.6418839
1556.1000000000022, -41.3052559, -41.3032417, -41.305603, -41.3058357, -41.3084602, -41.3105392, -41.3100243, -41.3102379, -41.3112793, -41.3105392
1556.1050000000023, -40.966629, -40.9648476, -40.9649849, -40.9641113, -40.9629631, -40.9607658, -40.9621239, -40.9622879, -40.9592438, -40.9588852
1556.1100000000024, -40.540432, -40.5377579, -40.5358658, -40.5356941, -40.5338058, -40.532547, -40.5341263, -40.5339165, -40.5310059, -40.5338097
1556.1150000000025, -40.1361389, -40.1364365, -40.1388855, -40.1387367, -40.1353531, -40.1367073, -40.1344032, -40.1351204, -40.1358871, -40.1340561
1556.1200000000026, -39.7523842, -39.7513809, -39.7488823, -39.7512627, -39.7491455, -39.7472763, -39.7449188, -39.7428551, -39.7443275, -39.7457275
1556.1250000000027, -39.3091087, -39.3052979, -39.3064804, -39.3062935, -39.308773, -39.3101921, -39.3083, -39.3102341, -39.3143044, -39.3151894
1556.1300000000028, -38.8048782, -38.8004494, -38.7965584, -38.791996, -38.7937965, -38.7947044, -38.792408, -38.7891197, -38.790451, -38.7898445
1556.135000000003, -38.3338737, -38.3342705, -38.332859, -38.3304482, -38.3313866, -38.3326416, -38.3316002, -38.3290405, -38.3297844, -38.3284645
1556.140000000003, -37.8628616, -37.8584557, -37.85532, -37.8537178, -37.850811, -37.8476448, -37.8445511, -37.843071, -37.8455811, -37.8439522
1556.1450000000032, -37.3480759, -37.3523903, -37.3562622, -37.3612976, -37.3618774, -37.3607635, -37.3630867, -37.3626099, -37.3643837, -37.3626556
1556.1500000000033, -36.8004265, -36.8031998, -36.8040657, -36.7961769, -36.795578, -36.7962227, -36.7955933, -36.798008, -36.798481, -36.79179
1556.1550000000034, -36.2601357, -36.2628555, -36.2636185, -36.2608719, -36.2618332, -36.2614212, -36.2668648, -36.2675133, -36.2655106, -36.2668648
1556.1600000000035, -35.7665634, -35.7661781, -35.76577, -35.7657661, -35.7656441, -35.7653656, -35.7657089, -35.7659073, -35.7653999, -35.7684059
1556.1650000000036, -35.2307434, -35.2301331, -35.2271156, -35.2274246, -35.2251663, -35.2243919, -35.2269707, -35.2276192, -35.2267609, -35.2250481
1556.1700000000037, -34.5846825, -34.5827446, -34.58284, -34.5796318, -34.5782318, -34.5786743, -34.5786819, -34.5800667, -34.5811272, -34.5865402
1556.1750000000038, -34.0145493, -34.0095825, -34.0081444, -34.0063896, -34.0026817, -34.0006866, -34.0020828, -33.9982491, -33.9961281, -33.9967804
1556.180000000004, -33.4208298, -33.4211464, -33.4219856, -33.420723, -33.4212914, -33.4232941, -33.4253654, -33.4240456, -33.4238548, -33.4247322
1556.185000000004, -32.8135948, -32.8141708, -32.8189049, -32.8172798, -32.8166504, -32.8180084, -32.8171196, -32.8171196, -32.8163643, -32.8189316
1556.1900000000041, -32.0931435, -32.0950317, -32.0956612, -32.0967331, -32.0986252, -32.0987854, -32.0971642, -32.0993309, -32.1003456, -32.0963707
1556.1950000000043, -31.4622288, -31.4602528, -31.457613, -31.460947, -31.4630947, -31.4636021, -31.4625301, -31.4662609, -31.4660072, -31.464241
1556.2000000000044, -30.8574486, -30.8561687, -30.8612518, -30.8615017, -30.8608208, -30.8601513, -30.8615227, -30.8594437, -30.8563614, -30.8588486
1556.2050000000045, -30.2257328, -30.2215195, -30.2201786, -30.216608, -30.2162037, -30.2193127, -30.2188301, -30.2154064, -30.216711, -30.2151623
1556.2100000000046, -29.4441376, -29.4406681, -29.4433098, -29.4438305, -29.4467697, -29.4491119, -29.4465942, -29.4520073, -29.4528961, -29.4509888
1556.2150000000047, -28.7797756, -28.7775669, -28.7757244, -28.7750206, -28.7718029, -28.7648983, -28.7664261, -28.7654533, -28.7650642, -28.7647572
1556.2200000000048, -28.0708809, -28.0668488, -28.0689163, -28.0644264, -28.0653648, -28.0666943, -28.0643921, -28.0639553, -28.0607567, -28.0626869
1556.225000000005, -27.3602982, -27.3610954, -27.3635216, -27.3651028, -27.3643589, -27.3620682, -27.3644123, -27.3654575, -27.3653622, -27.3630295
1556.230000000005, -26.5393753, -26.5377541, -26.539732, -26.539196, -26.5377445, -26.5377903, -26.5363922, -26.5407295, -26.5388527, -26.5346661
1556.2350000000051, -25.8024197, -25.8042011, -25.8073273, -25.8094292, -25.8047829, -25.8039646, -25.8041782, -25.8078823, -25.8051186, -25.8079834
1556.2400000000052, -25.0969772, -25.098772, -25.0966969, -25.1014919, -25.100853, -25.100666, -25.099226, -25.1011066, -25.1038246, -25.1032734
1556.2450000000053, -24.2343082, -24.2296143, -24.2286453, -24.2263412, -24.2254772, -24.2230663, -24.2229576, -24.2205582, -24.2173138, -24.2215157
1556.2500000000055, -23.4821472, -23.4858894, -23.4866734, -23.4849911, -23.4877892, -23.4933891, -23.497654, -23.5028839, -23.501173, -23.4991627
1556.2550000000056, -22.8084488, -22.8042316, -22.8072586, -22.8121147, -22.8078537, -22.8083973, -22.8073444, -22.8067493, -22.8102818, -22.814888
1556.2600000000057, -22.1122952, -22.1118145, -22.1098328, -22.1140041, -22.1137829, -22.1098843, -22.110033, -22.114954, -22.1133041, -22.1169491
1556.2650000000058, -21.271677, -21.2688465, -21.2673225, -21.2603188, -21.2587032, -21.2546883, -21.2555294, -21.255331, -21.2522087, -21.2523556
1556.270000000006, -20.5436916, -20.5447273, -20.5463181, -20.5426598, -20.5407543, -20.5342865, -20.5340309, -20.5385399, -20.537838, -20.5320206
1556.275000000006, -19.8071651, -19.8063698, -19.8092575, -19.8070164, -19.8028679, -19.8016853, -19.7971439, -19.7953129, -19.7963161, -19.7951107
1556.280000000006, -19.0841942, -19.0838985, -19.0865269, -19.0789127, -19.0763397, -19.075325, -19.0749187, -19.0776157, -19.0781174, -19.0816975
1556.2850000000062, -18.3803082, -18.3822269, -18.384264, -18.3836403, -18.3821888, -18.3804569, -18.3789883, -18.3798161, -18.3836994, -18.3847427
1556.2900000000063, -17.5479584, -17.5468807, -17.5500755, -17.5456352, -17.541584, -17.539341, -17.5414085, -17.5432987, -17.5446568, -17.5469894
1556.2950000000064, -16.8308735, -16.8376942, -16.8339558, -16.8335171, -16.8341961, -16.8353729, -16.8307285, -16.8264484, -16.8282108, -16.8285656
1556.3000000000065, -16.1300964, -16.127409, -16.1273613, -16.1221695, -16.1197968, -16.1191864, -16.1252575, -16.1261673, -16.1304169, -16.1338444
1556.3050000000067, -15.3592157, -15.3548012, -15.3559618, -15.3521633, -15.3506098, -15.345521, -15.3456535, -15.3411455, -15.3427401, -15.3432026
1556.3100000000068, -14.633213, -14.6314783, -14.6331358, -14.633173, -14.6338873, -14.6332817, -14.636817, -14.6351156, -14.6333656, -14.6361856
1556.3150000000069, -13.9786825, -13.9829493, -13.9847498, -13.9832954, -13.9802523, -13.9792299, -13.9823637, -13.982646, -13.9876127, -13.9809046
1556.320000000007, -13.2827053, -13.2896166, -13.2910671, -13.2876558, -13.2889261, -13.2898884, -13.2894964, -13.2859449, -13.2881241, -13.292058
1556.325000000007, -12.5577412, -12.5556536, -12.5535727, -12.5470648, -12.5446472, -12.5453796, -12.5430908, -12.5430803, -12.5393658, -12.5356407
1556.3300000000072, -11.8937025, -11.8910341, -11.8945026, -11.8939943, -11.8945227, -11.8914928, -11.8932781, -11.8933716, -11.8984861, -11.8955688
1556.3350000000073, -11.2789536, -11.2777719, -11.2776766, -11.2791719, -11.2797308, -11.279561, -11.2814445, -11.2800789, -11.2815838, -11.2780943
1556.3400000000074, -10.6841669, -10.6815653, -10.6783094, -10.6785259, -10.681632, -10.6807814, -10.6809855, -10.6787786, -10.6805305, -10.6740332
1556.3450000000075, -10.0031548, -9.99951172, -9.99660206, -9.99358368, -9.99123859, -9.99104118, -9.99226189, -9.9913702, -9.99364185, -9.99295807
1556.3500000000076, -9.43597126, -9.43656445, -9.43550873, -9.4384737, -9.43989563, -9.44081974, -9.44040012, -9.43785381, -9.43635273, -9.43803406
1556.3550000000077, -8.91290283, -8.90962696, -8.91098022, -8.91013527, -8.91009045, -8.91526794, -8.91746807, -8.91899872, -8.91974068, -8.91936302
1556.3600000000079, -8.42023659, -8.41858578, -8.41625881, -8.4158411, -8.41177273, -8.408288, -8.41098404, -8.41355038, -8.41255665, -8.41234398
1556.365000000008, -7.85005331, -7.85048676, -7.85158157, -7.85206652, -7.85467529, -7.85620642, -7.85851145, -7.8588357, -7.85891199, -7.86042452
1556.370000000008, -7.42395449, -7.42232561, -7.42177629, -7.4216156, -7.41958237, -7.41670609, -7.41660404, -7.41530657, -7.41773129, -7.41879797
1556.3750000000082, -6.99684858, -6.99446917, -6.98944092, -6.98869228, -6.98805189, -6.98948717, -6.98977518, -6.98940563, -6.99098444, -6.98875427
1556.3800000000083, -6.59565353, -6.59640837, -6.59432507, -6.59393215, -6.59146929, -6.59006405, -6.59008312, -6.59104252, -6.59102011, -6.59051418
1556.3850000000084, -6.17229176, -6.16961145, -6.16836214, -6.16459131, -6.16569519, -6.16523027, -6.16227579, -6.16170359, -6.15838385, -6.16048765
1556.3900000000085, -5.82012177, -5.82073116, -5.82060337, -5.82108259, -5.82218885, -5.82180977, -5.82203341, -5.82383871, -5.82229948, -5.82425356
1556.3950000000086, -5.50679874, -5.50422096, -5.50396729, -5.50407362, -5.50410557, -5.50336313, -5.5019393, -5.49964952, -5.4984889, -5.49941683
1556.4000000000087, -5.20573902, -5.20480728, -5.2038331, -5.2039547, -5.20350075, -5.20449066, -5.20328951, -5.20417356, -5.20409966, -5.20384407
1556.4050000000088, -4.90736103, -4.90661716, -4.90491676, -4.90815258, -4.90775681, -4.90752935, -4.90681267, -4.90636063, -4.90911484, -4.90732956
1556.410000000009, -4.66335535, -4.66318035, -4.66516066, -4.6649437, -4.66473722, -4.66472912, -4.66448116, -4.66318178, -4.66413927, -4.66470861
1556.415000000009, -4.42919922, -4.43026638, -4.43193579, -4.43343782, -4.43259716, -4.43139935, -4.43198967, -4.43207407, -4.43033457, -4.43194389
1556.4200000000092, -4.23281384, -4.23098373, -4.22979403, -4.23003817, -4.2302556, -4.22835207, -4.22844791, -4.22923899, -4.23045158, -4.23013735
1556.4250000000093, -4.01727486, -4.01689386, -4.01733303, -4.01759005, -4.01686239, -4.01681852, -4.01731682, -4.01594543, -4.01587486, -4.01692915
1556.4300000000094, -3.85920477, -3.85694361, -3.85486698, -3.85352039, -3.85124254, -3.84940839, -3.85275888, -3.85274863, -3.85271978, -3.85355997
1556.4350000000095, -3.70759535, -3.70960951, -3.70935559, -3.70990896, -3.70987177, -3.70892072, -3.70611644, -3.70576167, -3.70668674, -3.70795131
1556.4400000000096, -3.56481934, -3.56397128, -3.56390667, -3.56281185, -3.56176877, -3.56176448, -3.56055856, -3.56044173, -3.55933261, -3.5582521
1556.4450000000097, -3.42299366, -3.42650461, -3.43082547, -3.43089366, -3.43189168, -3.43325615, -3.43472838, -3.43336296, -3.4374516, -3.43698835
1556.4500000000098, -3.34294748, -3.34227943, -3.34243894, -3.34223247, -3.34147072, -3.34129047, -3.34312606, -3.34139419, -3.34198594, -3.34232783
1556.45500000001, -3.2570312, -3.25703025, -3.25739121, -3.25740051, -3.25763917, -3.2580471, -3.25829482, -3.25827789, -3.25901628, -3.25960684
1556.46000000001, -3.16867447, -3.16866589, -3.16951561, -3.16897273, -3.16857505, -3.16805172, -3.16767073, -3.16982365, -3.17260218, -3.17319059
1556.4650000000101, -3.11005473, -3.11003542, -3.10836792, -3.10805559, -3.10725307, -3.10613871, -3.1077795, -3.10750389, -3.10715532, -3.10663843
1556.4700000000103, -3.05232143, -3.0521729, -3.05158234, -3.05049062, -3.05183697, -3.05225205, -3.05230451, -3.05182052, -3.05059528, -3.05163479
1556.4750000000104, -3.00007415, -3.00026488, -3.00102162, -3.00050998, -3.00087523, -3.00127578, -3.00158811, -3.00229454, -3.00175357, -3.00243402
1556.4800000000105, -2.95758915, -2.95770144, -2.95810556, -2.95823693, -2.9575367, -2.95635009, -2.95772743, -2.95647836, -2.95767689, -2.95798469
1556.4850000000106, -2.91377664, -2.91396356, -2.91367435, -2.91298318, -2.91340089, -2.91372561, -2.91381121, -2.91406584, -2.91323018, -2.9129653
1556.4900000000107, -2.87890196, -2.87863946, -2.87886071, -2.87844682, -2.87743855, -2.87802362, -2.87754822, -2.87706637, -2.87682176, -2.87713552
1556.4950000000108, -2.845366, -2.84622192, -2.84721375, -2.84620571, -2.84665132, -2.84717131, -2.84642386, -2.84732223, -2.84712839, -2.84783554
1556.500000000011, -2.81484652, -2.816715, -2.81698251, -2.81703949, -2.81691575, -2.81669712, -2.81624794, -2.81715703, -2.81696606, -2.81649899
1556.505000000011, -2.79172206, -2.79107761, -2.79108477, -2.79196453, -2.7921226, -2.79200435, -2.7917583, -2.79207945, -2.79088521, -2.79136634
1556.5100000000111, -2.77197957, -2.77052736, -2.77066708, -2.7709403, -2.7705934, -2.77057719, -2.77065897, -2.77077508, -2.76870489, -2.76805258
1556.5150000000112, -2.7536087, -2.75381541, -2.75316548, -2.75430679, -2.75378966, -2.75360918, -2.75343657, -2.75342035, -2.75336218, -2.75308299
1556.5200000000114, -2.73513675, -2.73510337, -2.73562646, -2.73564339, -2.73580623, -2.73534822, -2.73543978, -2.73558664, -2.73264074, -2.73210812
1556.5250000000115, -2.72231197, -2.72215533, -2.72201872, -2.721838, -2.72160244, -2.72135639, -2.7223115, -2.72101474, -2.72175646, -2.72178912
1556.5300000000116, -2.70701194, -2.70728827, -2.7077601, -2.70700336, -2.70971346, -2.70979404, -2.70970345, -2.710006, -2.7105267, -2.71044517
1556.5350000000117, -2.69956875, -2.69904828, -2.69970441, -2.69999909, -2.6981976, -2.69921923, -2.69882941, -2.69899988, -2.69952798, -2.69869971
1556.5400000000118, -2.68800807, -2.68694711, -2.68685842, -2.68760395, -2.68691635, -2.68672061, -2.68703723, -2.68729544, -2.68693972, -2.68712521
1556.545000000012, -2.68127561, -2.67937589, -2.67880201, -2.67641926, -2.67682242, -2.67608094, -2.67674279, -2.67925596, -2.67786622, -2.67964244
1556.550000000012, -2.6714642, -2.67135811, -2.67131829, -2.6715858, -2.67198992, -2.6712389, -2.67094851, -2.67098856, -2.671206, -2.67173815
1556.5550000000121, -2.66144919, -2.66137624, -2.66196418, -2.66149759, -2.66148973, -2.66188312, -2.66380763, -2.66451597, -2.66416335, -2.66467714
1556.5600000000122, -2.65942836, -2.65863299, -2.65901804, -2.6589458, -2.65926743, -2.65798903, -2.6584878, -2.6596458, -2.6586659, -2.65862441
1556.5650000000123, -2.65356112, -2.65332079, -2.65271878, -2.65350509, -2.6529026, -2.65294957, -2.65326405, -2.65283751, -2.65295839, -2.65311956
1556.5700000000124, -2.65035725, -2.65055633, -2.64977837, -2.64934373, -2.64896727, -2.64982724, -2.64993882, -2.65009904, -2.65030003, -2.65014815
1556.5750000000126, -2.6463778, -2.64680195, -2.64648104, -2.64530945, -2.64353085, -2.64303517, -2.64273, -2.64326572, -2.64318562, -2.64311361
1556.5800000000127, -2.64242482, -2.642658, -2.64414001, -2.64411545, -2.64446115, -2.64354801, -2.64192033, -2.64326572, -2.64411688, -2.64412332
1556.5850000000128, -2.64147067, -2.64208007, -2.64248967, -2.64221668, -2.6412456, -2.64213634, -2.64228034, -2.64220047, -2.64168859, -2.63890052
1556.5900000000129, -2.63791513, -2.63726735, -2.63942814, -2.63966179, -2.64002991, -2.64080715, -2.63944411, -2.64096737, -2.64015746, -2.63988543
1556.595000000013, -2.63491488, -2.63541985, -2.63705921, -2.63680267, -2.63652325, -2.63493109, -2.63569903, -2.63670707, -2.63512993, -2.63583636
1556.600000000013, -2.63618827, -2.63710737, -2.63687634, -2.63608456, -2.63619661, -2.63677096, -2.6364603, -2.63722062, -2.63637304, -2.63597965
1556.6050000000132, -2.63504338, -2.63560295, -2.63487577, -2.63606787, -2.63470054, -2.6349802, -2.63582063, -2.63460374, -2.63630724, -2.63561082
1556.6100000000133, -2.63488364, -2.634835, -2.63538694, -2.63448358, -2.6358428, -2.63492274, -2.63341951, -2.63502884, -2.63392305, -2.63383627
1556.6150000000134, -2.633636, -2.63403487, -2.63289213, -2.63164401, -2.63101983, -2.63075686, -2.63297868, -2.63393974, -2.63409185, -2.63336158
1556.6200000000135, -2.63371444, -2.63378811, -2.63403559, -2.63266683, -2.63310766, -2.63398004, -2.63344312, -2.63368344, -2.63362026, -2.63334775
1556.6250000000136, -2.63357067, -2.63391423, -2.63334084, -2.63509202, -2.63378716, -2.63335609, -2.63276362, -2.6329565, -2.63354802, -2.63381219
1556.6300000000138, -2.63345814, -2.63352442, -2.63349986, -2.63352394, -2.63326788, -2.6331892, -2.63221955, -2.62994194, -2.63068581, -2.63409972
1556.6350000000139, -2.63421178, -2.63454008, -2.63341117, -2.63228393, -2.6315968, -2.63149309, -2.63194156, -2.63161063, -2.63193083, -2.63152504
1556.640000000014, -2.63386774, -2.6316278, -2.63178062, -2.63231635, -2.63275528, -2.63452339, -2.63377786, -2.63202858, -2.63228393, -2.63146853
1556.645000000014, -2.63424301, -2.63437963, -2.6347785, -2.63450027, -2.63462734, -2.63429999, -2.63446641, -2.6352191, -2.63469267, -2.63495469
1556.6500000000142, -2.63493943, -2.63443542, -2.63540268, -2.6349473, -2.63568473, -2.63534784, -2.63459587, -2.63513231, -2.63242769, -2.63237214
1556.6550000000143, -2.6334343, -2.63215518, -2.63329172, -2.63554788, -2.63582754, -2.63592267, -2.63639569, -2.63617921, -2.63469172, -2.63518
1556.6600000000144, -2.63741922, -2.63628197, -2.63728285, -2.63658047, -2.63782883, -2.63579464, -2.63566804, -2.63592362, -2.63610721, -2.63545036
1556.6650000000145, -2.63673854, -2.63617158, -2.63652229, -2.63726735, -2.63648391, -2.63653064, -2.63692403, -2.63748407, -2.63485169, -2.63450766
1556.6700000000146, -2.63337231, -2.6343708, -2.63394666, -2.63489985, -2.6344831, -2.63425875, -2.63383675, -2.63338661, -2.63388443, -2.63293982
1556.6750000000147, -2.63602638, -2.6368351, -2.63562846, -2.63653946, -2.63721967, -2.63714671, -2.63769984, -2.63589883, -2.63545918, -2.63445902
1556.6800000000148, -2.63676357, -2.63731623, -2.63809347, -2.63879561, -2.63921332, -2.63774872, -2.63801122, -2.63775611, -2.6379714, -2.63667679
1556.685000000015, -2.63863587, -2.63794017, -2.63795567, -2.63886881, -2.63971639, -2.63945246, -2.6390295, -2.63877201, -2.63885355, -2.63846827
1556.690000000015, -2.63908529, -2.63952518, -2.63890743, -2.63778806, -2.63879609, -2.63937402, -2.63914871, -2.63926029, -2.63946819, -2.6398046
1556.6950000000152, -2.64195991, -2.6411674, -2.6411829, -2.64177442, -2.6412468, -2.64009356, -2.63844419, -2.6371088, -2.63860345, -2.63848472
1556.7000000000153, -2.64211965, -2.64018226, -2.63980603, -2.64194441, -2.64268947, -2.64155149, -2.64256144, -2.64215994, -2.64339471, -2.64265752
1556.7050000000154, -2.64057493, -2.64119172, -2.64234352, -2.64470053, -2.64336419, -2.64501381, -2.64328933, -2.64350677, -2.64353037, -2.64293718
1556.7100000000155, -2.64320946, -2.64361, -2.64526987, -2.64462209, -2.64173555, -2.64502168, -2.64521456, -2.64488411, -2.64571953, -2.64493346
1556.7150000000156, -2.64635324, -2.64565539, -2.64612031, -2.64588833, -2.64550376, -2.64499021, -2.64484596, -2.64589477, -2.64461374, -2.64557624
1556.7200000000157, -2.64230537, -2.64308953, -2.6424005, -2.64187908, -2.64272165, -2.64186311, -2.64255261, -2.64337802, -2.64252925, -2.64394593
1556.7250000000158, -2.64538932, -2.64381075, -2.64433193, -2.64470053, -2.64421916, -2.64698648, -2.6469059, -2.64597559, -2.64654422, -2.64373016
1556.730000000016, -2.64652157, -2.64797235, -2.64779758, -2.6483748, -2.64787698, -2.64763618, -2.64800501, -2.64822865, -2.64834166, -2.64758039
1556.735000000016, -2.64997053, -2.64869571, -2.64921713, -2.64900827, -2.64927292, -2.64904833, -2.64882445, -2.64847755, -2.6484139, -2.64903951
1556.7400000000162, -2.65087056, -2.64755607, -2.64674687, -2.64812493, -2.64671445, -2.64746785, -2.64807749, -2.65074873, -2.65066147, -2.65009093
1556.7450000000163, -2.64997101, -2.65062904, -2.64966583, -2.64944148, -2.65026045, -2.65256643, -2.65274048, -2.65133548, -2.65230012, -2.65209842
1556.7500000000164, -2.65274096, -2.65452623, -2.65472555, -2.65441298, -2.65436459, -2.65382648, -2.6527667, -2.65348196, -2.65408325, -2.65292549
1556.7550000000165, -2.65551424, -2.65511274, -2.65505576, -2.6559155, -2.65418887, -2.65294266, -2.65281177, -2.65133595, -2.65384245, -2.65454054
1556.7600000000166, -2.65542483, -2.65594769, -2.65664792, -2.65670395, -2.65602875, -2.65645409, -2.65696764, -2.65512848, -2.65499115, -2.65553856
1556.7650000000167, -2.65760398, -2.65696859, -2.65662384, -2.65719342, -2.65626073, -2.6558671, -2.65691185, -2.65634966, -2.65631795, -2.65671086
1556.7700000000168, -2.65750742, -2.65734625, -2.65772462, -2.65514398, -2.65539312, -2.65478373, -2.65324759, -2.65375519, -2.65723491, -2.65791774
1556.775000000017, -2.65864086, -2.65872049, -2.6573298, -2.65847158, -2.65761971, -2.65802169, -2.65830326, -2.65777469, -2.65723395, -2.65787816
1556.780000000017, -2.65603614, -2.65791821, -2.65671921, -2.65763617, -2.65850425, -2.65853786, -2.65592432, -2.65453362, -2.65522599, -2.65544963
1556.7850000000171, -2.66021848, -2.65874481, -2.65856051, -2.65872002, -2.66016054, -2.6584003, -2.66033697, -2.65940642, -2.65823102, -2.66009569
1556.7900000000172, -2.65914059, -2.66013741, -2.66125631, -2.6614809, -2.65929961, -2.65987134, -2.65983796, -2.65751553, -2.65974331, -2.65879369
1556.7950000000174, -2.66057992, -2.66005659, -2.66037107, -2.66072464, -2.65995216, -2.66040325, -2.65826225, -2.65885854, -2.65765285, -2.66009665
1556.8000000000175, -2.66086912, -2.66029787, -2.6599443, -2.66080523, -2.66091776, -2.6612792, -2.66085339, -2.6622541, -2.66097188, -2.66195679
1556.8050000000176, -2.6620841, -2.66078949, -2.66151261, -2.66153717, -2.66162586, -2.66207004, -2.66095138, -2.66155314, -2.66213322, -2.66242194
1556.8100000000177, -2.66243982, -2.66132879, -2.66141701, -2.66252089, -2.66214895, -2.66285825, -2.66293168, -2.66173792, -2.66235161, -2.66016293
1556.8150000000178, -2.66251254, -2.66150594, -2.66219759, -2.66210127, -2.66253543, -2.66207671, -2.66152143, -2.66169167, -2.6628406, -2.66042614
1556.820000000018, -2.66334987, -2.66305995, -2.66380024, -2.66309953, -2.66369534, -2.66338897, -2.66368771, -2.66311646, -2.66442728, -2.66391277
1556.825000000018, -2.66377592, -2.6637373, -2.66409016, -2.66392946, -2.66400051, -2.66137767, -2.66283417, -2.66211081, -2.66239071, -2.66363072
1556.8300000000181, -2.66379189, -2.66330123, -2.6631887, -2.66341329, -2.66318083, -2.66378474, -2.66361451, -2.66317105, -2.663728, -2.66235948
1556.8350000000182, -2.66435575, -2.6628027, -2.66430855, -2.66344595, -2.66374421, -2.663728, -2.66389728, -2.66382599, -2.66338062, -2.66334987
1556.8400000000183, -2.6622386, -2.66316366, -2.66532898, -2.66411257, -2.66341472, -2.66255212, -2.66184282, -2.66188383, -2.66108847, -2.66206121
1556.8450000000184, -2.66194916, -2.66236734, -2.66469431, -2.66357517, -2.66416335, -2.66499162, -2.66570163, -2.6651051, -2.66524959, -2.66549134
1556.8500000000186, -2.66704631, -2.66723871, -2.66699862, -2.66636848, -2.66719866, -2.66631985, -2.66694117, -2.6680696, -2.66702056, -2.6679256
1556.8550000000187, -2.66672301, -2.66772318, -2.66766524, -2.66725564, -2.66757703, -2.66674733, -2.66712666, -2.66735172, -2.66814232, -2.66692495
1556.8600000000188, -2.665411, -2.66698003, -2.66871572, -2.66875553, -2.66787553, -2.6694324, -2.66883636, -2.66851306, -2.66809416, -2.66814089
1556.8650000000189, -2.66835165, -2.66968894, -2.6689868, -2.66910934, -2.66869807, -2.669173, -2.66895509, -2.6684556, -2.66881871, -2.66915083
1556.870000000019, -2.6700933, -2.67031908, -2.67011809, -2.67022276, -2.67070627, -2.67076969, -2.67142439, -2.67018247, -2.67046356, -2.67044067
1556.875000000019, -2.67175412, -2.67163348, -2.6722312, -2.67215776, -2.67168999, -2.67206931, -2.6711266, -2.67045665, -2.67041636, -2.66930318
1556.8800000000192, -2.67128658, -2.67018127, -2.67090774, -2.67097354, -2.67110181, -2.67051363, -2.67082739, -2.6713202, -2.66820693, -2.6671412
1556.8850000000193, -2.67171526, -2.67140818, -2.67204452, -2.67181969, -2.6713841, -2.67198801, -2.67106009, -2.67263389, -2.67198896, -2.67199636
1556.8900000000194, -2.67370701, -2.67299795, -2.6725769, -2.673877, -2.6726985, -2.67276311, -2.67130327, -2.67084312, -2.67301989, -2.67312551
1556.8950000000195, -2.67404628, -2.67466736, -2.67462659, -2.6748848, -2.67200422, -2.67458677, -2.67480397, -2.67490077, -2.67459464, -2.67541742
1556.9000000000196, -2.67642808, -2.67684031, -2.67704868, -2.67650771, -2.67704821, -2.67631435, -2.67675781, -2.67656541, -2.67704725, -2.67667031
1556.9050000000198, -2.67828584, -2.67870545, -2.6788826, -2.67853642, -2.67831779, -2.67868209, -2.67914176, -2.67877007, -2.67837381, -2.67864895
1556.9100000000199, -2.68056512, -2.67999864, -2.68039536, -2.68054724, -2.68069482, -2.68102431, -2.68014431, -2.67728353, -2.67737174, -2.67784882
1556.91500000002, -2.68279529, -2.6820097, -2.68202043, -2.67963505, -2.68163872, -2.68185592, -2.68286848, -2.681705, -2.68295002, -2.68161583
1556.92000000002, -2.68313479, -2.68254447, -2.68232608, -2.6819706, -2.68155766, -2.68267488, -2.68290925, -2.68195534, -2.68258381, -2.68280244
1556.9250000000202, -2.68353152, -2.68353891, -2.68398452, -2.68426728, -2.6837585, -2.68463326, -2.68418765, -2.68395257, -2.68359613, -2.68455958
1556.9300000000203, -2.68757796, -2.68661594, -2.68712521, -2.6872139, -2.68789434, -2.68676972, -2.68834043, -2.68814564, -2.68816161, -2.6853199
1556.9350000000204, -2.68797469, -2.6891892, -2.68769169, -2.68945742, -2.68931127, -2.68992686, -2.68712544, -2.68850899, -2.68927884, -2.68983674
1556.9400000000205, -2.69023466, -2.69014621, -2.68994284, -2.68998241, -2.69017863, -2.69068074, -2.69004869, -2.68943191, -2.68910789, -2.68987012
1556.9450000000206, -2.69492006, -2.69586897, -2.69577169, -2.69530106, -2.69627595, -2.69577932, -2.69560146, -2.69373488, -2.69585299, -2.69628334
1556.9500000000207, -2.69986916, -2.69993448, -2.69976282, -2.70040584, -2.69908881, -2.70022678, -2.69973111, -2.69989324, -2.69958401, -2.69844031
1556.9550000000208, -2.70484114, -2.70479369, -2.70454907, -2.70450807, -2.70435309, -2.7048893, -2.70500469, -2.70470309, -2.70527959, -2.70496988
1556.960000000021, -2.70873642, -2.70714951, -2.70954967, -2.70963931, -2.71013618, -2.70981002, -2.70956469, -2.70920825, -2.71102381, -2.70970392
1556.965000000021, -2.71499681, -2.71499777, -2.71549416, -2.7154038, -2.71487427, -2.71550965, -2.71511149, -2.71526504, -2.71242309, -2.71206617
1556.9700000000212, -2.7210958, -2.72171497, -2.72132421, -2.72112894, -2.72072053, -2.72106266, -2.72006845, -2.71985602, -2.72035408, -2.72075462
1556.9750000000213, -2.72855258, -2.72942591, -2.72984195, -2.7287569, -2.72838759, -2.72967196, -2.73042369, -2.72900176, -2.72897863, -2.72988367
1556.9800000000214, -2.73692083, -2.73695207, -2.73777223, -2.73662496, -2.73603749, -2.735636, -2.73569942, -2.73524237, -2.73650265, -2.73692131
1556.9850000000215, -2.74755383, -2.74639606, -2.74679804, -2.74662495, -2.74673295, -2.74603581, -2.74482918, -2.74719405, -2.74672484, -2.74707031
1556.9900000000216, -2.75514627, -2.75533462, -2.75650477, -2.75771236, -2.75923634, -2.7587266, -2.75926876, -2.75855207, -2.75759077, -2.7574091
1556.9950000000217, -2.7748363, -2.77320027, -2.77280474, -2.77671218, -2.77810979, -2.77503562, -2.77564716, -2.77539802, -2.77477932, -2.77512741
1557.0000000000218, -2.79071069, -2.79076266, -2.79084492, -2.79111838, -2.79135013, -2.79116893, -2.79048014, -2.79139233, -2.79092598, -2.79148364
1557.005000000022, -2.80767393, -2.80940676, -2.80963111, -2.80917311, -2.8098228, -2.81020427, -2.81045628, -2.81046391, -2.80988955, -2.80989814
1557.010000000022, -2.83512783, -2.83485198, -2.83532834, -2.83534575, -2.83548808, -2.83523607, -2.83541274, -2.8349607, -2.83509469, -2.83536243
1557.0150000000222, -2.86120486, -2.85914183, -2.85898948, -2.86149073, -2.86159229, -2.86120439, -2.86167717, -2.86092639, -2.86073208, -2.86110377
1557.0200000000223, -2.88725519, -2.88745022, -2.88762712, -2.88798451, -2.88993335, -2.89096141, -2.89093518, -2.89032435, -2.8906126, -2.89078379
1557.0250000000224, -2.92465782, -2.92511034, -2.92676997, -2.92589831, -2.92629933, -2.92811227, -2.92629838, -2.92764997, -2.92564988, -2.92606044
1557.0300000000225, -2.97463942, -2.97450972, -2.97405124, -2.97271895, -2.97172403, -2.97335005, -2.97479486, -2.97483754, -2.97525239, -2.97510695
1557.0350000000226, -3.02160978, -3.02404046, -3.02318144, -3.02373409, -3.023, -3.02282405, -3.02322769, -3.02275538, -3.02304292, -3.02368236
1557.0400000000227, -3.07914829, -3.07888985, -3.07887292, -3.07840347, -3.07941484, -3.08081341, -3.07845736, -3.07968807, -3.07964444, -3.08024549
1557.0450000000228, -3.14216447, -3.14366555, -3.1449244, -3.14495015, -3.14619231, -3.14517522, -3.14510489, -3.14532948, -3.14438343, -3.14548087
1557.050000000023, -3.23292422, -3.23454094, -3.23246408, -3.23401666, -3.23419046, -3.23490667, -3.23388648, -3.23436499, -3.23660541, -3.23521066
1557.055000000023, -3.32125235, -3.32242489, -3.32256389, -3.32006288, -3.3221252, -3.3227427, -3.32299471, -3.32466412, -3.32457018, -3.32470131
1557.0600000000231, -3.41806746, -3.41564345, -3.41766453, -3.41636086, -3.41631365, -3.41770244, -3.41864109, -3.41941786, -3.41895652, -3.41790438
1557.0650000000232, -3.52191472, -3.52133512, -3.52203369, -3.52394533, -3.52507591, -3.52501535, -3.52194428, -3.52192497, -3.52210188, -3.52326894
1557.0700000000234, -3.63795924, -3.63862371, -3.63912916, -3.63947058, -3.64052081, -3.63932967, -3.63895631, -3.63874531, -3.63995528, -3.64111495
1557.0750000000235, -3.78772664, -3.78537083, -3.78321385, -3.78259802, -3.78526688, -3.78446364, -3.78370285, -3.78423333, -3.78419375, -3.78558803
1557.0800000000236, -3.93408608, -3.93246818, -3.94952703, -3.94369125, -3.9410243, -3.94128132, -3.94084501, -3.94088244, -3.94073153, -3.94133043
1557.0850000000237, -4.10053539, -4.10100222, -4.10157251, -4.10233736, -4.10252619, -4.10328007, -4.10292625, -4.10223675, -4.10317373, -4.1029048
1557.0900000000238, -4.3051362, -4.30468321, -4.30478001, -4.30588341, -4.30579376, -4.30464029, -4.30368757, -4.30360126, -4.30399942, -4.30515146
1557.095000000024, -4.51205826, -4.51047754, -4.51022053, -4.50974464, -4.51045227, -4.510674, -4.51147938, -4.51107121, -4.51063585, -4.5116396
1557.100000000024, -4.71522379, -4.71573353, -4.71509933, -4.71438551, -4.71593523, -4.71668053, -4.71663666, -4.716887, -4.71698761, -4.71656275
1557.1050000000241, -4.94286203, -4.94328785, -4.94516659, -4.94467783, -4.94482708, -4.94489241, -4.94368601, -4.94303656, -4.94367838, -4.94474459
1557.1100000000242, -5.23011875, -5.23197746, -5.23265553, -5.23427391, -5.23429108, -5.23438597, -5.23529959, -5.2371583, -5.23752403, -5.23904943
1557.1150000000243, -5.50887966, -5.5101862, -5.51162052, -5.51251221, -5.51245546, -5.51185656, -5.5136137, -5.51222801, -5.51268911, -5.51324034
1557.1200000000244, -5.79002476, -5.79343891, -5.79229116, -5.7896328, -5.79080105, -5.79120874, -5.79001522, -5.78999615, -5.7908721, -5.79197979
1557.1250000000246, -6.08427668, -6.08407545, -6.08644485, -6.08615971, -6.08566189, -6.0869174, -6.08710957, -6.09065819, -6.09148073, -6.09042978
1557.1300000000247, -6.47433424, -6.47379065, -6.47410679, -6.47790241, -6.4790597, -6.47893095, -6.47902727, -6.47548914, -6.47400713, -6.4745121
1557.1350000000248, -6.83959484, -6.83849144, -6.83941317, -6.83953762, -6.83844757, -6.84110832, -6.8426404, -6.83647013, -6.83663177, -6.83810949
1557.1400000000249, -7.23585844, -7.23569107, -7.23676634, -7.23752308, -7.23938417, -7.24082899, -7.2417531, -7.243361, -7.24582291, -7.24311972
1557.145000000025, -7.66202354, -7.66098547, -7.66109085, -7.66116428, -7.65836716, -7.65814209, -7.65585709, -7.65351391, -7.65484333, -7.65582705
1557.150000000025, -8.19204903, -8.1919241, -8.1915369, -8.19218445, -8.19318581, -8.19085312, -8.19056606, -8.19047451, -8.18964672, -8.18794346
1557.1550000000252, -8.68284512, -8.68179703, -8.68420219, -8.68538666, -8.68624973, -8.68532944, -8.68604565, -8.68557358, -8.68558121, -8.6836977
1557.1600000000253, -9.16800022, -9.16781902, -9.17031384, -9.1739254, -9.17496872, -9.17643356, -9.17704105, -9.17466164, -9.17454529, -9.17813778
1557.1650000000254, -9.70218086, -9.70069313, -9.7004137, -9.70071602, -9.69834232, -9.6954813, -9.69754982, -9.69616604, -9.69649315, -9.69592571
1557.1700000000255, -10.2446489, -10.2465734, -10.24751, -10.2505226, -10.2505293, -10.2517519, -10.2542343, -10.2541838, -10.2543192, -10.2525005
1557.1750000000256, -10.9386549, -10.9392309, -10.937294, -10.9385557, -10.9364338, -10.9377394, -10.9371634, -10.936657, -10.9385777, -10.9392796
1557.1800000000258, -11.5205259, -11.5240421, -11.5271492, -11.5229349, -11.5229654, -11.5242653, -11.5277414, -11.5283947, -11.5291872, -11.5311632
1557.1850000000259, -12.1014853, -12.1018276, -12.1048517, -12.1083536, -12.1078701, -12.1125946, -12.114028, -12.1164627, -12.1140575, -12.1130867
1557.190000000026, -12.7103577, -12.7123127, -12.7167187, -12.7206059, -12.7214499, -12.7259789, -12.7256279, -12.723443, -12.7240419, -12.7272997
1557.195000000026, -13.477706, -13.4862585, -13.4855642, -13.4845076, -13.4885569, -13.4892931, -13.4910927, -13.4886255, -13.4894781, -13.4910831
1557.2000000000262, -14.1720448, -14.2102757, -14.2054272, -14.2037382, -14.2046709, -14.2052689, -14.2108698, -14.2134151, -14.2112961, -14.2133436
1557.2050000000263, -14.8823605, -14.8837261, -14.8856535, -14.8841238, -14.8860559, -14.886487, -14.8865738, -14.8864403, -14.8866825, -14.8864136
1557.2100000000264, -15.7214537, -15.726985, -15.7246189, -15.7339201, -15.7340546, -15.7358007, -15.7396498, -15.7389975, -15.7369995, -15.7390404
1557.2150000000265, -16.4509563, -16.4584255, -16.4564514, -16.4568233, -16.4547195, -16.4549522, -16.4611855, -16.4633312, -16.4628067, -16.458025
1557.2200000000266, -17.2191982, -17.2170143, -17.2141018, -17.2110424, -17.2085037, -17.2047691, -17.2106323, -17.2055168, -17.2072048, -17.2086296
1557.2250000000267, -17.9411621, -17.9429951, -17.9450016, -17.9503593, -17.949543, -17.9485092, -17.9512691, -17.9519749, -17.9516048, -17.9532585
1557.2300000000268, -18.8509388, -18.8566761, -18.8573914, -18.8594456, -18.8584557, -18.8567696, -18.8547401, -18.8563728, -18.8514404, -18.8511848
1557.235000000027, -19.6151447, -19.6136265, -19.6193333, -19.6251507, -19.6238842, -19.6215343, -19.6220741, -19.6187477, -19.6209526, -19.6218052
1557.240000000027, -20.3760376, -20.3761044, -20.3762474, -20.3763809, -20.379734, -20.3792515, -20.3843765, -20.3820572, -20.3795357, -20.3762131
1557.2450000000272, -21.0783691, -21.0815201, -21.0846195, -21.0867081, -21.0879498, -21.0866337, -21.0825176, -21.0860329, -21.0876446, -21.0900898
1557.2500000000273, -21.9551563, -21.9576473, -21.9582386, -21.9611702, -21.9595795, -21.9620438, -21.9609013, -21.9620991, -21.9693832, -21.9668999
1557.2550000000274, -22.6841469, -22.6826172, -22.6803493, -22.6818771, -22.6840668, -22.6886196, -22.6901836, -22.6872272, -22.6879444, -22.6900921
1557.2600000000275, -23.4388885, -23.4475384, -23.4475842, -23.4471283, -23.452776, -23.453495, -23.4629288, -23.4657326, -23.4634953, -23.4645557
1557.2650000000276, -24.2011166, -24.2085667, -24.2035942, -24.1999168, -24.1936226, -24.1951637, -24.198391, -24.198967, -24.2026272, -24.2048969
1557.2700000000277, -24.9151421, -24.9151649, -24.9148178, -24.9144173, -24.913969, -24.9161739, -24.9197559, -24.9202194, -24.9172459, -24.9184456
1557.2750000000278, -25.7271919, -25.7266712, -25.7267189, -25.7302036, -25.7218819, -25.7298012, -25.7295685, -25.7318726, -25.7309723, -25.7264004
1557.280000000028, -26.4229336, -26.42206, -26.4199581, -26.4265766, -26.4231014, -26.4186497, -26.4203892, -26.4240227, -26.4259243, -26.4287701
1557.285000000028, -27.1117783, -27.1156044, -27.1172752, -27.1155586, -27.113966, -27.1125774, -27.1200809, -27.1210556, -27.1192379, -27.1149883
1557.2900000000282, -27.7886238, -27.7951717, -27.7978649, -27.8010235, -27.8023014, -27.803793, -27.8031769, -27.8013306, -27.8048344, -27.8044281
1557.2950000000283, -28.5762119, -28.5837746, -28.587347, -28.5874672, -28.5856094, -28.585537, -28.5807934, -28.5824928, -28.5836048, -28.5841045
1557.3000000000284, -29.221674, -29.2295647, -29.2313938, -29.2340755, -29.2394657, -29.2368698, -29.2369041, -29.2400913, -29.2376995, -29.2398872
1557.3050000000285, -29.8357964, -29.8411942, -29.8411522, -29.8414669, -29.8368664, -29.8367729, -29.8371563, -29.8361893, -29.833828, -29.8329201
1557.3100000000286, -30.4991322, -30.5064545, -30.513876, -30.5173531, -30.5207424, -30.5246239, -30.526062, -30.5268574, -30.5268688, -30.523365
1557.3150000000287, -31.106802, -31.1046047, -31.1021156, -31.099371, -31.0984745, -31.1034794, -31.1054287, -31.1086407, -31.1118755, -31.1131153
1557.3200000000288, -31.6974564, -31.7024975, -31.6980152, -31.6882477, -31.6916523, -31.6893845, -31.6849213, -31.6827145, -31.6880264, -31.687027
1557.325000000029, -32.2496452, -32.2484283, -32.245472, -32.2505951, -32.2483749, -32.2501984, -32.2468224, -32.2464066, -32.2469406, -32.2454948
1557.330000000029, -32.9181061, -32.915287, -32.9189568, -32.9198875, -32.9226112, -32.9198761, -32.9239159, -32.928196, -32.933815, -32.9364738
1557.3350000000291, -33.478405, -33.4763832, -33.474144, -33.4717751, -33.47155, -33.4681435, -33.4664078, -33.4659615, -33.4652901, -33.4663315
1557.3400000000292, -34.0193253, -34.0352554, -34.0284004, -34.0252609, -34.0234833, -34.0233879, -34.0215836, -34.0162964, -34.0224648, -34.0261726
1557.3450000000294, -34.5667496, -34.5668449, -34.5669746, -34.5617981, -34.5603714, -34.5625229, -34.5623055, -34.5619812, -34.5633545, -34.5626373
1557.3500000000295, -35.2000465, -35.1991196, -35.1981773, -35.1992683, -35.1954956, -35.1959763, -35.1976051, -35.1972313, -35.1955452, -35.1962051
1557.3550000000296, -35.7141533, -35.7175255, -35.7200699, -35.7172165, -35.7174568, -35.7146454, -35.7151566, -35.7186699, -35.7208672, -35.7220078
1557.3600000000297, -36.2280769, -36.2329178, -36.2296944, -36.2280769, -36.2237129, -36.22789, -36.2293892, -36.2292519, -36.2323914, -36.2326469
1557.3650000000298, -36.6902046, -36.6890373, -36.6860886, -36.686409, -36.6861877, -36.6917305, -36.69384, -36.6980934, -36.6990623, -36.6973686
1557.37000000003, -37.2166176, -37.2155075, -37.2115936, -37.2112999, -37.2110596, -37.2109833, -37.2095032, -37.2096596, -37.209362, -37.2068672
1557.37500000003, -37.6395226, -37.6404037, -37.6430244, -37.6478157, -37.6490707, -37.6483269, -37.6489792, -37.6514587, -37.6531258, -37.6548309
1557.3800000000301, -38.0752487, -38.0767097, -38.0773239, -38.0792122, -38.0791512, -38.0775909, -38.0792274, -38.0797768, -38.0815201, -38.0820312
1557.3850000000302, -38.5131531, -38.5116043, -38.5105324, -38.5115662, -38.5117455, -38.5120888, -38.5114746, -38.5082703, -38.5080147, -38.5065269
1557.3900000000303, -38.9925003, -38.9909821, -38.9927216, -38.9919205, -38.9922867, -38.9900932, -38.9888725, -38.9907188, -38.9920425, -38.9938316
1557.3950000000304, -39.4070053, -39.4043694, -39.4010773, -39.3995209, -39.3980713, -39.3993149, -39.3928108, -39.3956337, -39.3929443, -39.3972588
1557.4000000000306, -39.7836113, -39.7823715, -39.7818794, -39.7813492, -39.7803307, -39.7821121, -39.7839775, -39.7847176, -39.7857285, -39.7882843
1557.4050000000307, -40.2300301, -40.2271957, -40.2261734, -40.2272682, -40.223526, -40.2199593, -40.21698, -40.2198524, -40.2210655, -40.2208672
1557.4100000000308, -40.6523628, -40.6522446, -40.6526985, -40.6560745, -40.6546745, -40.6530457, -40.6517792, -40.6493988, -40.6505775, -40.6480713
1557.415000000031, -41.0162354, -41.017189, -41.0166435, -41.0143127, -41.0119514, -41.0113792, -41.0125694, -41.0117836, -41.0112457, -41.0086136
1557.420000000031, -41.3416214, -41.3442764, -41.3441734, -41.3454857, -41.3464584, -41.3475609, -41.3454781, -41.3477325, -41.3471794, -41.347702
1557.425000000031, -41.6751633, -41.6757965, -41.6787872, -41.678833, -41.6776428, -41.6750069, -41.6745148, -41.6737328, -41.6733589, -41.6755981
1557.4300000000312, -42.0023994, -42.003109, -42.0002937, -41.999794, -42.0015869, -42.0010452, -42.002037, -42.0042763, -42.0073051, -42.0060234
1557.4350000000313, -42.2875023, -42.2894058, -42.2912788, -42.2939758, -42.2961311, -42.2979698, -42.2987976, -42.2997856, -42.2985229, -42.3005447
1557.4400000000314, -42.5656052, -42.5643387, -42.5669899, -42.568161, -42.5689163, -42.5683327, -42.5669746, -42.5665321, -42.5638466, -42.5628395
1557.4450000000315, -42.845253, -42.843998, -42.8435669, -42.8449898, -42.8464165, -42.8480415, -42.8484344, -42.8485222, -42.8499336, -42.8501816
1557.4500000000317, -42.8350945, -42.8339005, -42.8347664, -42.8370132, -42.8361244, -42.8350677, -42.8354683, -42.8351707, -42.8344383, -42.8340111
1557.4550000000318, -43.3681068, -43.3667297, -43.3670959, -43.3684006, -43.3706551, -43.3685417, -43.3673668, -43.368988, -43.3663445, -43.3667107
1557.4600000000319, -43.6095963, -43.6062737, -43.6027946, -43.6049919, -43.6021919, -43.6026001, -43.6042709, -43.6052971, -43.6067123, -43.6061821
1557.465000000032, -43.8163147, -43.8166161, -43.8172684, -43.8189774, -43.8184433, -43.8197823, -43.821106, -43.8227463, -43.8218498, -43.8227692
1557.470000000032, -44.0587273, -44.0608788, -44.0580711, -44.0606499, -44.0616341, -44.0657654, -44.065403, -44.0643158, -44.0618515, -44.0617142
1557.4750000000322, -44.2558403, -44.2587128, -44.2573051, -44.2556267, -44.254528, -44.2547035, -44.2569275, -44.2556877, -44.2564201, -44.2548332
1557.4800000000323, -44.4335175, -44.431572, -44.4336395, -44.4341583, -44.4361916, -44.4353294, -44.4353409, -44.435894, -44.436203, -44.4373627
1557.4850000000324, -44.6028137, -44.6038818, -44.6017265, -44.6027908, -44.6022263, -44.6029053, -44.6041985, -44.6035957, -44.6041336, -44.602932
1557.4900000000325, -44.7880821, -44.789257, -44.7931099, -44.7899551, -44.7896042, -44.7894325, -44.7883606, -44.7879066, -44.7838287, -44.7846184
1557.4950000000326, -44.9224625, -44.922905, -44.9259529, -44.9278297, -44.928009, -44.9279251, -44.9264908, -44.9280243, -44.9275551, -44.9283562
1557.5000000000327, -45.0518036, -45.0537262, -45.054863, -45.0565529, -45.0593147, -45.0600548, -45.0598831, -45.0619049, -45.0621643, -45.0624199
1557.5050000000329, -45.1871567, -45.1880951, -45.1907616, -45.1906586, -45.1896477, -45.191658, -45.1956367, -45.1963577, -45.1942596, -45.1937294
1557.510000000033, -45.3340111, -45.336422, -45.3335876, -45.3385315, -45.3351784, -45.3362999, -45.3365288, -45.3376656, -45.3354797, -45.3385468
1557.515000000033, -45.4471931, -45.4494324, -45.448204, -45.4500847, -45.4496689, -45.4512253, -45.452095, -45.4526405, -45.4523926, -45.4523621
1557.5200000000332, -45.5658302, -45.5685501, -45.5683098, -45.5685997, -45.5672531, -45.5689659, -45.5683098, -45.5656891, -45.5676079, -45.56847
1557.5250000000333, -45.6766129, -45.6773224, -45.6772041, -45.6783371, -45.6765671, -45.6763382, -45.6783714, -45.6774368, -45.677681, -45.6749573
1557.5300000000334, -45.7904472, -45.7947617, -45.7914581, -45.7935486, -45.7914925, -45.7959442, -45.7921181, -45.7958755, -45.7957916, -45.7928391
1557.5350000000335, -45.888443, -45.8921661, -45.8914757, -45.8899422, -45.8929939, -45.8928032, -45.8925438, -45.893322, -45.8943558, -45.8887863
1557.5400000000336, -45.9861641, -45.9856339, -45.9865685, -45.9871864, -45.9868851, -45.9896889, -45.9886665, -45.989193, -45.9868317, -45.9860191
1557.5450000000337, -46.0730438, -46.0728111, -46.0725594, -46.0741959, -46.0721092, -46.0727386, -46.0748062, -46.076046, -46.072773, -46.0736542
1557.5500000000338, -46.1759949, -46.1763992, -46.1766014, -46.1742477, -46.1736755, -46.1764717, -46.1776695, -46.1755142, -46.1757202, -46.1753883
1557.555000000034, -46.2563248, -46.2567368, -46.2539253, -46.255722, -46.2560997, -46.2560234, -46.2562866, -46.2555923, -46.2551765, -46.2545586
1557.560000000034, -46.3341904, -46.3348618, -46.3344994, -46.3344002, -46.3320923, -46.3336563, -46.3314056, -46.3346481, -46.334877, -46.3340569
1557.5650000000342, -46.4044342, -46.4056549, -46.405735, -46.4049568, -46.4050522, -46.4055176, -46.4041023, -46.4042587, -46.4056931, -46.4047012
1557.5700000000343, -46.4720039, -46.4710999, -46.4742508, -46.4776421, -46.4733467, -46.4763031, -46.4737968, -46.4766579, -46.476738, -46.4743309
1557.5750000000344, -46.5470734, -46.546032, -46.5470123, -46.5502625, -46.549942, -46.5490189, -46.546032, -46.5493202, -46.5510254, -46.5508842
1557.5800000000345, -46.6087761, -46.6108131, -46.6094704, -46.6080284, -46.6087608, -46.609005, -46.6095734, -46.6089821, -46.6094475, -46.61063
1557.5850000000346, -46.665081, -46.6664619, -46.6658249, -46.6675949, -46.6670609, -46.665947, -46.6671638, -46.6673279, -46.6664848, -46.66436
1557.5900000000347, -46.7305069, -46.7305717, -46.7309685, -46.7307587, -46.7308655, -46.7306519, -46.7324944, -46.7324524, -46.7280617, -46.7280846
1557.5950000000348, -46.7837639, -46.7830658, -46.7815208, -46.7840385, -46.7832756, -46.7836571, -46.7837639, -46.7837219, -46.7857132, -46.7839317
1557.600000000035, -46.8320274, -46.8321152, -46.833271, -46.8331223, -46.830658, -46.8310432, -46.8325424, -46.8311958, -46.8296738, -46.8330574
1557.605000000035, -46.881134, -46.8745995, -46.8790131, -46.8760262, -46.8803978, -46.8785133, -46.8799667, -46.8790131, -46.8787117, -46.8810272
1557.6100000000351, -46.9269066, -46.9266472, -46.926384, -46.928112, -46.9233437, -46.9291191, -46.9262276, -46.9265823, -46.9246101, -46.9273872
1557.6150000000353, -46.9698105, -46.9693451, -46.9697647, -46.970253, -46.9698753, -46.9715118, -46.9720879, -46.9691467, -46.9685516, -46.9696541
1557.6200000000354, -47.004509, -47.0043983, -47.0074272, -47.0064697, -47.0033493, -47.0051956, -47.003994, -47.0031929, -47.0040169, -47.0053978
1557.6250000000355, -47.0416451, -47.0418015, -47.0383415, -47.0429916, -47.0442505, -47.0420952, -47.0408134, -47.0424957, -47.0426102, -47.042675
1557.6300000000356, -47.0730057, -47.0772629, -47.0769463, -47.0793037, -47.0781479, -47.0788078, -47.0790787, -47.0755234, -47.0779915, -47.0779457
1557.6350000000357, -47.1080894, -47.1081123, -47.1090927, -47.1079292, -47.1097755, -47.1081581, -47.1078377, -47.1097565, -47.1075172, -47.1090469
1557.6400000000358, -47.1387672, -47.1372948, -47.1360321, -47.1385345, -47.1380997, -47.1376381, -47.1377792, -47.1374817, -47.1369057, -47.1377792
1557.645000000036, -47.1602783, -47.1632576, -47.1641808, -47.1644821, -47.1661911, -47.1635094, -47.165638, -47.1624947, -47.164135, -47.1616592
1557.650000000036, -47.1950951, -47.196167, -47.1932793, -47.193119, -47.1926994, -47.1955605, -47.1926041, -47.1949806, -47.1966324, -47.1920242
1557.6550000000361, -47.2171936, -47.2180138, -47.2173347, -47.2174759, -47.2209854, -47.2184105, -47.2202835, -47.2196999, -47.2199097, -47.2197914
1557.6600000000362, -47.2392845, -47.2418022, -47.2445564, -47.2411194, -47.2430038, -47.2439461, -47.242321, -47.2429085, -47.2433319, -47.241993
1557.6650000000363, -47.2596016, -47.2613258, -47.2610397, -47.2622032, -47.2620125, -47.2633362, -47.2615623, -47.2595749, -47.2638092, -47.2613258
1557.6700000000365, -47.2813873, -47.2814102, -47.2798233, -47.2844543, -47.2785187, -47.2808189, -47.27911, -47.2808418, -47.2828598, -47.2817459
1557.6750000000366, -47.3025703, -47.3029747, -47.3027115, -47.3056946, -47.3034744, -47.3039322, -47.3049545, -47.3034515, -47.3021889, -47.303833
1557.6800000000367, -47.3181534, -47.3192787, -47.3200226, -47.321579, -47.320549, -47.320694, -47.3208618, -47.3221321, -47.3211479, -47.3203087
1557.6850000000368, -47.334343, -47.334034, -47.3364105, -47.3361511, -47.3379288, -47.3363647, -47.3359566, -47.3404045, -47.340744, -47.3364372
1557.690000000037, -47.3503571, -47.3513451, -47.3509369, -47.3556671, -47.3532524, -47.3498039, -47.3519974, -47.3504066, -47.3540993, -47.3554497
1557.695000000037, -47.3657036, -47.3668671, -47.3657036, -47.3644905, -47.3669624, -47.3685112, -47.3642235, -47.3639336, -47.3659668, -47.3662834
1557.700000000037, -47.3774338, -47.3759766, -47.378624, -47.3760262, -47.3776283, -47.3760033, -47.3798866, -47.3808823, -47.3769264, -47.3778458
1557.7050000000372, -47.38937, -47.3934097, -47.3900757, -47.3914871, -47.3890038, -47.3898048, -47.3909988, -47.3883209, -47.3897324, -47.3868599
1557.7100000000373, -47.4027023, -47.4029694, -47.4000893, -47.4036293, -47.4019203, -47.4030914, -47.4030418, -47.4046059, -47.4040909, -47.403141
1557.7150000000374, -47.4184265, -47.4150963, -47.41539, -47.4158821, -47.4134331, -47.4145317, -47.4117203, -47.4126015, -47.4161987, -47.4139938
1557.7200000000375, -47.424778, -47.4264488, -47.4249763, -47.4254189, -47.4240913, -47.4260559, -47.4255371, -47.4243851, -47.4247055, -47.4228401
1557.7250000000377, -47.4360046, -47.4347038, -47.43367, -47.434948, -47.4337692, -47.4347038, -47.4328079, -47.4372368, -47.4331284, -47.437706
1557.7300000000378, -47.4442558, -47.4430237, -47.4461555, -47.4453392, -47.4414215, -47.4430008, -47.4436417, -47.4416161, -47.4423828, -47.4411278
1557.7350000000379, -47.4525719, -47.4483757, -47.4498329, -47.4464493, -47.4491882, -47.4502258, -47.4488678, -47.4492607, -47.4496841, -47.4487953
1557.740000000038, -47.4578857, -47.4561272, -47.4550667, -47.457737, -47.4571457, -47.4572411, -47.4578094, -47.4580078, -47.4557838, -47.4568214
1557.745000000038, -47.4646912, -47.4655838, -47.464592, -47.4629822, -47.4664726, -47.4658813, -47.4663734, -47.4644432, -47.4645691, -47.4638481
1557.7500000000382, -47.4704399, -47.4699707, -47.4728928, -47.4686546, -47.4702415, -47.468605, -47.4701424, -47.4709587, -47.4707603, -47.4719009
1557.7550000000383, -47.4747086, -47.4749298, -47.4759712, -47.4748077, -47.4767685, -47.4742355, -47.4716301, -47.474781, -47.4742851, -47.4769173
1557.7600000000384, -47.4821358, -47.4774857, -47.4796982, -47.480793, -47.4794006, -47.477787, -47.4772148, -47.4802933, -47.4802704, -47.4766426
1557.7650000000385, -47.4848709, -47.482235, -47.4798927, -47.4820366, -47.4800224, -47.4818115, -47.4797745, -47.4841995, -47.4813385, -47.4830818
1557.7700000000386, -47.4863167, -47.4856682, -47.4868622, -47.4858932, -47.4857674, -47.4835777, -47.4839745, -47.4852943, -47.4836769, -47.4868622
1557.7750000000387, -47.4870605, -47.4872093, -47.4926414, -47.4909477, -47.4938126, -47.4924164, -47.4909706, -47.4914436, -47.4893036, -47.491993
1557.7800000000389, -47.4908218, -47.4951096, -47.4903984, -47.4933167, -47.4918938, -47.492569, -47.4920692, -47.4894028, -47.4932899, -47.4932404
1557.785000000039, -47.4949112, -47.4956818, -47.492466, -47.4947624, -47.4945374, -47.4955101, -47.4931412, -47.4935875, -47.4929428, -47.4957352
1557.790000000039, -47.4978294, -47.4944611, -47.4938393, -47.4913979, -47.4954338, -47.4947624, -47.4955826, -47.4939384, -47.4975548, -47.4960327
1557.7950000000392, -47.4945602, -47.4931412, -47.4960098, -47.4947357, -47.4928436, -47.4943123, -47.4928169, -47.4945869, -47.4959335, -47.4975319
1557.8000000000393, -47.4951591, -47.4947357, -47.4944382, -47.4928169, -47.4959831, -47.4945374, -47.4943123, -47.4948845, -47.495636, -47.4935646
1557.8050000000394, -47.4941864, -47.4946594, -47.4955559, -47.4956856, -47.4960327, -47.4962578, -47.4933891, -47.4944382, -47.4965553, -47.4955597
1557.8100000000395, -47.492218, -47.4894753, -47.4899254, -47.4941368, -47.4935646, -47.493515, -47.4953842, -47.4935646, -47.4897766, -47.4949379
1557.8150000000396, -47.4921913, -47.4910736, -47.4903221, -47.4912453, -47.4911957, -47.4945107, -47.4919701, -47.4911957, -47.4923668, -47.4916687
1557.8200000000397, -47.4848709, -47.4893799, -47.48806, -47.4888573, -47.4902229, -47.4929657, -47.487484, -47.4890289, -47.4888535, -47.488903
1557.8250000000398, -47.486042, -47.485218, -47.4847221, -47.4845467, -47.4824333, -47.4876862, -47.4835777, -47.4851227, -47.4840508, -47.4848709
1557.83000000004, -47.481266, -47.4800224, -47.4819603, -47.4806671, -47.4803696, -47.4813156, -47.480545, -47.48283, -47.4828796, -47.4796257
1557.83500000004, -47.4787788, -47.4818611, -47.4784813, -47.4803963, -47.479229, -47.4770889, -47.4781342, -47.4775352, -47.4783592, -47.4782562
1557.8400000000402, -47.4745064, -47.4746056, -47.4768677, -47.4751778, -47.4748306, -47.4738617, -47.4759483, -47.477066, -47.4717522, -47.4711571
1557.8450000000403, -47.4648857, -47.4686546, -47.4724236, -47.4692726, -47.4663239, -47.4660034, -47.4674644, -47.4666481, -47.4690781, -47.4702644
1557.8500000000404, -47.4643936, -47.4647636, -47.4630318, -47.4641724, -47.4601593, -47.4619675, -47.4645424, -47.4644432, -47.4614449, -47.4651375
1557.8550000000405, -47.4574127, -47.4576378, -47.4592705, -47.4568939, -47.4594193, -47.4571419, -47.4569435, -47.4574165, -47.4563255, -47.4548683
1557.8600000000406, -47.4497566, -47.4490166, -47.4473648, -47.4498062, -47.454277, -47.4492149, -47.4483261, -47.4518051, -47.4522743, -47.4537086
1557.8650000000407, -47.4451447, -47.4442825, -47.4460793, -47.4442062, -47.4445038, -47.4442825, -47.4451675, -47.4466248, -47.4462051, -47.4463501
1557.8700000000408, -47.4384193, -47.4405632, -47.438591, -47.4362755, -47.4417915, -47.4405098, -47.4390564, -47.4384422, -47.4379501, -47.4369164
1557.875000000041, -47.4289742, -47.4325638, -47.4330063, -47.4323158, -47.4287529, -47.4303017, -47.4337921, -47.4299088, -47.4325905, -47.431778
1557.880000000041, -47.4225693, -47.4219818, -47.4263725, -47.4246292, -47.428978, -47.4236259, -47.4247055, -47.4263229, -47.4271355, -47.425415
1557.8850000000411, -47.4178886, -47.4180107, -47.417717, -47.4202919, -47.417057, -47.4200211, -47.4193115, -47.4189911, -47.4170074, -47.4183044
1557.8900000000413, -47.4146805, -47.4133568, -47.4114265, -47.4155388, -47.4119415, -47.4106674, -47.4133339, -47.4123802, -47.410862, -47.412796
1557.8950000000414, -47.4110107, -47.4107666, -47.4065819, -47.4066086, -47.4059258, -47.4100304, -47.4080276, -47.4074631, -47.408783, -47.4067078
1557.9000000000415, -47.3997726, -47.4020195, -47.4023361, -47.3997002, -47.401947, -47.399456, -47.3993073, -47.3993568, -47.4018707, -47.4009438
1557.9050000000416, -47.3937988, -47.3955803, -47.3933372, -47.3945541, -47.3957024, -47.394165, -47.3939209, -47.3953323, -47.3930931, -47.3930206
1557.9100000000417, -47.3944588, -47.3940659, -47.3945541, -47.3959198, -47.3956757, -47.3956032, -47.3941422, -47.3941422, -47.3944092, -47.3955536
1557.9150000000418, -47.3770218, -47.3786964, -47.3778458, -47.376461, -47.3789368, -47.3782616, -47.3778229, -47.379425, -47.3765106, -47.3774834
1557.920000000042, -47.3721695, -47.3696747, -47.3696976, -47.3691177, -47.3704262, -47.3705444, -47.3703537, -47.3699646, -47.3716125, -47.3708611
1557.925000000042, -47.3656273, -47.3639107, -47.3643951, -47.3635254, -47.3631859, -47.3646851, -47.3640099, -47.365654, -47.3646851, -47.3644409
1557.9300000000421, -47.3582993, -47.3582039, -47.3571396, -47.3590965, -47.3582764, -47.3556671, -47.3551865, -47.3550873, -47.3558159, -47.3589287
1557.9350000000422, -47.3503838, -47.3506737, -47.3512764, -47.3507423, -47.3514709, -47.3506241, -47.3504562, -47.3520241, -47.3514671, -47.3525543
1557.9400000000423, -47.3469086, -47.3455849, -47.3455124, -47.3439445, -47.3463326, -47.3476105, -47.3478737, -47.3464279, -47.3465958, -47.3449821
1557.9450000000425, -47.3391075, -47.3385048, -47.3404083, -47.3419228, -47.3385048, -47.3400459, -47.3389397, -47.3389397, -47.3388176, -47.340023
1557.9500000000426, -47.3309326, -47.3320122, -47.3299484, -47.3297806, -47.3311272, -47.3299255, -47.3318253, -47.3301163, -47.3308601, -47.333744
1557.9550000000427, -47.3262291, -47.3262291, -47.3250542, -47.324791, -47.3248596, -47.3270454, -47.3263512, -47.3247681, -47.3262291, -47.326683
1557.9600000000428, -47.3184662, -47.3194008, -47.318943, -47.3197365, -47.3211937, -47.3205261, -47.3213387, -47.3198051, -47.3200455, -47.318203
1557.965000000043, -47.3141327, -47.3102341, -47.3110962, -47.312458, -47.3145866, -47.3130798, -47.3120537, -47.3135109, -47.3116951, -47.3136787
1557.970000000043, -47.3011856, -47.3006859, -47.3026161, -47.303978, -47.301281, -47.3026428, -47.3008995, -47.3026886, -47.3023567, -47.3015213
1557.975000000043, -47.2943687, -47.2949677, -47.2926331, -47.2968483, -47.2957764, -47.2949181, -47.2940369, -47.2956314, -47.299015, -47.294014
1557.9800000000432, -47.2872581, -47.2871132, -47.2872086, -47.2840462, -47.2858276, -47.2850952, -47.2862587, -47.2853546, -47.2880898, -47.2874947
1557.9850000000433, -47.2793732, -47.2808189, -47.2796555, -47.2813416, -47.278801, -47.2814369, -47.2800827, -47.2798691, -47.2802734, -47.278801
1557.9900000000434, -47.2717857, -47.2737732, -47.2712173, -47.2733955, -47.2744865, -47.27285, -47.2738686, -47.2722816, -47.2713089, -47.2725182
1557.9950000000435, -47.26511, -47.264637, -47.26577, -47.2640915, -47.2656059, -47.2649651, -47.2653427, -47.2657471, -47.2642555, -47.2645874
1558.0000000000437, -47.2587967, -47.2588196, -47.2592239, -47.2588463, -47.2562218, -47.2594604, -47.2583275, -47.2597656, -47.2594109, -47.2591057
1558.0050000000438, -47.2496681, -47.2529449, -47.2479477, -47.2500458, -47.2504463, -47.2514114, -47.2498322, -47.2534409, -47.2504921, -47.249527
