wavelength_nm ,power_reading_0_dbm ,power_reading_1_dbm ,power_reading_2_dbm ,power_reading_3_dbm ,power_reading_4_dbm ,power_reading_5_dbm ,power_reading_6_dbm ,power_reading_7_dbm ,power_reading_8_dbm ,power_reading_9_dbm 
1555.5, -46.7441368, -46.7442017, -46.7458534, -46.7462692, -46.7459755, -46.747673, -46.7485504, -46.7490311, -46.7501411, -46.7518997
1555.505, -46.7572403, -46.7582054, -46.7593803, -46.761013, -46.7568855, -46.7583084, -46.7601776, -46.7640152, -46.7638054, -46.7628403
1555.5100000000002, -46.7684059, -46.7650032, -46.7699394, -46.7699394, -46.7752838, -46.7705917, -46.7758713, -46.7735786, -46.7724648, -46.773201
1555.5150000000003, -46.7774925, -46.7737885, -46.7753258, -46.7754517, -46.7769051, -46.7765465, -46.7775345, -46.7808647, -46.777935, -46.778904
1555.5200000000004, -46.7804642, -46.7804222, -46.7839203, -46.7815399, -46.7841339, -46.7871933, -46.782402, -46.7855034, -46.7854424, -46.7859039
1555.5250000000005, -46.7846375, -46.7822533, -46.7862625, -46.7848701, -46.784935, -46.7897034, -46.7875938, -46.787487, -46.7870026, -46.7904015
1555.5300000000007, -46.7889442, -46.7878647, -46.7864952, -46.7889442, -46.7906342, -46.7913513, -46.7905083, -46.790081, -46.7898712, -46.7926826
1555.5350000000008, -46.7866669, -46.7872963, -46.7892609, -46.7888374, -46.7903595, -46.7894516, -46.7937813, -46.7927055, -46.7925758, -46.7903595
1555.5400000000009, -46.7927475, -46.7902946, -46.7913742, -46.7885208, -46.7944794, -46.790062, -46.7902336, -46.7932777, -46.7953033, -46.79245
1555.545000000001, -46.7903595, -46.7920914, -46.7902336, -46.7927246, -46.7906532, -46.7939072, -46.7926216, -46.7938042, -46.7893028, -46.7939529
1555.550000000001, -46.7936974, -46.7951775, -46.7975655, -46.7977142, -46.7949677, -46.7943764, -46.7961273, -46.7962761, -46.7964478, -46.7956429
1555.5550000000012, -46.7976074, -46.7938461, -46.7999802, -46.7977791, -46.7976303, -46.7995148, -46.7974205, -46.7983704, -46.7991753, -46.8002777
1555.5600000000013, -46.7979698, -46.7988586, -46.800045, -46.8017349, -46.7943726, -46.7998962, -46.7995567, -46.7992821, -46.8016281, -46.7997894
1555.5650000000014, -46.8020554, -46.801548, -46.8022041, -46.8003616, -46.8037071, -46.7992401, -46.8010178, -46.7977142, -46.8029442, -46.8026695
1555.5700000000015, -46.8000641, -46.8040657, -46.8028603, -46.8012733, -46.8031349, -46.8032608, -46.8024979, -46.7986488, -46.803791, -46.805275
1555.5750000000016, -46.8039589, -46.8038979, -46.8030739, -46.803688, -46.8076515, -46.8024368, -46.8047676, -46.8043213, -46.8029251, -46.8059311
1555.5800000000017, -46.8039207, -46.8026924, -46.8048935, -46.8040466, -46.8052521, -46.8041534, -46.803093, -46.8056793, -46.8046837, -46.8046379
1555.5850000000019, -46.8035355, -46.8048515, -46.803833, -46.8031769, -46.8037491, -46.8041115, -46.8054237, -46.8041534, -46.8067818, -46.8079262
1555.590000000002, -46.8017349, -46.8009109, -46.8026695, -46.8018875, -46.8017578, -46.8024368, -46.8013153, -46.8048935, -46.8048515, -46.8021393
1555.595000000002, -46.8038979, -46.8017807, -46.8050423, -46.8026466, -46.8022652, -46.8033867, -46.7999802, -46.8022652, -46.8035583, -46.8039398
1555.6000000000022, -46.8026695, -46.7992592, -46.8054047, -46.804493, -46.8053589, -46.8004227, -46.8066101, -46.8020782, -46.8023529, -46.8050232
1555.6050000000023, -46.8001938, -46.8010368, -46.7988777, -46.8009529, -46.800148, -46.7975655, -46.8034973, -46.7991104, -46.7985611, -46.7969971
1555.6100000000024, -46.8027534, -46.8033485, -46.8020973, -46.8053818, -46.8033066, -46.8000031, -46.8036461, -46.803772, -46.7992401, -46.8035583
1555.6150000000025, -46.8009338, -46.8035393, -46.8026695, -46.8034973, -46.8047447, -46.8022041, -46.8055305, -46.8058281, -46.8050003, -46.8041534
1555.6200000000026, -46.8002357, -46.8031349, -46.8037949, -46.8043022, -46.8039818, -46.8009567, -46.8034096, -46.8015022, -46.8026466, -46.8003807
1555.6250000000027, -46.8058701, -46.8081169, -46.8052979, -46.8086891, -46.8077126, -46.80513, -46.8084564, -46.8095589, -46.8054848, -46.8117218
1555.6300000000028, -46.8055305, -46.806015, -46.8037491, -46.8127441, -46.8119354, -46.8085213, -46.8069725, -46.8079262, -46.8074608, -46.8115768
1555.635000000003, -46.805191, -46.8041306, -46.8044701, -46.8046188, -46.8038979, -46.8048286, -46.8041954, -46.8059959, -46.8031769, -46.8057213
1555.640000000003, -46.8084373, -46.8053589, -46.8079262, -46.8061256, -46.8083496, -46.8079681, -46.8081818, -46.8077126, -46.8087082, -46.8104706
1555.6450000000032, -46.8106232, -46.8118935, -46.8111305, -46.8124886, -46.8144188, -46.8098373, -46.811512, -46.8121071, -46.8153114, -46.8118095
1555.6500000000033, -46.8069687, -46.8084335, -46.806675, -46.8084145, -46.8057022, -46.8064423, -46.8094559, -46.8094139, -46.8072891, -46.8060608
1555.6550000000034, -46.8076515, -46.8043022, -46.8037529, -46.8060379, -46.8092613, -46.8108978, -46.8067818, -46.8053627, -46.8061256, -46.8076935
1555.6600000000035, -46.8098145, -46.8090515, -46.8096008, -46.8103218, -46.8106651, -46.8081818, -46.8122978, -46.8092842, -46.809536, -46.8084335
1555.6650000000036, -46.8051262, -46.8074608, -46.8082008, -46.8083954, -46.8062744, -46.8080101, -46.8099823, -46.8089447, -46.8083916, -46.8078423
1555.6700000000037, -46.8075638, -46.8053398, -46.8049774, -46.8063164, -46.8109169, -46.8112564, -46.8079262, -46.8059349, -46.8090096, -46.8069077
1555.6750000000038, -46.8125305, -46.8142929, -46.8131905, -46.8124046, -46.8156128, -46.8137398, -46.8126793, -46.8095818, -46.8145485, -46.8160133
1555.680000000004, -46.81353, -46.8183975, -46.8153114, -46.8129997, -46.8116188, -46.8163147, -46.8144417, -46.8113632, -46.8165245, -46.8152275
1555.685000000004, -46.8138695, -46.8120651, -46.8124008, -46.8118515, -46.815464, -46.811512, -46.8143349, -46.8116608, -46.8127861, -46.8125725
1555.6900000000041, -46.8153801, -46.8117676, -46.8166084, -46.8117485, -46.8140602, -46.8119354, -46.8105354, -46.8108749, -46.8156548, -46.8137398
1555.6950000000043, -46.8167801, -46.8196297, -46.8223076, -46.8201408, -46.8187981, -46.8179703, -46.8188629, -46.8221397, -46.8225861, -46.8152275
1555.7000000000044, -46.8212242, -46.822094, -46.8218842, -46.820713, -46.8238411, -46.8252449, -46.8234787, -46.8223495, -46.8237534, -46.8242226
1555.7050000000045, -46.82267, -46.8207321, -46.8202248, -46.8228607, -46.8203316, -46.8216286, -46.8225861, -46.8233299, -46.8217354, -46.8194809
1555.7100000000046, -46.8228607, -46.8215637, -46.8230133, -46.8229675, -46.8239479, -46.8215637, -46.8216934, -46.8209686, -46.8205452, -46.8240967
1555.7150000000047, -46.8301659, -46.8262901, -46.8240128, -46.8284836, -46.8276329, -46.8279915, -46.8237572, -46.8256493, -46.8296967, -46.8307228
1555.7200000000048, -46.827034, -46.8279305, -46.8263321, -46.8294411, -46.825798, -46.8288002, -46.8291016, -46.8313599, -46.826992, -46.8279953
1555.725000000005, -46.8260307, -46.8272057, -46.8242035, -46.8271408, -46.8259048, -46.8275261, -46.8278236, -46.8263741, -46.8250351, -46.8285675
1555.730000000005, -46.8271599, -46.8321495, -46.8273125, -46.8299522, -46.8302956, -46.8286324, -46.8290596, -46.8250122, -46.8283958, -46.8279915
1555.7350000000051, -46.8296318, -46.82827, -46.8315544, -46.8309326, -46.8306351, -46.8280373, -46.8272896, -46.8264389, -46.8331299, -46.8250771
1555.7400000000052, -46.8313599, -46.8298264, -46.8330879, -46.8346481, -46.8314476, -46.832428, -46.837635, -46.8339195, -46.833004, -46.8339195
1555.7450000000053, -46.8304863, -46.8348808, -46.8351364, -46.8318939, -46.8350105, -46.8352013, -46.8322792, -46.8355865, -46.8339844, -46.834156
1555.7500000000055, -46.8363762, -46.8368034, -46.8389587, -46.8377037, -46.8394508, -46.838295, -46.8360558, -46.8373146, -46.8368454, -46.8378487
1555.7550000000056, -46.8418655, -46.8412895, -46.8429337, -46.8418007, -46.8401337, -46.840004, -46.8414574, -46.8395348, -46.8418236, -46.839344
1555.7600000000057, -46.8493118, -46.8429565, -46.8438988, -46.8466759, -46.8456306, -46.8452225, -46.8450089, -46.8447495, -46.8448372, -46.8446465
1555.7650000000058, -46.8462296, -46.8493309, -46.8467407, -46.8494186, -46.8462715, -46.8492241, -46.8501015, -46.848156, -46.8500404, -46.8478127
1555.770000000006, -46.8517532, -46.8491402, -46.8494797, -46.8486443, -46.8492012, -46.8500595, -46.8495445, -46.8509827, -46.8480682, -46.8502312
1555.775000000006, -46.8510857, -46.8534851, -46.8519669, -46.8548584, -46.8500824, -46.8492699, -46.854599, -46.8510857, -46.8528671, -46.8525429
1555.780000000006, -46.848114, -46.8521576, -46.8526497, -46.8548813, -46.8512154, -46.850853, -46.8510895, -46.8474464, -46.8520508, -46.8511314
1555.7850000000062, -46.848774, -46.8478737, -46.8509369, -46.849865, -46.8521576, -46.8514519, -46.8539162, -46.8492241, -46.8478775, -46.8505325
1555.7900000000063, -46.8522224, -46.8518181, -46.85289, -46.8477478, -46.8487549, -46.8532944, -46.8534241, -46.8471909, -46.8539581, -46.8540649
1555.7950000000064, -46.849781, -46.8522224, -46.8513451, -46.8520508, -46.850769, -46.8499107, -46.8545799, -46.8535538, -46.8487129, -46.8504868
1555.8000000000065, -46.853981, -46.8540459, -46.8551598, -46.8533821, -46.8533363, -46.8540039, -46.8522873, -46.852951, -46.8572807, -46.8560791
1555.8050000000067, -46.8561897, -46.8547058, -46.8593216, -46.8576698, -46.8551788, -46.8547516, -46.8579483, -46.8574982, -46.8570442, -46.8590431
1555.8100000000068, -46.8578606, -46.8560371, -46.8575821, -46.8571091, -46.8575363, -46.8568306, -46.8577957, -46.8575592, -46.8573036, -46.859127
1555.8150000000069, -46.8598328, -46.8581619, -46.8609734, -46.8613167, -46.8618126, -46.8579483, -46.861187, -46.8606071, -46.8571968, -46.8596191
1555.820000000007, -46.86269, -46.8615952, -46.8629684, -46.8631859, -46.8657646, -46.8630562, -46.8642387, -46.8628197, -46.86269, -46.8646889
1555.825000000007, -46.8631859, -46.8663445, -46.8646469, -46.8649673, -46.8630371, -46.8606949, -46.8630333, -46.8642998, -46.862606, -46.8625603
1555.8300000000072, -46.8635101, -46.8630562, -46.8638725, -46.8625832, -46.8630142, -46.8629684, -46.8645821, -46.8626251, -46.8618546, -46.8617668
1555.8350000000073, -46.8600082, -46.8639565, -46.8623695, -46.8621101, -46.8635063, -46.8635521, -46.8639565, -46.8635063, -46.8603287, -46.8612328
1555.8400000000074, -46.8609962, -46.8579674, -46.861702, -46.8593826, -46.859127, -46.8618736, -46.8576241, -46.857605, -46.859108, -46.86063
1555.8450000000075, -46.8593636, -46.8548813, -46.8592567, -46.8538933, -46.8606949, -46.8577766, -46.8556938, -46.8543243, -46.8551369, -46.8623047
1555.8500000000076, -46.8582458, -46.8549652, -46.8594704, -46.8569603, -46.8541527, -46.8566589, -46.8590851, -46.8614464, -46.8538094, -46.8564911
1555.8550000000077, -46.854023, -46.856102, -46.8561897, -46.8569374, -46.8547287, -46.8553505, -46.8562965, -46.8578377, -46.8560829, -46.8528442
1555.8600000000079, -46.8485832, -46.852417, -46.8514328, -46.8563614, -46.8530807, -46.8529091, -46.852478, -46.8523712, -46.8516426, -46.8520737
1555.865000000008, -46.8499947, -46.8496094, -46.8487549, -46.848774, -46.850769, -46.8502121, -46.8536568, -46.8500366, -46.8504448, -46.8493118
1555.870000000008, -46.8473625, -46.844902, -46.8452225, -46.8478775, -46.8485832, -46.84552, -46.8462715, -46.8439598, -46.8441315, -46.8449669
1555.8750000000082, -46.8454132, -46.8434486, -46.8437462, -46.8451996, -46.8443871, -46.8456306, -46.8444519, -46.8466568, -46.8472977, -46.8462486
1555.8800000000083, -46.8391495, -46.8406448, -46.8408813, -46.8396645, -46.8394508, -46.8397484, -46.8406258, -46.8413086, -46.8407974, -46.8400688
1555.8850000000084, -46.8363533, -46.836441, -46.8347321, -46.8355217, -46.8344307, -46.8344345, -46.8337288, -46.8346443, -46.8359489, -46.8388748
1555.8900000000085, -46.8290787, -46.826992, -46.8314896, -46.8315125, -46.8301239, -46.8293571, -46.829464, -46.8265877, -46.8281212, -46.8292084
1555.8950000000086, -46.8206711, -46.8210526, -46.8211823, -46.8214569, -46.8221588, -46.8230743, -46.8231392, -46.8253288, -46.8234787, -46.8231621
1555.9000000000087, -46.8125305, -46.8120842, -46.8160782, -46.8157616, -46.8143806, -46.8139114, -46.8160782, -46.8163109, -46.815567, -46.8144646
1555.9050000000088, -46.8034096, -46.807312, -46.8013573, -46.8051262, -46.8040886, -46.806591, -46.8050652, -46.8062286, -46.8056145, -46.8069305
1555.910000000009, -46.7908669, -46.7919655, -46.7909088, -46.7910957, -46.7915421, -46.7896194, -46.791626, -46.7888145, -46.7911377, -46.7901459
1555.915000000009, -46.7781029, -46.7795181, -46.7783585, -46.7772598, -46.7792854, -46.7789459, -46.7804413, -46.7796631, -46.7798119, -46.7793884
1555.9200000000092, -46.7623177, -46.7632599, -46.7620201, -46.7602386, -46.760994, -46.7629433, -46.7644577, -46.7624435, -46.7618561, -46.762989
1555.9250000000093, -46.7447853, -46.7481728, -46.7465858, -46.7465439, -46.7441788, -46.7446594, -46.7471924, -46.7467499, -46.7470016, -46.7466888
1555.9300000000094, -46.7231636, -46.7219582, -46.7221222, -46.7203789, -46.722393, -46.7222481, -46.7228966, -46.7217102, -46.722084, -46.7192154
1555.9350000000095, -46.6980286, -46.6977005, -46.7002029, -46.6984024, -46.6998711, -46.6995811, -46.6996841, -46.6982994, -46.6992111, -46.6960678
1555.9400000000096, -46.6739845, -46.6722183, -46.6740074, -46.6722183, -46.6746025, -46.6719894, -46.6727295, -46.6720924, -46.6739655, -46.6728745
1555.9450000000097, -46.6437798, -46.6443329, -46.644352, -46.6443939, -46.6457405, -46.644146, -46.6454544, -46.6450882, -46.6436768, -46.6452293
1555.9500000000098, -46.6110268, -46.6107216, -46.6105614, -46.60886, -46.6105194, -46.607563, -46.6085968, -46.6091232, -46.6095085, -46.6098099
1555.95500000001, -46.5736122, -46.571701, -46.5730705, -46.57164, -46.5715599, -46.572567, -46.574295, -46.5743332, -46.5733109, -46.5762024
1555.96000000001, -46.5349617, -46.5366554, -46.5359764, -46.5370522, -46.5372314, -46.5379906, -46.5378304, -46.5372314, -46.5384064, -46.5392647
1555.9650000000101, -46.4977989, -46.4940872, -46.4930611, -46.4917412, -46.492054, -46.493576, -46.4943428, -46.4946976, -46.4970894, -46.4957848
1555.9700000000103, -46.4448662, -46.4425812, -46.4434204, -46.4432259, -46.4444351, -46.4434624, -46.4426422, -46.442234, -46.4404182, -46.445118
1555.9750000000104, -46.3936348, -46.3917236, -46.3930168, -46.3951569, -46.3922462, -46.3937492, -46.3913383, -46.3922272, -46.3921852, -46.3940392
1555.9800000000105, -46.3355103, -46.3346939, -46.3340111, -46.3344269, -46.3325081, -46.3315735, -46.3328323, -46.3327904, -46.332962, -46.3340111
1555.9850000000106, -46.2692375, -46.2681313, -46.2690086, -46.269516, -46.2706947, -46.2698364, -46.2700996, -46.2695351, -46.2685623, -46.2686005
1555.9900000000107, -46.1876144, -46.1874313, -46.1887016, -46.1909981, -46.1914978, -46.1921425, -46.1926918, -46.1907043, -46.1912766, -46.1931725
1555.9950000000108, -46.1110725, -46.1128082, -46.1122131, -46.1119957, -46.1134415, -46.1138954, -46.1134071, -46.1132431, -46.1122856, -46.1111298
1556.000000000011, -46.0289612, -46.0284271, -46.026783, -46.0268517, -46.0296898, -46.0309448, -46.029705, -46.0273819, -46.0271492, -46.0283051
1556.005000000011, -45.9370575, -45.9387054, -45.9406357, -45.940876, -45.9404411, -45.9409828, -45.9423523, -45.9442139, -45.9445801, -45.942894
1556.0100000000111, -45.8249474, -45.8240013, -45.8257103, -45.8241386, -45.8247299, -45.8238144, -45.824646, -45.82407, -45.8237801, -45.8214149
1556.0150000000112, -45.711525, -45.7127113, -45.7148705, -45.7149353, -45.7161903, -45.7154961, -45.7152176, -45.7163544, -45.7170792, -45.7183189
1556.0200000000114, -45.604557, -45.604538, -45.606163, -45.6060982, -45.6050682, -45.6066284, -45.6067886, -45.607708, -45.6073875, -45.6072426
1556.0250000000115, -45.4838982, -45.4836769, -45.4844627, -45.4843674, -45.4881668, -45.4884987, -45.4883728, -45.4871368, -45.4884338, -45.4892159
1556.0300000000116, -45.3338432, -45.3348427, -45.3347054, -45.3348274, -45.3360634, -45.3350067, -45.3334961, -45.3366089, -45.3364143, -45.3352966
1556.0350000000117, -45.1976776, -45.1964493, -45.1942863, -45.1952782, -45.1948128, -45.1958656, -45.1927643, -45.1949425, -45.1955414, -45.1958656
1556.0400000000118, -45.0410728, -45.0413284, -45.0410042, -45.0415382, -45.0436592, -45.0425568, -45.0427246, -45.0428391, -45.0420036, -45.0414963
1556.045000000012, -44.8696747, -44.8694725, -44.8742676, -44.8770943, -44.8774719, -44.8799896, -44.8817711, -44.8814201, -44.8821793, -44.8809052
1556.050000000012, -44.6784859, -44.6783409, -44.6776123, -44.6774445, -44.6772766, -44.6774597, -44.6784973, -44.6800537, -44.6794815, -44.6771851
1556.0550000000121, -44.5041428, -44.5029564, -44.5004883, -44.5028801, -44.4996529, -44.4984818, -44.4977226, -44.4974213, -44.4964752, -44.496376
1556.0600000000122, -44.3128357, -44.3118935, -44.3119774, -44.3118095, -44.3093758, -44.3107605, -44.310688, -44.3106041, -44.3098869, -44.3110085
1556.0650000000123, -44.1175461, -44.11726, -44.1206512, -44.1206512, -44.1202736, -44.1208916, -44.1184349, -44.1193237, -44.1180801, -44.1209564
1556.0700000000124, -43.9128838, -43.9133186, -43.9105644, -43.9110756, -43.9090614, -43.9068108, -43.9061241, -43.9058952, -43.906723, -43.9090958
1556.0750000000126, -43.6499405, -43.6540833, -43.6537132, -43.6552773, -43.6553268, -43.6549797, -43.6550407, -43.6543808, -43.6542702, -43.65271
1556.0800000000127, -43.4289513, -43.4293327, -43.427124, -43.4270058, -43.4278793, -43.4282532, -43.4257584, -43.4258957, -43.4245338, -43.4248466
1556.0850000000128, -43.1729813, -43.1662903, -43.1650963, -43.1649246, -43.1649132, -43.16222, -43.16008, -43.1606293, -43.1591187, -43.1602249
1556.0900000000129, -42.8486595, -42.8500824, -42.8544083, -42.8554573, -42.8557281, -42.8564491, -42.8548927, -42.8542175, -42.8537407, -42.8570862
1556.095000000013, -42.5890274, -42.5892448, -42.5862923, -42.5868607, -42.5871658, -42.5874519, -42.5881691, -42.5880394, -42.5880966, -42.588131
1556.100000000013, -42.3072205, -42.304512, -42.3038864, -42.3040657, -42.3033066, -42.3065987, -42.3067513, -42.3075867, -42.3078346, -42.3040733
1556.1050000000132, -42.0127487, -42.0088043, -42.0071259, -42.0061493, -42.007309, -42.0079269, -42.0065346, -42.0041847, -42.0041084, -42.0067978
1556.1100000000133, -41.6095772, -41.6096954, -41.6093178, -41.6097374, -41.6111794, -41.6129379, -41.6134491, -41.618309, -41.6178284, -41.6165886
1556.1150000000134, -41.3067169, -41.3049774, -41.3047104, -41.3037262, -41.299324, -41.2980804, -41.301033, -41.3006439, -41.300087, -41.3022575
1556.1200000000135, -40.9477959, -40.9484215, -40.944355, -40.9415054, -40.9428825, -40.9408417, -40.9415131, -40.9393539, -40.9365425, -40.9349632
1556.1250000000136, -40.5955505, -40.5920143, -40.5872345, -40.5877266, -40.588707, -40.5893021, -40.5885468, -40.5885506, -40.5898056, -40.5913963
1556.1300000000138, -40.1428757, -40.1444855, -40.1441536, -40.1450043, -40.1465225, -40.1425285, -40.1423531, -40.1386528, -40.1382217, -40.1372948
1556.1350000000139, -39.7174263, -39.7217064, -39.7219734, -39.7276077, -39.7322006, -39.7352104, -39.7347374, -39.7314987, -39.7340813, -39.7361259
1556.140000000014, -39.3264618, -39.3252411, -39.3264961, -39.328743, -39.3300095, -39.330162, -39.3278084, -39.3292084, -39.3269958, -39.3283958
1556.145000000014, -38.9098167, -38.9113274, -38.9111862, -38.910778, -38.9130669, -38.913105, -38.9153175, -38.9138527, -38.914135, -38.9109764
1556.1500000000142, -38.399929, -38.399025, -38.4025803, -38.4024239, -38.3976021, -38.3995934, -38.3971519, -38.3978653, -38.3999214, -38.4013786
1556.1550000000143, -37.9409904, -37.9440536, -37.948719, -37.9492607, -37.9488869, -37.94804, -37.948246, -37.9514275, -37.9526634, -37.9497604
1556.1600000000144, -37.4826813, -37.484478, -37.483448, -37.481678, -37.4820328, -37.4811974, -37.4813347, -37.4816017, -37.481308, -37.480896
1556.1650000000145, -37.0082359, -37.0073013, -37.0062637, -37.005394, -37.0040169, -37.0056992, -37.0038567, -37.0031776, -37.0033455, -37.0031891
1556.1700000000146, -36.5421867, -36.5394516, -36.5409279, -36.5413589, -36.5367622, -36.5340042, -36.5311546, -36.529789, -36.5357361, -36.5343666
1556.1750000000147, -35.9397507, -35.9409943, -35.9424858, -35.9482079, -35.9422073, -35.9356575, -35.9370193, -35.9385719, -35.9358788, -35.9393997
1556.1800000000148, -35.438694, -35.438324, -35.4397659, -35.4410782, -35.4419479, -35.4391365, -35.4415283, -35.4415436, -35.4423752, -35.4426537
1556.185000000015, -34.8899193, -34.8930817, -34.8942642, -34.8956757, -34.894474, -34.8963089, -34.8967972, -34.8974037, -34.8995399, -34.9012947
1556.190000000015, -34.377285, -34.3748817, -34.3714409, -34.3720055, -34.3680992, -34.3687668, -34.3678093, -34.3702812, -34.3691444, -34.3681602
1556.1950000000152, -33.7019615, -33.7044067, -33.7082176, -33.7081261, -33.7048264, -33.7059631, -33.7059631, -33.7065163, -33.7071953, -33.7111397
1556.2000000000153, -33.1446648, -33.1521149, -33.1523857, -33.1501427, -33.1480675, -33.1489258, -33.1510239, -33.1513596, -33.1510696, -33.1520958
1556.2050000000154, -32.5920906, -32.5880661, -32.5834198, -32.581459, -32.5768661, -32.5807304, -32.5773277, -32.5755959, -32.5815926, -32.575264
1556.2100000000155, -31.8981953, -31.9007626, -31.9055386, -31.9089565, -31.9097767, -31.912859, -31.9114704, -31.9105759, -31.9074001, -31.9083061
1556.2150000000156, -31.2936821, -31.2928505, -31.2935047, -31.2927151, -31.2949333, -31.2952042, -31.2974224, -31.2969933, -31.2992954, -31.2964573
1556.2200000000157, -30.6828651, -30.6843967, -30.6858635, -30.6852798, -30.6842327, -30.6877174, -30.6867428, -30.6886444, -30.6904488, -30.6891766
1556.2250000000158, -30.0849628, -30.0825157, -30.0827827, -30.0792713, -30.0777779, -30.0773373, -30.0774002, -30.074358, -30.0758667, -30.0765152
1556.230000000016, -29.3538704, -29.3522434, -29.3501625, -29.3469791, -29.3475056, -29.3495979, -29.3475571, -29.3489475, -29.3513508, -29.3540668
1556.235000000016, -28.7048645, -28.6995754, -28.7047939, -28.7035789, -28.7041702, -28.7021561, -28.7029972, -28.703413, -28.7054729, -28.7077885
1556.2400000000162, -28.0704155, -28.0715733, -28.0718746, -28.0659962, -28.0683765, -28.0649853, -28.0652981, -28.0639706, -28.0637093, -28.0643139
1556.2450000000163, -27.436697, -27.4357567, -27.432436, -27.4299831, -27.4295425, -27.4294376, -27.4320717, -27.4311752, -27.430254, -27.4325542
1556.2500000000164, -26.7157917, -26.704401, -26.6985302, -26.6976776, -26.696846, -26.6897812, -26.6846886, -26.6843853, -26.6853943, -26.6821651
1556.2550000000165, -26.0017929, -25.9992886, -26.0013447, -26.0018768, -26.0032253, -26.0031528, -26.0098152, -26.0108433, -26.0072784, -26.0063152
1556.2600000000166, -25.3806038, -25.3754673, -25.3734531, -25.3720131, -25.3759918, -25.3756504, -25.3712769, -25.3715515, -25.3696098, -25.3705692
1556.2650000000167, -24.7180939, -24.7176285, -24.7235088, -24.7247391, -24.7245636, -24.7242088, -24.718935, -24.7137604, -24.7133408, -24.7113018
1556.2700000000168, -24.0438442, -24.044136, -24.0451813, -24.0449486, -24.0491142, -24.0530052, -24.0580425, -24.0563164, -24.0570908, -24.0568218
1556.275000000017, -23.2582283, -23.2622719, -23.2592545, -23.2522697, -23.2531929, -23.2493534, -23.2490501, -23.2516975, -23.2501564, -23.2526112
1556.280000000017, -22.5944195, -22.5876122, -22.5878296, -22.5837536, -22.5853519, -22.5841751, -22.5846329, -22.5818691, -22.5819588, -22.584919
1556.2850000000171, -21.8588524, -21.8582916, -21.8542805, -21.8552914, -21.8540955, -21.8547344, -21.8572063, -21.8595905, -21.8637638, -21.8593826
1556.2900000000172, -21.1649666, -21.1617184, -21.1583824, -21.1576996, -21.1545658, -21.1526299, -21.1494541, -21.1466675, -21.1453133, -21.143877
1556.2950000000174, -20.3417797, -20.3414307, -20.3373699, -20.3363323, -20.3332424, -20.3327904, -20.3299389, -20.3311081, -20.3334465, -20.3290157
1556.3000000000175, -19.6349621, -19.633131, -19.6354122, -19.6347656, -19.6268005, -19.6305523, -19.6343708, -19.6317997, -19.6359844, -19.6390457
1556.3050000000176, -18.9275036, -18.9324112, -18.9298706, -18.9327354, -18.9368248, -18.9343452, -18.9371567, -18.9342251, -18.9281197, -18.9234772
1556.3100000000177, -18.1059742, -18.1065788, -18.1054668, -18.0998516, -18.102356, -18.0989971, -18.099823, -18.0977097, -18.092535, -18.0947304
1556.3150000000178, -17.3760586, -17.3726578, -17.371973, -17.374157, -17.3768349, -17.3730659, -17.3758907, -17.374157, -17.3745861, -17.3703003
1556.320000000018, -16.66535, -16.6624565, -16.662159, -16.6587563, -16.6532173, -16.649622, -16.6548138, -16.6584339, -16.661972, -16.6627636
1556.325000000018, -15.956254, -15.9554567, -15.9535036, -15.9569368, -15.956254, -15.9558096, -15.9513597, -15.952239, -15.9534664, -15.954854
1556.3300000000181, -15.1366758, -15.1340151, -15.1354885, -15.1350231, -15.1357632, -15.1353464, -15.1337891, -15.1337328, -15.12953, -15.1254091
1556.3350000000182, -14.3865604, -14.3867702, -14.389596, -14.3931847, -14.393693, -14.3922825, -14.3957939, -14.3978109, -14.3974438, -14.4008636
1556.3400000000183, -13.7258015, -13.7295551, -13.7259436, -13.7210598, -13.7230644, -13.719099, -13.7179012, -13.7216806, -13.7159386, -13.7119827
1556.3450000000184, -12.9988556, -12.9999361, -12.9993858, -12.9970789, -12.998394, -13.0011816, -13.0013561, -12.9989414, -13.0010328, -12.999589
1556.3500000000186, -12.2269583, -12.2211199, -12.2206411, -12.2225046, -12.2237577, -12.2253695, -12.2231417, -12.2240715, -12.2251787, -12.2269506
1556.3550000000187, -11.6114798, -11.6071577, -11.6065531, -11.607892, -11.608922, -11.6075382, -11.6090117, -11.6120224, -11.6138668, -11.6152735
1556.3600000000188, -11.00354, -10.9989347, -10.9970636, -10.9990807, -11.0028801, -11.0084305, -11.010313, -11.0104685, -11.0101538, -11.0078506
1556.3650000000189, -10.4095163, -10.4099083, -10.4117136, -10.4077816, -10.406127, -10.4053936, -10.4058495, -10.4067936, -10.408535, -10.4077578
1556.370000000019, -9.73471355, -9.73319149, -9.73243427, -9.7355938, -9.73396206, -9.73568821, -9.73595619, -9.73838425, -9.74017334, -9.74160767
1556.375000000019, -9.1902113, -9.1865778, -9.18255138, -9.17993546, -9.17996502, -9.17760086, -9.1781292, -9.17644691, -9.17662907, -9.17816544
1556.3800000000192, -8.66439152, -8.66096973, -8.65730572, -8.6597929, -8.65669918, -8.65516758, -8.6563406, -8.65341377, -8.65283108, -8.65271664
1556.3850000000193, -8.17046261, -8.17171955, -8.17112637, -8.17115307, -8.16886711, -8.17062283, -8.17252159, -8.17249298, -8.17269611, -8.17380428
1556.3900000000194, -7.62521648, -7.62493563, -7.62480164, -7.6258235, -7.62771988, -7.6302247, -7.63095331, -7.6298399, -7.62852383, -7.62707663
1556.3950000000195, -7.17834377, -7.17811775, -7.17793131, -7.17905092, -7.18129301, -7.17876053, -7.17802238, -7.17807627, -7.18092155, -7.18104744
1556.4000000000196, -6.75457573, -6.75460339, -6.75395536, -6.75269175, -6.75001097, -6.74562311, -6.74682331, -6.74696636, -6.74500465, -6.74444437
1556.4050000000198, -6.35267639, -6.35412169, -6.35252523, -6.35112762, -6.34911585, -6.35143375, -6.35252523, -6.35283613, -6.35257721, -6.3532114
1556.4100000000199, -5.92728043, -5.9287653, -5.92839432, -5.92803335, -5.92776489, -5.92916012, -5.9304347, -5.93125343, -5.93183899, -5.9308939
1556.41500000002, -5.60246277, -5.60096931, -5.6012888, -5.60036087, -5.59851074, -5.5968256, -5.59452057, -5.59407043, -5.59574509, -5.59449577
1556.42000000002, -5.27278566, -5.27391052, -5.27580214, -5.27561951, -5.27634287, -5.27808428, -5.2783246, -5.27833128, -5.27810335, -5.27976513
1556.4250000000202, -5.00408077, -5.0025773, -5.00058126, -4.99909496, -4.99718857, -4.99703455, -4.9977479, -4.99622869, -4.99416065, -4.99424982
1556.4300000000203, -4.70669985, -4.70557547, -4.70436382, -4.7031517, -4.70252275, -4.70376921, -4.70350885, -4.70365429, -4.70181465, -4.702209
1556.4350000000204, -4.45931101, -4.45962191, -4.46033287, -4.46058273, -4.46043587, -4.46069431, -4.46026564, -4.4592576, -4.45861769, -4.45924568
1556.4400000000205, -4.25753689, -4.25722599, -4.25645733, -4.25584888, -4.25641727, -4.2574439, -4.25799131, -4.25790596, -4.25579357, -4.25496292
1556.4450000000206, -4.0643878, -4.06349945, -4.06301498, -4.06296492, -4.06183434, -4.06113386, -4.0608449, -4.06187773, -4.06094646, -4.06078529
1556.4500000000207, -3.87133741, -3.87007165, -3.86997175, -3.87001038, -3.87012124, -3.86982918, -3.86968994, -3.86881065, -3.86890483, -3.86912036
1556.4550000000208, -3.72188854, -3.72207737, -3.72199225, -3.72184086, -3.72187519, -3.72240353, -3.72302103, -3.72270346, -3.72276735, -3.72329926
1556.460000000021, -3.59485579, -3.59402895, -3.59365654, -3.59286237, -3.59212899, -3.5928123, -3.59308267, -3.5926528, -3.59280849, -3.59338832
1556.465000000021, -3.45401669, -3.45811677, -3.46044946, -3.46432471, -3.46553969, -3.46607041, -3.46813607, -3.46772051, -3.46878266, -3.46843529
1556.4700000000212, -3.35682344, -3.35563755, -3.35593915, -3.35438681, -3.35471463, -3.35602212, -3.3553834, -3.35491157, -3.3565309, -3.35688829
1556.4750000000213, -3.26559544, -3.26662827, -3.26602054, -3.26506948, -3.26547575, -3.2634213, -3.26401114, -3.26546693, -3.264961, -3.26597285
1556.4800000000214, -3.18377209, -3.18522763, -3.1846664, -3.18507314, -3.18508148, -3.1851089, -3.18532705, -3.18568778, -3.18522763, -3.18510103
1556.4850000000215, -3.1163764, -3.1169734, -3.11707115, -3.11700892, -3.11436558, -3.11615324, -3.11515689, -3.11719513, -3.11650968, -3.11537027
1556.4900000000216, -3.0460856, -3.0450356, -3.04583216, -3.04436016, -3.04579639, -3.04561234, -3.04432726, -3.04469347, -3.04448366, -3.04464054
1556.4950000000217, -2.99370694, -2.99388719, -2.99330854, -2.99364638, -2.99481297, -2.99470067, -2.99485636, -2.995471, -2.99379301, -2.99354053
1556.5000000000218, -2.95186424, -2.9505794, -2.95038986, -2.95056248, -2.95031404, -2.94902182, -2.95027137, -2.94993711, -2.95081973, -2.95070004
1556.505000000022, -2.91134834, -2.91126347, -2.91100883, -2.91150069, -2.91105103, -2.91160297, -2.91110182, -2.91140866, -2.91134906, -2.91116166
1556.510000000022, -2.870507, -2.87143326, -2.87176156, -2.8725853, -2.87216353, -2.87238288, -2.87016177, -2.87151718, -2.87125564, -2.87179422
1556.5150000000222, -2.84296131, -2.8422339, -2.84160662, -2.84243536, -2.84114766, -2.84132266, -2.84085584, -2.84077954, -2.84136391, -2.8402946
1556.5200000000223, -2.81452417, -2.81484795, -2.81703281, -2.81533861, -2.81470013, -2.81568718, -2.81435752, -2.81485057, -2.81475759, -2.81523705
1556.5250000000224, -2.79070449, -2.78993607, -2.79000139, -2.79056406, -2.79064727, -2.78896332, -2.78880572, -2.79033303, -2.79119182, -2.79096174
1556.5300000000225, -2.76660466, -2.7657094, -2.76594782, -2.76612091, -2.76621175, -2.76635122, -2.76684356, -2.76623654, -2.76580882, -2.76580834
1556.5350000000226, -2.7476151, -2.74777937, -2.74753428, -2.74793315, -2.74826193, -2.74730444, -2.74742675, -2.74808979, -2.74848247, -2.74765754
1556.5400000000227, -2.7330842, -2.73393393, -2.7341032, -2.73370385, -2.73398137, -2.73325539, -2.73325539, -2.73262, -2.73328686, -2.73274183
1556.5450000000228, -2.72005296, -2.71783829, -2.71947932, -2.71836638, -2.71968174, -2.71897721, -2.71848822, -2.71916866, -2.71736002, -2.71896625
1556.550000000023, -2.70666909, -2.70671725, -2.7053318, -2.70616651, -2.70597243, -2.70524383, -2.70623064, -2.70666766, -2.70716381, -2.70691156
1556.555000000023, -2.69970822, -2.69943237, -2.69886661, -2.69999862, -2.69920444, -2.69931102, -2.69804931, -2.69801688, -2.6987946, -2.69882536
1556.5600000000231, -2.69166827, -2.69131207, -2.69155407, -2.69114304, -2.69136095, -2.69098949, -2.69168234, -2.69152951, -2.69069028, -2.69127274
1556.5650000000232, -2.68481946, -2.68477917, -2.6840694, -2.68496394, -2.68521309, -2.68451309, -2.68553662, -2.68469787, -2.68518257, -2.68520689
1556.5700000000234, -2.67918158, -2.67948699, -2.67900395, -2.67948747, -2.67996287, -2.67978573, -2.67928505, -2.67957592, -2.67917967, -2.67889237
1556.5750000000235, -2.67409587, -2.67475533, -2.67416883, -2.67400694, -2.67515683, -2.67422509, -2.67426586, -2.67459464, -2.67423201, -2.67381573
1556.5800000000236, -2.66922617, -2.66981983, -2.66802049, -2.66945839, -2.66993332, -2.67027783, -2.66926551, -2.66793346, -2.66884112, -2.6687355
1556.5850000000237, -2.66472149, -2.66571736, -2.66455388, -2.66494656, -2.66508222, -2.66428208, -2.6654284, -2.66619945, -2.66520333, -2.66565251
1556.5900000000238, -2.6620996, -2.66384745, -2.66320515, -2.66262913, -2.66306925, -2.66367245, -2.66192412, -2.66388106, -2.66189742, -2.66260362
1556.595000000024, -2.66081738, -2.66017509, -2.66136932, -2.66060138, -2.66144204, -2.6606822, -2.66217089, -2.66109037, -2.66076899, -2.6615932
1556.600000000024, -2.65775681, -2.65935802, -2.65901327, -2.65837264, -2.65882921, -2.65853262, -2.65785289, -2.65866137, -2.65815687, -2.65826869
1556.6050000000241, -2.65814757, -2.65858912, -2.65878916, -2.65877366, -2.65898252, -2.65842128, -2.65849257, -2.65816331, -2.65824509, -2.65841341
1556.6100000000242, -2.65824509, -2.65771675, -2.65772247, -2.65891027, -2.65881324, -2.65798807, -2.65731645, -2.65719461, -2.65858197, -2.65797329
1556.6150000000243, -2.65737939, -2.65709114, -2.65730834, -2.65714717, -2.65657759, -2.65772557, -2.65693045, -2.65673041, -2.65571332, -2.6578846
1556.6200000000244, -2.65616202, -2.6570189, -2.65557027, -2.65645218, -2.65621042, -2.65624952, -2.65662694, -2.6559937, -2.656003, -2.65551472
1556.6250000000246, -2.65522552, -2.65427327, -2.65436172, -2.65604258, -2.65472221, -2.65586519, -2.65595365, -2.65595365, -2.65603471, -2.65675473
1556.6300000000247, -2.65494585, -2.65555334, -2.6567874, -2.655123, -2.65547371, -2.65560102, -2.65543318, -2.65560985, -2.65591502, -2.6558888
1556.6350000000248, -2.65666771, -2.65807581, -2.65693831, -2.65726042, -2.65702748, -2.65668344, -2.65693092, -2.6568265, -2.65586615, -2.65672398
1556.6400000000249, -2.65649986, -2.65617776, -2.65561724, -2.65581846, -2.65614605, -2.65656972, -2.65633106, -2.65671563, -2.65593028, -2.6562016
1556.645000000025, -2.65654683, -2.65674639, -2.65693092, -2.65628219, -2.65757871, -2.65732336, -2.65703392, -2.65718675, -2.65721154, -2.65681767
1556.650000000025, -2.65750003, -2.65804553, -2.65748334, -2.65748453, -2.6577251, -2.65805101, -2.6578207, -2.65767717, -2.65788364, -2.65749311
1556.6550000000252, -2.65967083, -2.65883756, -2.65915751, -2.65943766, -2.65943074, -2.65999842, -2.65929508, -2.65947795, -2.65857172, -2.6580832
1556.6600000000253, -2.659343, -2.65930939, -2.65903759, -2.65925407, -2.65948677, -2.65875745, -2.65930152, -2.65985465, -2.65869355, -2.65963769
1556.6650000000254, -2.65913367, -2.65952682, -2.65944576, -2.65917373, -2.6595664, -2.65937424, -2.65962243, -2.65945506, -2.65945411, -2.65979815
1556.6700000000255, -2.65983224, -2.65984678, -2.65903664, -2.65910149, -2.66028833, -2.65970302, -2.658957, -2.65930939, -2.6592772, -2.65997505
1556.6750000000256, -2.66077542, -2.66060877, -2.66100025, -2.66124797, -2.66096163, -2.66108108, -2.66094565, -2.66104937, -2.66109633, -2.66092086
1556.6800000000258, -2.66142678, -2.66074467, -2.66211534, -2.6619153, -2.66241169, -2.66202712, -2.66005421, -2.6611855, -2.66100907, -2.66145802
1556.6850000000259, -2.66154623, -2.66238737, -2.66264367, -2.66200256, -2.66209149, -2.66116309, -2.66153812, -2.66224313, -2.66042423, -2.66165066
1556.690000000026, -2.6626451, -2.66237211, -2.6625793, -2.66221952, -2.66261196, -2.66229272, -2.66250873, -2.66329336, -2.66303802, -2.66290045
1556.695000000026, -2.6638236, -2.66357422, -2.66372752, -2.66408038, -2.66376805, -2.66445756, -2.66437674, -2.66432118, -2.66424894, -2.66339087
1556.7000000000262, -2.66474652, -2.66511512, -2.66549277, -2.66536474, -2.66539574, -2.66481709, -2.66485763, -2.66429782, -2.66423345, -2.66494679
1556.7050000000263, -2.66590881, -2.66628671, -2.66726637, -2.66697669, -2.66586828, -2.66615081, -2.66555619, -2.66601396, -2.6658206, -2.66560578
1556.7100000000264, -2.66720986, -2.66672969, -2.66642356, -2.66675997, -2.66641569, -2.66615915, -2.66566038, -2.66690516, -2.6663115, -2.66656852
1556.7150000000265, -2.6671617, -2.66796494, -2.66753817, -2.66774845, -2.66841435, -2.66827655, -2.66794944, -2.66817379, -2.66834188, -2.66808772
1556.7200000000266, -2.66884065, -2.66849661, -2.66862369, -2.66867924, -2.66890359, -2.66904068, -2.66819, -2.66931462, -2.66891956, -2.66879296
1556.7250000000267, -2.6710093, -2.67052007, -2.67047954, -2.67047191, -2.67053461, -2.6703341, -2.67055988, -2.67072964, -2.67064118, -2.67056775
1556.7300000000268, -2.67200708, -2.67148328, -2.67143607, -2.671597, -2.67197394, -2.67179012, -2.6715076, -2.67220116, -2.67210197, -2.67199826
1556.735000000027, -2.6720295, -2.6724, -2.6731391, -2.67274666, -2.67195106, -2.67306757, -2.67275405, -2.67211938, -2.67179108, -2.67276168
1556.740000000027, -2.67253566, -2.67293787, -2.67238307, -2.67317986, -2.67307496, -2.67318726, -2.67366314, -2.6730268, -2.67310691, -2.6730516
1556.7450000000272, -2.67347693, -2.67370152, -2.67326021, -2.67341185, -2.6736145, -2.67317891, -2.67357326, -2.6736052, -2.6739428, -2.67361403
1556.7500000000273, -2.67436218, -2.6740005, -2.67425728, -2.67412877, -2.67402434, -2.67400002, -2.67368603, -2.67401648, -2.6738863, -2.67433882
1556.7550000000274, -2.67553496, -2.67522979, -2.67586541, -2.67533517, -2.67576766, -2.67546296, -2.67545581, -2.67518902, -2.67591333, -2.67574525
1556.7600000000275, -2.67631626, -2.67665339, -2.67655659, -2.67674947, -2.67685342, -2.67695069, -2.67656493, -2.67665291, -2.67641973, -2.67668533
1556.7650000000276, -2.67753839, -2.67728877, -2.67764282, -2.67748308, -2.67756987, -2.67754579, -2.67721725, -2.67754579, -2.67747378, -2.67782879
1556.7700000000277, -2.67818236, -2.67894816, -2.67834401, -2.67866611, -2.67811871, -2.67859411, -2.67780542, -2.67779684, -2.67865014, -2.67847276
1556.7750000000278, -2.67866516, -2.67913365, -2.67901134, -2.67865729, -2.6788919, -2.67905974, -2.67884326, -2.67913318, -2.67892289, -2.67897058
1556.780000000028, -2.67963219, -2.6789875, -2.67978573, -2.67989039, -2.67948604, -2.67913222, -2.67873788, -2.6795435, -2.6790204, -2.67909241
1556.785000000028, -2.67971373, -2.67977881, -2.6795435, -2.67945504, -2.67984819, -2.6794467, -2.67973661, -2.67965746, -2.67959976, -2.67925501
1556.7900000000282, -2.68056607, -2.68062282, -2.67973757, -2.68015552, -2.68067813, -2.68023562, -2.67910194, -2.68029189, -2.68038893, -2.67960835
1556.7950000000283, -2.68007541, -2.67993021, -2.68015504, -2.68058991, -2.68033266, -2.679842, -2.67943907, -2.67945552, -2.67978501, -2.68042159
1556.8000000000284, -2.67957497, -2.67947102, -2.67865729, -2.67827129, -2.67868114, -2.67918897, -2.67881799, -2.67927837, -2.6793263, -2.67918229
1556.8050000000285, -2.67933369, -2.67896414, -2.67890739, -2.678514, -2.67831993, -2.67924523, -2.6782155, -2.67794967, -2.67840815, -2.67842317
1556.8100000000286, -2.67915058, -2.67935061, -2.67937446, -2.67906809, -2.67887545, -2.67944765, -2.67977691, -2.67881942, -2.67969632, -2.67995405
1556.8150000000287, -2.67964864, -2.67977691, -2.67935014, -2.67965746, -2.67980981, -2.67962503, -2.6788826, -2.679286, -2.67986631, -2.67904377
1556.8200000000288, -2.68026853, -2.68006706, -2.68029237, -2.67991519, -2.6806705, -2.68042159, -2.68037248, -2.68007493, -2.68059087, -2.68046021
1556.825000000029, -2.68092084, -2.68140388, -2.68162012, -2.68160462, -2.68166924, -2.68119359, -2.68079853, -2.68085647, -2.68095207, -2.68122578
1556.830000000029, -2.68093777, -2.68096948, -2.68059731, -2.68009973, -2.68100977, -2.6802845, -2.68085575, -2.68081617, -2.68133187, -2.68182158
1556.8350000000291, -2.68130612, -2.68097615, -2.6803968, -2.68043661, -2.68106556, -2.68088841, -2.6809442, -2.68122625, -2.68137765, -2.68147516
1556.8400000000292, -2.68093729, -2.68102431, -2.68171668, -2.68138766, -2.68194294, -2.68121743, -2.68119359, -2.68095875, -2.68123627, -2.68033266
1556.8450000000294, -2.68102574, -2.68156433, -2.68160558, -2.68138719, -2.68129992, -2.68105721, -2.68106556, -2.68154836, -2.681113, -2.68068027
1556.8500000000295, -2.67967248, -2.67996287, -2.6800108, -2.68041372, -2.68050146, -2.68075871, -2.68104863, -2.67980981, -2.68079138, -2.68022871
1556.8550000000296, -2.68011475, -2.68022823, -2.68043756, -2.68026805, -2.68068647, -2.68018699, -2.68057394, -2.68044567, -2.68029976, -2.68104219
1556.8600000000297, -2.68092775, -2.68116164, -2.67972875, -2.6808157, -2.68173361, -2.68124223, -2.68112898, -2.6810894, -2.68068743, -2.68038845
1556.8650000000298, -2.68089604, -2.68127275, -2.68116164, -2.68120384, -2.68114567, -2.68077493, -2.68124938, -2.68108201, -2.68063021, -2.68116117
1556.87000000003, -2.68099236, -2.68131399, -2.68133187, -2.680969, -2.68157172, -2.68121886, -2.6810894, -2.68140221, -2.68241, -2.68133092
1556.87500000003, -2.68216896, -2.68164635, -2.68126655, -2.68177342, -2.68121052, -2.68161249, -2.68186188, -2.68127418, -2.68138719, -2.68124223
1556.8800000000301, -2.68181324, -2.68265104, -2.68290043, -2.6821363, -2.68239355, -2.68201518, -2.68204665, -2.68161154, -2.68203163, -2.68160415
1556.8850000000302, -2.68212819, -2.68290281, -2.6825943, -2.68225765, -2.68310237, -2.68302226, -2.68250561, -2.68264961, -2.68227267, -2.68266678
1556.8900000000303, -2.6829586, -2.68245816, -2.68212628, -2.68278122, -2.68313432, -2.68286991, -2.68257165, -2.68290925, -2.68274045, -2.68290186
1556.8950000000304, -2.68437576, -2.68389177, -2.68302989, -2.68331027, -2.68332791, -2.68328023, -2.68376422, -2.68344092, -2.68358588, -2.68296504
1556.9000000000306, -2.68493986, -2.68452859, -2.6844883, -2.68469048, -2.68356848, -2.68413424, -2.68518114, -2.68456888, -2.68445635, -2.68468094
1556.9050000000307, -2.68501306, -2.68504214, -2.68456197, -2.68472099, -2.68579435, -2.68660831, -2.68459344, -2.68509197, -2.68497229, -2.68514967
1556.9100000000308, -2.68606043, -2.68585992, -2.68569016, -2.68572211, -2.68523884, -2.68537617, -2.68648815, -2.68571544, -2.6858108, -2.68600392
1556.915000000031, -2.68586755, -2.68566656, -2.68561697, -2.68591571, -2.68549633, -2.68617344, -2.6857543, -2.68586755, -2.68623066, -2.68646336
1556.920000000031, -2.68797946, -2.68735838, -2.68727064, -2.68607616, -2.68627954, -2.68605089, -2.68660092, -2.68644834, -2.68689132, -2.68685102
1556.925000000031, -2.68844891, -2.68806958, -2.68824601, -2.68818069, -2.68819761, -2.68839145, -2.68846488, -2.68754601, -2.68819022, -2.68796444
1556.9300000000312, -2.68864036, -2.68840742, -2.68825531, -2.68929625, -2.68869066, -2.6896503, -2.68974662, -2.69033599, -2.69023871, -2.68963337
1556.9350000000313, -2.69112659, -2.69069862, -2.69045663, -2.69084239, -2.69054556, -2.6908927, -2.69070697, -2.69127131, -2.69081974, -2.69011712
1556.9400000000314, -2.69178843, -2.69194078, -2.69214225, -2.69242525, -2.69203138, -2.69249058, -2.69215178, -2.69183636, -2.69189239, -2.6925559
1556.9450000000315, -2.69403386, -2.69404984, -2.69401741, -2.69449377, -2.69397855, -2.69411397, -2.69426799, -2.69413733, -2.69389629, -2.69525385
1556.9500000000317, -2.69593215, -2.69559336, -2.69657111, -2.69618416, -2.6979928, -2.69688678, -2.69676542, -2.69639444, -2.69684649, -2.69646597
1556.9550000000318, -2.69918156, -2.69858384, -2.69905305, -2.6987536, -2.69902015, -2.69946384, -2.69917297, -2.69905257, -2.69885778, -2.69907761
1556.9600000000319, -2.70203781, -2.70172977, -2.70229673, -2.70250821, -2.70200539, -2.70251584, -2.70229721, -2.70220733, -2.70241833, -2.70277524
1556.965000000032, -2.70563197, -2.70615816, -2.70648193, -2.70589876, -2.70623064, -2.70612597, -2.70594692, -2.70595646, -2.70618367, -2.70570564
1556.970000000032, -2.70948744, -2.70937419, -2.70880818, -2.70904255, -2.70882273, -2.7087822, -2.70890522, -2.70940852, -2.70922947, -2.70980549
1556.9750000000322, -2.71530414, -2.71477652, -2.71474457, -2.71468735, -2.71463108, -2.71507645, -2.71467233, -2.71481729, -2.71484184, -2.71495557
1556.9800000000323, -2.71910477, -2.71944618, -2.71922684, -2.71949482, -2.71981215, -2.71976352, -2.72016954, -2.71999931, -2.72001553, -2.71995068
1556.9850000000324, -2.72640014, -2.7259109, -2.72622776, -2.72621059, -2.72633314, -2.72625136, -2.72549462, -2.72608042, -2.72650385, -2.72569823
1556.9900000000325, -2.73297, -2.73314118, -2.73336935, -2.73373556, -2.73323083, -2.73279023, -2.73308516, -2.7329216, -2.7327342, -2.73313308
1556.9950000000326, -2.74079275, -2.74065304, -2.74132299, -2.74140573, -2.74106956, -2.74091578, -2.74008131, -2.74106956, -2.74110341, -2.74120235
1557.0000000000327, -2.75132275, -2.75123167, -2.75189614, -2.75110173, -2.75088835, -2.75074124, -2.75105309, -2.75095391, -2.75145173, -2.75136328
1557.0050000000329, -2.76249194, -2.76237679, -2.76192522, -2.76219678, -2.76205778, -2.762254, -2.7623024, -2.76236057, -2.7619102, -2.76234531
1557.010000000033, -2.77854848, -2.77823591, -2.77839208, -2.77854848, -2.77822828, -2.77826858, -2.77870417, -2.77926469, -2.77935576, -2.77891898
1557.015000000033, -2.79367161, -2.79328394, -2.79380441, -2.79322481, -2.79337382, -2.79430032, -2.79342389, -2.79315948, -2.79340768, -2.79407573
1557.0200000000332, -2.81360269, -2.81365395, -2.81369352, -2.81340361, -2.81351137, -2.81315517, -2.81306291, -2.81330514, -2.81314564, -2.81322861
1557.0250000000333, -2.83415079, -2.83393574, -2.83424258, -2.83446836, -2.83462763, -2.83450055, -2.83437705, -2.83431888, -2.83471107, -2.8348093
1557.0300000000334, -2.86236334, -2.86259103, -2.86254692, -2.86269951, -2.86317754, -2.86387444, -2.86336231, -2.86331248, -2.86315989, -2.86382365
1557.0350000000335, -2.89211488, -2.89255381, -2.89279938, -2.89271426, -2.89180064, -2.89161468, -2.89200377, -2.89181828, -2.89227533, -2.89260507
1557.0400000000336, -2.92423296, -2.92437816, -2.92424345, -2.92455721, -2.9243772, -2.92422509, -2.92422462, -2.92502666, -2.92462564, -2.92496657
1557.0450000000337, -2.96550703, -2.96467304, -2.96451688, -2.96514678, -2.96448398, -2.96425891, -2.96370959, -2.96373558, -2.96340895, -2.96382165
1557.0500000000338, -3.0142107, -3.01458669, -3.01462054, -3.01465607, -3.01476836, -3.01463723, -3.01449966, -3.01391673, -3.01429009, -3.01448035
1557.055000000034, -3.06635928, -3.06701946, -3.06681728, -3.06599832, -3.06562901, -3.06607771, -3.06572533, -3.06566381, -3.06559324, -3.06500435
1557.060000000034, -3.12359357, -3.12417364, -3.12409306, -3.12448573, -3.12420774, -3.12437773, -3.12461019, -3.12467265, -3.12431574, -3.12473583
1557.0650000000342, -3.18623185, -3.18601465, -3.18619442, -3.18608618, -3.18607783, -3.18557143, -3.18561745, -3.18537188, -3.18586946, -3.18681097
1557.0700000000343, -3.25527954, -3.25537157, -3.25593281, -3.25587821, -3.25644755, -3.2569809, -3.25689721, -3.25744057, -3.2573576, -3.25666714
1557.0750000000344, -3.35287213, -3.35333204, -3.35284257, -3.35387802, -3.3541317, -3.35411358, -3.35419869, -3.35399127, -3.35526133, -3.35491323
1557.0800000000345, -3.44553709, -3.44492221, -3.44598889, -3.4453454, -3.44560456, -3.4468143, -3.44723606, -3.446738, -3.44613314, -3.44618988
1557.0850000000346, -3.5472281, -3.54660797, -3.54640031, -3.54618573, -3.54548669, -3.54598999, -3.54608655, -3.54561472, -3.54589105, -3.54572439
1557.0900000000347, -3.67611718, -3.6771009, -3.67866063, -3.6792376, -3.6800077, -3.68123341, -3.68091917, -3.6812129, -3.68076682, -3.68012977
1557.0950000000348, -3.80701876, -3.80553627, -3.80630827, -3.80727959, -3.80679774, -3.80857325, -3.80645394, -3.80711317, -3.80657911, -3.80675673
1557.100000000035, -3.95438433, -3.95504355, -3.97107458, -3.96565461, -3.96323633, -3.96223855, -3.96234965, -3.96134615, -3.96050286, -3.96012092
1557.105000000035, -4.10263205, -4.10233784, -4.10139227, -4.10345888, -4.10367298, -4.10304117, -4.10342407, -4.10362816, -4.10274935, -4.10184765
1557.1100000000351, -4.29664755, -4.2959137, -4.29507637, -4.29598188, -4.29582167, -4.29497576, -4.29457235, -4.29535198, -4.2959857, -4.29579449
1557.1150000000353, -4.4730916, -4.47353601, -4.4739995, -4.47327423, -4.47392082, -4.47319221, -4.47478819, -4.47401524, -4.47390604, -4.4726696
1557.1200000000354, -4.66662264, -4.6667037, -4.66768026, -4.66701984, -4.66726446, -4.66915941, -4.66957474, -4.66940308, -4.66945648, -4.66838741
1557.1250000000355, -4.89095497, -4.89114523, -4.89035225, -4.88948107, -4.88974142, -4.88997793, -4.88950109, -4.88822794, -4.88923454, -4.8897357
1557.1300000000356, -5.15995312, -5.16109991, -5.1617651, -5.16178465, -5.16180944, -5.16156292, -5.16313124, -5.16466951, -5.16608191, -5.16683006
1557.1350000000357, -5.42497253, -5.42578173, -5.42607784, -5.42721224, -5.4279685, -5.42877102, -5.42960548, -5.42966795, -5.42862701, -5.42962885
1557.1400000000358, -5.70830154, -5.70927429, -5.71145248, -5.71340799, -5.71252966, -5.71144724, -5.71285534, -5.71435595, -5.71195269, -5.71276712
1557.145000000036, -6.03127718, -6.03568697, -6.03417635, -6.03369331, -6.03541946, -6.03252935, -6.03385878, -6.03323889, -6.03310156, -6.03394842
1557.150000000036, -6.41925478, -6.41972637, -6.4197135, -6.41950703, -6.42149019, -6.42137861, -6.41899204, -6.41892195, -6.42221689, -6.42354107
1557.1550000000361, -6.79819155, -6.80107403, -6.80203438, -6.80227375, -6.802876, -6.80262518, -6.8040452, -6.80313063, -6.80391693, -6.80226135
1557.1600000000362, -7.1875968, -7.18902683, -7.18909311, -7.18990707, -7.18796778, -7.18777466, -7.18819141, -7.18817091, -7.18647242, -7.18763494
1557.1650000000363, -7.6150465, -7.61528873, -7.6166029, -7.61572647, -7.61608744, -7.61917067, -7.62160778, -7.62246132, -7.61751413, -7.6202569
1557.1700000000365, -8.06123543, -8.05587482, -8.05506516, -8.05595684, -8.05631351, -8.05506325, -8.05095005, -8.04816437, -8.04999542, -8.05251026
1557.1750000000366, -8.55947399, -8.56058407, -8.5631876, -8.56840801, -8.56934547, -8.57070923, -8.57234669, -8.5761013, -8.57702923, -8.57782364
1557.1800000000367, -9.06696701, -9.0667696, -9.06943703, -9.06997013, -9.07105732, -9.07047939, -9.07401657, -9.07669544, -9.07590961, -9.0770731
1557.1850000000368, -9.56348515, -9.56372261, -9.56317425, -9.5615921, -9.56122303, -9.56221867, -9.5629015, -9.56480122, -9.56365585, -9.56445694
1557.190000000037, -10.0780878, -10.079278, -10.0808592, -10.0785398, -10.0751143, -10.0737906, -10.0724993, -10.0744905, -10.074461, -10.0728264
1557.195000000037, -10.7242746, -10.7255459, -10.7272854, -10.729722, -10.7313385, -10.731225, -10.7278776, -10.728178, -10.7254581, -10.7252302
1557.200000000037, -11.3103695, -11.3097143, -11.3095493, -11.3114548, -11.3080454, -11.3048534, -11.3051481, -11.302371, -11.3058968, -11.306469
1557.2050000000372, -11.9564857, -11.9536648, -11.9535055, -11.9514952, -11.9506598, -11.9488811, -11.9478006, -11.952651, -11.9526358, -11.9521704
1557.2100000000373, -12.6781597, -12.6800709, -12.6799984, -12.6814394, -12.6826591, -12.6862831, -12.6875801, -12.6897783, -12.6891861, -12.6869717
1557.2150000000374, -13.3290119, -13.3302326, -13.334672, -13.3357382, -13.3353205, -13.3321419, -13.3338928, -13.3345127, -13.3396053, -13.3371191
1557.2200000000375, -14.001627, -14.006382, -14.019207, -14.0102453, -14.0053377, -14.0051699, -14.0066891, -14.0063553, -14.000514, -13.9994431
1557.2250000000377, -14.6758375, -14.6756611, -14.6802578, -14.680356, -14.6796904, -14.6807766, -14.6826668, -14.6834936, -14.6835375, -14.6855125
1557.2300000000378, -15.4876251, -15.4835129, -15.4846802, -15.4860773, -15.4864311, -15.4901724, -15.4892159, -15.4922943, -15.4941635, -15.4939365
1557.2350000000379, -16.2518806, -16.256443, -16.259058, -16.2559128, -16.256176, -16.2597923, -16.2620506, -16.2631493, -16.2624969, -16.2676945
1557.240000000038, -16.9753113, -16.9775925, -16.978054, -16.9811497, -16.9840851, -16.9854031, -16.9850464, -16.988203, -16.9887352, -16.9855576
1557.245000000038, -17.7120876, -17.717289, -17.7194786, -17.7191334, -17.7208023, -17.7222347, -17.7210732, -17.7194595, -17.718092, -17.7146187
1557.2500000000382, -18.5678062, -18.570158, -18.5685444, -18.5679722, -18.5658283, -18.5602589, -18.5625629, -18.5613041, -18.5601044, -18.558157
1557.2550000000383, -19.2820034, -19.2881565, -19.2887726, -19.2884312, -19.2964153, -19.3004551, -19.3078842, -19.3065357, -19.3083267, -19.3086872
1557.2600000000384, -20.0572414, -20.0573196, -20.0558987, -20.0567341, -20.0593624, -20.0601997, -20.0615444, -20.065239, -20.0699844, -20.0760918
1557.2650000000385, -20.8443928, -20.8407345, -20.8377743, -20.8382359, -20.8409386, -20.8462601, -20.8469868, -20.8499413, -20.8502445, -20.8524704
1557.2700000000386, -21.603447, -21.6067657, -21.6145992, -21.6163006, -21.6203632, -21.6192799, -21.6210613, -21.6260853, -21.6260796, -21.6261253
1557.2750000000387, -22.4873562, -22.4895401, -22.4917336, -22.4905548, -22.4902744, -22.4902515, -22.4951649, -22.4969902, -22.4951286, -22.4939632
1557.2800000000389, -23.2576733, -23.2626953, -23.263382, -23.2592373, -23.2546234, -23.25457, -23.2574234, -23.2557049, -23.2485962, -23.2494164
1557.285000000039, -23.9761047, -23.972353, -23.9909515, -23.9838486, -23.9860058, -23.9845295, -23.9830837, -23.9847889, -23.9874516, -23.9875622
1557.290000000039, -24.6452217, -24.6490116, -24.6545105, -24.6640072, -24.6684437, -24.6684856, -24.6692791, -24.6698532, -24.6741943, -24.6763687
1557.2950000000392, -25.5009537, -25.5022144, -25.5065403, -25.5086727, -25.5073509, -25.5072174, -25.5085068, -25.5123291, -25.5125771, -25.5136909
1557.3000000000393, -26.1709023, -26.1734676, -26.1783638, -26.1851807, -26.1877689, -26.1833401, -26.1817818, -26.1845169, -26.182951, -26.1836739
1557.3050000000394, -26.8897057, -26.8882866, -26.8915825, -26.8933868, -26.8934135, -26.8955097, -26.8923302, -26.8891983, -26.8874779, -26.8863525
1557.3100000000395, -27.6431408, -27.6459465, -27.6496258, -27.6491356, -27.6523876, -27.652195, -27.6533051, -27.6537457, -27.6539421, -27.6557083
1557.3150000000396, -28.3275394, -28.3258381, -28.3256798, -28.3291492, -28.3265114, -28.3289032, -28.332016, -28.3320007, -28.3321667, -28.3340492
1557.3200000000397, -28.9770184, -28.9786205, -28.9792175, -28.9859447, -28.9882545, -28.9888248, -28.9918861, -28.9919643, -28.9970055, -29.0026379
1557.3250000000398, -29.6631432, -29.6661434, -29.6661911, -29.6671562, -29.6673279, -29.6666374, -29.6705246, -29.6682148, -29.6697369, -29.6641273
1557.33000000004, -30.4787045, -30.4760208, -30.4764652, -30.4770832, -30.4773083, -30.4713249, -30.4700069, -30.4708652, -30.4708805, -30.4710674
1557.33500000004, -31.1328373, -31.1317787, -31.1332397, -31.1317234, -31.1279602, -31.1329556, -31.1337433, -31.1318169, -31.1322212, -31.1307316
1557.3400000000402, -31.766264, -31.7704792, -31.7701511, -31.7699089, -31.7707806, -31.7686672, -31.7658386, -31.7664833, -31.7677765, -31.7627831
1557.3450000000403, -32.3850403, -32.3846245, -32.3827133, -32.3818512, -32.3838615, -32.38451, -32.3834457, -32.3798637, -32.3773079, -32.3780022
1557.3500000000404, -33.0764542, -33.0794487, -33.0795403, -33.0790787, -33.0776062, -33.079937, -33.083683, -33.0861588, -33.084568, -33.0879593
1557.3550000000405, -33.7172127, -33.7179146, -33.716053, -33.7148247, -33.7162476, -33.7140617, -33.7116203, -33.7125168, -33.7137032, -33.7105026
1557.3600000000406, -34.275959, -34.2977219, -34.2922745, -34.295433, -34.2953949, -34.2976112, -34.2971153, -34.2950058, -34.2944489, -34.2960129
1557.3650000000407, -34.8742294, -34.8739204, -34.8706093, -34.8683434, -34.8690147, -34.8665695, -34.8662758, -34.8641853, -34.8620949, -34.8621025
1557.3700000000408, -35.5205688, -35.5226974, -35.518589, -35.5169868, -35.5205879, -35.5195465, -35.5177994, -35.516407, -35.5137062, -35.5124283
1557.375000000041, -36.0578308, -36.0598679, -36.0596313, -36.0588341, -36.0610466, -36.0616531, -36.0641212, -36.0647545, -36.0651627, -36.0646362
1557.380000000041, -36.6003075, -36.6037102, -36.6035881, -36.606102, -36.6063423, -36.6033745, -36.6005058, -36.6018448, -36.600647, -36.6009102
1557.3850000000411, -37.136837, -37.1345978, -37.1333885, -37.1360893, -37.1372032, -37.135128, -37.1331596, -37.1357574, -37.1341667, -37.1365662
1557.3900000000413, -37.7214203, -37.7254333, -37.7269363, -37.7294884, -37.7316437, -37.7332687, -37.7329865, -37.7316818, -37.7336884, -37.7374763
1557.3950000000414, -38.2321434, -38.2345352, -38.2386169, -38.2397194, -38.2394218, -38.2384796, -38.238308, -38.239399, -38.235321, -38.2358971
1557.4000000000415, -38.6633377, -38.6701164, -38.6758423, -38.6759377, -38.6777916, -38.6790733, -38.6800766, -38.6804352, -38.681324, -38.6806107
1557.4050000000416, -38.681179, -38.6810265, -38.6792221, -38.6800766, -38.682148, -38.6822929, -38.6821404, -38.6811638, -38.6854439, -38.688942
1557.4100000000417, -39.7079849, -39.7098694, -39.7146225, -39.7152443, -39.7149277, -39.7146301, -39.7130394, -39.7129211, -39.7130737, -39.7116623
1557.4150000000418, -40.1389847, -40.1398506, -40.1430702, -40.1425438, -40.1439934, -40.1443138, -40.1423874, -40.1457939, -40.1440964, -40.1437225
1557.420000000042, -40.5584793, -40.5568924, -40.5565224, -40.5544052, -40.5531273, -40.5521088, -40.5533295, -40.5527611, -40.552002, -40.5529327
1557.425000000042, -40.9279709, -40.9287567, -40.9316826, -40.9324875, -40.9324341, -40.9347191, -40.936264, -40.938755, -40.9376526, -40.9387207
1557.4300000000421, -41.3665352, -41.3666763, -41.3662643, -41.3676453, -41.3683014, -41.3667946, -41.365593, -41.3655243, -41.365303, -41.3657417
1557.4350000000422, -41.6982918, -41.6994286, -41.7014198, -41.7010384, -41.7023354, -41.7029953, -41.7038078, -41.7047234, -41.702713, -41.7031517
1557.4400000000423, -42.0583801, -42.0585175, -42.0580864, -42.0581474, -42.0567818, -42.0574875, -42.0571976, -42.0574532, -42.0590019, -42.0583382
1557.4450000000425, -42.3838806, -42.3832054, -42.3837891, -42.3854332, -42.3845024, -42.3851738, -42.3844376, -42.3835335, -42.3858414, -42.3862495
1557.4500000000426, -42.751255, -42.7513542, -42.751873, -42.75354, -42.7546234, -42.7551384, -42.7543488, -42.7545586, -42.7541656, -42.7529411
1557.4550000000427, -43.0361633, -43.0382233, -43.0384445, -43.0372696, -43.0377388, -43.036335, -43.0360146, -43.0367966, -43.0369759, -43.0359955
1557.4600000000428, -43.3040848, -43.3047867, -43.3053169, -43.3052101, -43.3064537, -43.3068695, -43.3088303, -43.3099785, -43.3093033, -43.3107224
1557.465000000043, -43.5571899, -43.5570793, -43.5593376, -43.5594978, -43.5614967, -43.5607834, -43.561615, -43.5623093, -43.5620651, -43.5621185
1557.470000000043, -43.8269005, -43.8271523, -43.8277206, -43.8275375, -43.8292999, -43.828125, -43.8279114, -43.826683, -43.8268776, -43.8281555
1557.475000000043, -44.0337639, -44.0347939, -44.0353546, -44.0358925, -44.0379524, -44.0366631, -44.0368996, -44.0375252, -44.0383148, -44.0378647
1557.4800000000432, -44.232502, -44.2327118, -44.2335091, -44.2343559, -44.2349167, -44.2355385, -44.236866, -44.239048, -44.239727, -44.2392921
1557.4850000000433, -44.4207001, -44.4230652, -44.422184, -44.4212532, -44.4218636, -44.4210091, -44.4219627, -44.4207878, -44.4223175, -44.4238129
1557.4900000000434, -44.6190948, -44.6205406, -44.6207581, -44.6200409, -44.6211548, -44.6193733, -44.6189003, -44.6197205, -44.6206169, -44.6211433
1557.4950000000435, -44.7706604, -44.7704201, -44.7726364, -44.7719574, -44.772213, -44.7728996, -44.7731285, -44.7737122, -44.7725945, -44.7732315
1557.5000000000437, -44.9278984, -44.928093, -44.9286118, -44.9303627, -44.9298668, -44.9291382, -44.9276619, -44.9289589, -44.9280624, -44.928627
1557.5050000000438, -45.0725174, -45.073597, -45.0721893, -45.0733261, -45.0726051, -45.073246, -45.0727043, -45.0738564, -45.073513, -45.0732422
1557.5100000000439, -45.2221222, -45.2225189, -45.2238884, -45.2247581, -45.2262573, -45.2261696, -45.2264633, -45.2258759, -45.2267876, -45.2264061
1557.515000000044, -45.3441734, -45.3440514, -45.3452759, -45.3458061, -45.345623, -45.3452034, -45.345974, -45.3462029, -45.3467331, -45.3466568
1557.520000000044, -45.4584389, -45.4582062, -45.4594345, -45.4596062, -45.4589844, -45.4601212, -45.4601059, -45.4584084, -45.4606323, -45.4605408
1557.5250000000442, -45.5648384, -45.5655708, -45.5655556, -45.5652199, -45.5658264, -45.5643768, -45.5648384, -45.5653801, -45.5638847, -45.5634995
1557.5300000000443, -45.6773567, -45.6781769, -45.6770935, -45.6774406, -45.6769333, -45.6775703, -45.6773071, -45.6778641, -45.6774864, -45.6776848
1557.5350000000444, -45.7720184, -45.7736053, -45.7738762, -45.773571, -45.7732697, -45.7728043, -45.7726517, -45.773304, -45.7738876, -45.7741089
1557.5400000000445, -45.8553276, -45.8558235, -45.8562508, -45.8563347, -45.8562508, -45.8564873, -45.8567581, -45.8589935, -45.8589096, -45.8599625
1557.5450000000446, -45.9438667, -45.9432755, -45.9438629, -45.9422493, -45.9421272, -45.94133, -45.9415741, -45.9400635, -45.9404602, -45.9404793
1557.5500000000447, -46.0318871, -46.0299911, -46.0305748, -46.0301666, -46.0305557, -46.030201, -46.0302925, -46.0308037, -46.0309982, -46.0315132
1557.5550000000449, -46.1068687, -46.1067238, -46.1070137, -46.1061821, -46.1071396, -46.1080437, -46.1090355, -46.1082039, -46.1086197, -46.1071396
1557.560000000045, -46.1765442, -46.1769104, -46.1780472, -46.1777153, -46.1777, -46.175499, -46.1763229, -46.1754799, -46.1762123, -46.1772385
1557.565000000045, -46.2455254, -46.2436447, -46.2455444, -46.2425995, -46.245285, -46.2437935, -46.2440186, -46.2453423, -46.2468109, -46.2477264
1557.5700000000452, -46.3094559, -46.3085289, -46.3107224, -46.3096466, -46.3105507, -46.3084908, -46.3102112, -46.3096428, -46.3077164, -46.3098335
1557.5750000000453, -46.3793907, -46.3785057, -46.379509, -46.3786011, -46.3793526, -46.3778725, -46.379776, -46.3769112, -46.37743, -46.3768158
1557.5800000000454, -46.4342651, -46.4347343, -46.433918, -46.4327888, -46.4326897, -46.4343262, -46.4339752, -46.4353943, -46.4354362, -46.4343834
1557.5850000000455, -46.4870338, -46.4859657, -46.4865189, -46.4862442, -46.4880753, -46.4877014, -46.4881554, -46.4881744, -46.4890785, -46.4875031
1557.5900000000456, -46.5424347, -46.5438728, -46.543911, -46.5427971, -46.5432549, -46.5425568, -46.5426559, -46.5434532, -46.5429764, -46.5421181
1557.5950000000457, -46.5889473, -46.5882835, -46.5884056, -46.5891495, -46.5878181, -46.5880814, -46.58778, -46.5895157, -46.5884628, -46.5892715
1557.6000000000458, -46.6305885, -46.6304245, -46.6326256, -46.6322365, -46.6311188, -46.6300163, -46.6322594, -46.6309547, -46.6308899, -46.6318703
1557.605000000046, -46.6720123, -46.6731644, -46.6725464, -46.6710854, -46.6714554, -46.6728554, -46.6740036, -46.6726074, -46.6734505, -46.6724205
1557.610000000046, -46.7149162, -46.7160149, -46.7153702, -46.7149353, -46.7149773, -46.7163086, -46.7166405, -46.7161179, -46.7154121, -46.7135658
1557.6150000000462, -46.7518158, -46.7506409, -46.7523575, -46.7526321, -46.7506218, -46.751564, -46.7510376, -46.7514572, -46.7525482, -46.7514191
1557.6200000000463, -46.7870445, -46.7868767, -46.7876549, -46.7877197, -46.7873802, -46.785862, -46.7860947, -46.7864113, -46.786705, -46.7855644
1557.6250000000464, -46.8200111, -46.8211823, -46.8195, -46.8197365, -46.8187332, -46.8195877, -46.8203926, -46.8200951, -46.8177795, -46.8202248
1557.6300000000465, -46.8567886, -46.8574295, -46.856617, -46.8554153, -46.8570251, -46.8567047, -46.857605, -46.8569183, -46.8558884, -46.8570251
1557.6350000000466, -46.8883438, -46.8876534, -46.8884315, -46.8876762, -46.8889694, -46.8879128, -46.8894234, -46.8897934, -46.8887138, -46.8900108
1557.6400000000467, -46.9191742, -46.9166718, -46.9198265, -46.9179764, -46.9186096, -46.9182625, -46.9201126, -46.91959, -46.9196091, -46.9176941
1557.6450000000468, -46.949131, -46.9476852, -46.9496574, -46.9498558, -46.9503365, -46.9510803, -46.9489784, -46.94981, -46.9499207, -46.9496117
1557.650000000047, -46.9811478, -46.9814568, -46.9830704, -46.982605, -46.9805756, -46.9826927, -46.9813919, -46.9808617, -46.9809494, -46.9824066
1557.655000000047, -47.0055618, -47.0076485, -47.0081825, -47.0076027, -47.0088692, -47.0081596, -47.0064507, -47.0077362, -47.0052261, -47.0077591
1557.6600000000471, -47.0301781, -47.0308037, -47.0313377, -47.0306931, -47.0293961, -47.0308685, -47.0301552, -47.0317841, -47.0298882, -47.0319405
1557.6650000000473, -47.0539246, -47.0567551, -47.055069, -47.0528259, -47.0541954, -47.0531387, -47.0545998, -47.0550041, -47.053566, -47.0549126
1557.6700000000474, -47.0787773, -47.0776253, -47.0775337, -47.0771294, -47.0761795, -47.0758171, -47.0763817, -47.0750732, -47.0749626, -47.0755043
1557.6750000000475, -47.1026802, -47.1033363, -47.1032257, -47.1028824, -47.1010704, -47.1028366, -47.1013641, -47.1034508, -47.1007729, -47.1023407
1557.6800000000476, -47.1240196, -47.1245232, -47.1259613, -47.1250687, -47.126461, -47.1231766, -47.1256409, -47.1250725, -47.125206, -47.1244774
1557.6850000000477, -47.1448021, -47.1433372, -47.1445274, -47.1445045, -47.1441383, -47.1438866, -47.1457176, -47.1445045, -47.1438637, -47.1462021
1557.6900000000478, -47.1646271, -47.1637306, -47.165432, -47.1651344, -47.1646271, -47.1648788, -47.1649704, -47.1648331, -47.1644897, -47.1645813
1557.695000000048, -47.1835899, -47.1855354, -47.1870155, -47.186367, -47.1848869, -47.1853752, -47.186554, -47.1865768, -47.1861343, -47.18713
1557.700000000048, -47.2034111, -47.2019691, -47.202713, -47.203434, -47.2045708, -47.2031555, -47.2045021, -47.2049179, -47.2043877, -47.2045021
1557.7050000000481, -47.222477, -47.2232246, -47.2238998, -47.2224998, -47.2244606, -47.2236671, -47.2220116, -47.2210541, -47.2212639, -47.2240181
1557.7100000000482, -47.2439003, -47.2435265, -47.2440681, -47.2438087, -47.2434807, -47.2439041, -47.2448387, -47.2447472, -47.2434349, -47.2446289
1557.7150000000483, -47.2623215, -47.2622986, -47.2618065, -47.2631721, -47.2612419, -47.2626076, -47.2611008, -47.2636909, -47.2613106, -47.2604408
1557.7200000000485, -47.2787437, -47.2790985, -47.2788849, -47.2783661, -47.2777252, -47.2772293, -47.2790031, -47.2802086, -47.2790031, -47.2793121
1557.7250000000486, -47.2924957, -47.2919769, -47.292141, -47.2922592, -47.2925682, -47.293232, -47.2924728, -47.2926369, -47.2933998, -47.2912903
1557.7300000000487, -47.3084831, -47.3122444, -47.3119812, -47.3130302, -47.3118629, -47.3106995, -47.3104362, -47.3094368, -47.3096504, -47.3110085
1557.7350000000488, -47.3244095, -47.3238373, -47.3250809, -47.3247681, -47.3270149, -47.3259888, -47.3239822, -47.3271599, -47.325798, -47.325676
1557.740000000049, -47.341259, -47.3405418, -47.3418121, -47.3401566, -47.3408051, -47.3417397, -47.3432999, -47.3428459, -47.3407059, -47.3418121
1557.745000000049, -47.3537712, -47.3567047, -47.3567772, -47.3588982, -47.3598824, -47.357502, -47.3578644, -47.3570442, -47.3569717, -47.3560104
1557.750000000049, -47.3741646, -47.3757362, -47.3740463, -47.3756142, -47.3737297, -47.3734169, -47.3732948, -47.3738518, -47.3731995, -47.3740425
1557.7550000000492, -47.3847618, -47.386116, -47.3849792, -47.3845673, -47.3864326, -47.3830414, -47.3874016, -47.387619, -47.3862114, -47.3849297
1557.7600000000493, -47.3989754, -47.3978615, -47.4008713, -47.3996315, -47.3990974, -47.4004822, -47.3986626, -47.3978119, -47.3981285, -47.3999481
1557.7650000000494, -47.4113121, -47.4097557, -47.4102402, -47.4099998, -47.4106064, -47.410511, -47.4092178, -47.4094162, -47.4116058, -47.4129486
1557.7700000000495, -47.4249802, -47.4246635, -47.4262276, -47.4264717, -47.4235878, -47.4235382, -47.4236145, -47.4241486, -47.4240532, -47.4223175
1557.7750000000497, -47.4398193, -47.4391823, -47.4390831, -47.4397736, -47.4412689, -47.4404335, -47.441391, -47.4396019, -47.438324, -47.4388885
1557.7800000000498, -47.4495926, -47.4522476, -47.4504051, -47.4521027, -47.4508247, -47.4525681, -47.4525452, -47.4529381, -47.4532089, -47.4500351
1557.7850000000499, -47.4622231, -47.4645653, -47.4615822, -47.4624443, -47.4640236, -47.4615326, -47.4633331, -47.4612617, -47.4637489, -47.4616814
1557.79000000005, -47.4710121, -47.4717789, -47.4716034, -47.4723701, -47.4740257, -47.4739265, -47.4730644, -47.4736328, -47.4719734, -47.4733353
1557.79500000005, -47.4833336, -47.4822159, -47.4839745, -47.4841995, -47.4848671, -47.4845467, -47.4829102, -47.482914, -47.4831581, -47.4826622
1557.8000000000502, -47.4918137, -47.4921379, -47.4917412, -47.4925575, -47.4936256, -47.4936256, -47.493454, -47.4944725, -47.4923592, -47.4948196
1557.8050000000503, -47.5018082, -47.4999924, -47.5019798, -47.5054169, -47.5024796, -47.5027046, -47.5025787, -47.5040703, -47.501133, -47.5017815
1557.8100000000504, -47.5144386, -47.5132446, -47.5116692, -47.5104752, -47.5122223, -47.5140648, -47.5128174, -47.5142899, -47.5132179, -47.5116959
1557.8150000000505, -47.5211601, -47.5210075, -47.520256, -47.5229073, -47.52071, -47.5202332, -47.5214081, -47.5200081, -47.5201836, -47.5208092
1557.8200000000506, -47.5271111, -47.5281105, -47.5279617, -47.5282631, -47.5279617, -47.5280113, -47.5287361, -47.5294647, -47.5290375, -47.5277367
1557.8250000000507, -47.5364799, -47.5374336, -47.5363808, -47.5343742, -47.5365829, -47.5350761, -47.5349274, -47.5365295, -47.5343475, -47.5346756
1557.8300000000509, -47.544239, -47.5453949, -47.5446892, -47.5451164, -47.5440598, -47.5450668, -47.5442123, -47.5447426, -47.5457954, -47.5475807
1557.835000000051, -47.5526123, -47.5517311, -47.551857, -47.5517807, -47.5518074, -47.5513306, -47.5531921, -47.5545235, -47.5540733, -47.551857
1557.840000000051, -47.5596161, -47.5600967, -47.5583305, -47.5594635, -47.5616074, -47.5628204, -47.5610046, -47.56007, -47.5613823, -47.5585556
1557.8450000000512, -47.5670624, -47.5676651, -47.567997, -47.5670891, -47.5681458, -47.5655708, -47.5676422, -47.567112, -47.5683479, -47.5691338
1557.8500000000513, -47.5730247, -47.5738335, -47.5741386, -47.5712318, -47.5740128, -47.5730782, -47.5756073, -47.5743942, -47.5739632, -47.5744667
1557.8550000000514, -47.5790482, -47.5794792, -47.5777321, -47.577858, -47.5801163, -47.579277, -47.5763397, -47.5780373, -47.5780144, -47.5787697
1557.8600000000515, -47.5821686, -47.5824966, -47.582901, -47.5826492, -47.5819397, -47.5821915, -47.5825233, -47.5829048, -47.5823174, -47.5827484
1557.8650000000516, -47.5868073, -47.5875168, -47.5881538, -47.5869102, -47.5877457, -47.5869865, -47.5893211, -47.5895729, -47.5885315, -47.58815
1557.8700000000517, -47.5932579, -47.5942726, -47.5961037, -47.5932045, -47.5938148, -47.59412, -47.5928268, -47.5922394, -47.5925713, -47.5954437
1557.8750000000518, -47.5970688, -47.5973778, -47.5982399, -47.5976028, -47.5958977, -47.5972481, -47.5970688, -47.5999222, -47.5973244, -47.598217
1557.880000000052, -47.6020317, -47.6034088, -47.6020584, -47.6004028, -47.6019287, -47.5998688, -47.6003799, -47.5998192, -47.5979881, -47.5994606
1557.885000000052, -47.603817, -47.605217, -47.6032295, -47.6037636, -47.6029472, -47.6047058, -47.6034317, -47.6038933, -47.6057777, -47.6054726
1557.8900000000522, -47.6077919, -47.6075897, -47.6070251, -47.6078682, -47.6074104, -47.6068993, -47.608223, -47.6070251, -47.6054726, -47.6082001
1557.8950000000523, -47.6124077, -47.6083031, -47.6091957, -47.6101646, -47.6136589, -47.6112595, -47.6084023, -47.6104698, -47.6100883, -47.6092682
1557.9000000000524, -47.6145821, -47.6149635, -47.6156006, -47.6156769, -47.6130486, -47.6163177, -47.6137123, -47.6153984, -47.6160088, -47.6149635
1557.9050000000525, -47.6151428, -47.6174164, -47.6138916, -47.6162643, -47.6165466, -47.6170311, -47.617569, -47.6187973, -47.6192284, -47.6155777
1557.9100000000526, -47.6177711, -47.6179771, -47.6175461, -47.617363, -47.6177216, -47.6193581, -47.6191025, -47.6171608, -47.6181564, -47.6152458
1557.9150000000527, -47.6202774, -47.6185646, -47.6168518, -47.6175957, -47.6183853, -47.6179008, -47.6207657, -47.6174164, -47.6175957, -47.6179008
1557.9200000000528, -47.6165466, -47.6179504, -47.6200485, -47.6200714, -47.6190262, -47.6181831, -47.6207619, -47.6213531, -47.6187172, -47.6194878
1557.925000000053, -47.6179008, -47.6207886, -47.6195869, -47.6191788, -47.6216354, -47.6207886, -47.6195641, -47.6198959, -47.6202774, -47.6203804
1557.930000000053, -47.6241913, -47.6216583, -47.6246796, -47.6240387, -47.621788, -47.6226044, -47.6242943, -47.6226311, -47.6224518, -47.6233711
1557.9350000000532, -47.6239624, -47.621891, -47.6209679, -47.6210976, -47.6217117, -47.6254463, -47.6239624, -47.6244736, -47.6241684, -47.6226807
1557.9400000000533, -47.6244736, -47.6227608, -47.6242676, -47.6239624, -47.6247787, -47.6236801, -47.6231155, -47.6212997, -47.621376, -47.6233482
1557.9450000000534, -47.6219139, -47.6234474, -47.6221962, -47.6230927, -47.6233215, -47.6221199, -47.6222229, -47.6218414, -47.6238594, -47.6221466
1557.9500000000535, -47.6239357, -47.6237297, -47.6219406, -47.6220169, -47.6219139, -47.6238098, -47.6220169, -47.6229668, -47.621788, -47.6210709
1557.9550000000536, -47.6202011, -47.6219673, -47.6225052, -47.6208649, -47.6208153, -47.6227608, -47.6211739, -47.6201286, -47.6211243, -47.6213264
1557.9600000000537, -47.6199989, -47.6201515, -47.6194344, -47.6215057, -47.6185913, -47.6196899, -47.6197166, -47.6208153, -47.6196632, -47.6205826
1557.9650000000538, -47.6187706, -47.6208153, -47.6194077, -47.6192055, -47.620636, -47.6207619, -47.6202545, -47.6194611, -47.6205597, -47.6188202
1557.970000000054, -47.6171837, -47.6168022, -47.6181068, -47.6174393, -47.6181068, -47.6158295, -47.6159096, -47.6165733, -47.6174431, -47.6187172
1557.975000000054, -47.6130714, -47.6142998, -47.6153984, -47.6128197, -47.6149368, -47.6136093, -47.615551, -47.615242, -47.615551, -47.6149902
1557.9800000000541, -47.6094742, -47.6090431, -47.6103668, -47.6100883, -47.6108017, -47.6096802, -47.6077423, -47.6089134, -47.6097031, -47.6092987
1557.9850000000542, -47.6087112, -47.6086044, -47.6093979, -47.6105957, -47.609272, -47.6104164, -47.6095238, -47.6100616, -47.6077652, -47.6107788
1557.9900000000544, -47.6060562, -47.605957, -47.6041718, -47.6071548, -47.6063385, -47.605957, -47.6055756, -47.603714, -47.6072273, -47.6039925
1557.9950000000545, -47.6010666, -47.6013947, -47.6038666, -47.6027718, -47.6014214, -47.6018028, -47.6007347, -47.6044769, -47.6020317, -47.6037636
1558.0000000000546, -47.5995369, -47.5986214, -47.5970955, -47.5980873, -47.598011, -47.5981636, -47.5971985, -47.6006851, -47.5980377, -47.59758
1558.0050000000547, -47.5951385, -47.5938683, -47.592598, -47.5923424, -47.5936127, -47.592495, -47.5918579, -47.592392, -47.5951118, -47.5936394
