wavelength_nm ,power_reading_0_dbm ,power_reading_1_dbm ,power_reading_2_dbm ,power_reading_3_dbm ,power_reading_4_dbm ,power_reading_5_dbm ,power_reading_6_dbm ,power_reading_7_dbm ,power_reading_8_dbm ,power_reading_9_dbm 
1557.5, -20.1681366, -20.1652546, -20.1644058, -20.1646652, -20.1648273, -20.1633644, -20.1630783, -20.1631374, -20.1627197, -20.1621723
1557.51, -20.0858402, -20.0848656, -20.0851727, -20.0849094, -20.0845451, -20.0836372, -20.0843582, -20.0842552, -20.0845623, -20.0836754
1557.52, -20.0713615, -20.07197, -20.0728664, -20.0720043, -20.0721111, -20.0730209, -20.0726223, -20.073185, -20.0729237, -20.0723686
1557.53, -20.1290455, -20.1298771, -20.1297512, -20.129797, -20.1295624, -20.1297932, -20.1286144, -20.1286182, -20.1291256, -20.1291523
1557.54, -20.2369404, -20.236063, -20.2344303, -20.2345467, -20.2351646, -20.2353344, -20.2345181, -20.2356625, -20.23526, -20.2351685
1557.55, -20.4035912, -20.4029179, -20.4015045, -20.4008217, -20.3993568, -20.3984413, -20.3984528, -20.3984051, -20.3967628, -20.3951473
1557.56, -20.5789375, -20.5796375, -20.5786686, -20.5790482, -20.5783482, -20.5784531, -20.5777283, -20.5769272, -20.5758152, -20.5768719
1557.57, -20.7710819, -20.7736263, -20.7750969, -20.774435, -20.7737312, -20.7734585, -20.774086, -20.7731094, -20.773859, -20.7733421
1557.58, -20.9916821, -20.988409, -20.9865246, -20.9880638, -20.9857731, -20.9861221, -20.9861946, -20.9853077, -20.9854431, -20.9846725
1557.59, -21.188633, -21.1886616, -21.1890411, -21.1890507, -21.1870308, -21.1869907, -21.1873112, -21.1884842, -21.1886845, -21.1886387
1557.6, -21.339798, -21.3401546, -21.3402653, -21.3408432, -21.3401947, -21.3401833, -21.3408737, -21.3389702, -21.340189, -21.3393745
1557.61, -21.4551487, -21.455389, -21.4548874, -21.455265, -21.457922, -21.457449, -21.4572124, -21.457201, -21.4569263, -21.4551792
1557.62, -21.5250301, -21.5250053, -21.524601, -21.5236225, -21.5243778, -21.5239811, -21.5241871, -21.5257816, -21.5228977, -21.5231266
1557.6299999999999, -21.5421829, -21.5424519, -21.5421143, -21.5421963, -21.5430374, -21.5425072, -21.5431156, -21.5444012, -21.5460148, -21.5435524
1557.6399999999999, -21.4999695, -21.4995441, -21.4995499, -21.4993229, -21.5001049, -21.4996986, -21.4997902, -21.498827, -21.4990005, -21.5007267
1557.6499999999999, -21.3974094, -21.3978672, -21.3962517, -21.3948689, -21.3944473, -21.3961449, -21.3955784, -21.3957424, -21.3957844, -21.3980045
1557.6599999999999, -21.2519569, -21.2524452, -21.2535114, -21.2541351, -21.2559299, -21.2541656, -21.2553539, -21.2551422, -21.2549686, -21.2549572
1557.6699999999998, -21.070118, -21.071352, -21.0720673, -21.0721664, -21.0719585, -21.0701332, -21.0714035, -21.0723076, -21.071497, -21.0711842
1557.6799999999998, -20.8630562, -20.8633347, -20.864233, -20.866003, -20.8667278, -20.866621, -20.8663807, -20.8664017, -20.8683128, -20.8686676
1557.6899999999998, -20.6903534, -20.6902504, -20.6889668, -20.6905365, -20.6903419, -20.6900997, -20.689724, -20.6900597, -20.6898727, -20.6899986
1557.6999999999998, -20.5636234, -20.5643196, -20.5638771, -20.5641499, -20.5642509, -20.5638981, -20.5634499, -20.5626736, -20.5614834, -20.5621243
1557.7099999999998, -20.598608, -20.5986061, -20.5964775, -20.594059, -20.5952339, -20.5937634, -20.591177, -20.5915928, -20.5920601, -20.5908661
1557.7199999999998, -20.9237995, -20.9169044, -20.9156189, -20.9177399, -20.9157982, -20.9190884, -20.9147472, -20.9155502, -20.9141712, -20.9111156
1557.7299999999998, -22.0105782, -22.0170288, -22.0256081, -22.0223942, -22.0177441, -22.0141811, -22.0064678, -22.006115, -22.0104408, -22.0061626
1557.7399999999998, -25.3815727, -25.3513927, -25.3017559, -25.3042679, -25.3210392, -25.3476009, -25.3587818, -25.3211765, -25.302269, -25.2981224
1557.7499999999998, -28.7882404, -28.7609825, -28.7576389, -28.7862663, -28.7555904, -28.7239189, -28.7372131, -28.7076283, -28.7327061, -28.7514992
1557.7599999999998, -23.1508102, -23.1539955, -23.1578064, -23.1706524, -23.1817207, -23.1896667, -23.2033215, -23.2364101, -23.2557144, -23.2438412
1557.7699999999998, -21.4476547, -21.4456635, -21.4484425, -21.4494762, -21.4476795, -21.4489574, -21.4507523, -21.4494648, -21.4514217, -21.4567184
1557.7799999999997, -21.216917, -21.2183266, -21.2188129, -21.2181129, -21.2196445, -21.2182159, -21.2181931, -21.2159004, -21.2150917, -21.2144909
1557.7899999999997, -21.3160629, -21.3171368, -21.317173, -21.3162289, -21.3155956, -21.315012, -21.316227, -21.3163643, -21.3152542, -21.3138695
1557.7999999999997, -21.4952965, -21.4972572, -21.4984455, -21.4983978, -21.4987297, -21.4983978, -21.4967575, -21.4973679, -21.499094, -21.4968433
1557.8099999999997, -21.6627655, -21.6628284, -21.6629772, -21.6631565, -21.6635456, -21.6631756, -21.6635265, -21.6628036, -21.6630859, -21.663208
1557.8199999999997, -21.7662315, -21.7670135, -21.7665329, -21.7671814, -21.7662506, -21.7663174, -21.7666836, -21.7665138, -21.7677917, -21.7668152
1557.8299999999997, -21.7983971, -21.7977104, -21.7968559, -21.7975693, -21.7977467, -21.798645, -21.798872, -21.7988911, -21.7994461, -21.7996559
1557.8399999999997, -21.7639503, -21.763073, -21.7641258, -21.764389, -21.7648411, -21.7636223, -21.7638721, -21.7631569, -21.7626858, -21.7636032
1557.8499999999997, -21.6490726, -21.6490402, -21.6502705, -21.6513939, -21.6490345, -21.6477184, -21.6480312, -21.6467438, -21.649065, -21.6500549
1557.8599999999997, -21.4801197, -21.4787235, -21.4785728, -21.4795609, -21.4802742, -21.4822063, -21.4809608, -21.4817581, -21.4807205, -21.4805107
1557.8699999999997, -21.2547932, -21.2547836, -21.2556915, -21.2559605, -21.2562752, -21.2555332, -21.2555904, -21.2557964, -21.2560177, -21.2568684
1557.8799999999997, -21.0282841, -21.0273895, -21.0252533, -21.0249538, -21.0258179, -21.0262375, -21.0257912, -21.0255661, -21.0261707, -21.0247898
1557.8899999999996, -20.7866154, -20.7873058, -20.7879448, -20.7873001, -20.7876568, -20.7879562, -20.7873211, -20.7881756, -20.7873631, -20.7877865
1557.8999999999996, -20.5860634, -20.5872612, -20.5874615, -20.5867767, -20.5873966, -20.587328, -20.5867825, -20.5869122, -20.5873051, -20.5846119
1557.9099999999996, -20.4163914, -20.4153709, -20.4172897, -20.4171448, -20.4157085, -20.4151459, -20.4145412, -20.4137535, -20.4139595, -20.4145756
1557.9199999999996, -20.3185272, -20.3182926, -20.3181152, -20.3170071, -20.3170853, -20.3163376, -20.3183632, -20.317812, -20.3170853, -20.3177242
1557.9299999999996, -20.2844772, -20.2841797, -20.2834778, -20.2831345, -20.2847786, -20.2845364, -20.2852592, -20.2859306, -20.2853851, -20.2843285
1557.9399999999996, -20.317297, -20.3175869, -20.3159676, -20.3173542, -20.3172035, -20.3177624, -20.3189049, -20.3184624, -20.3182449, -20.3192329
1557.9499999999996, -20.4185925, -20.4186649, -20.4182453, -20.4191551, -20.4192467, -20.4185009, -20.4186554, -20.4190693, -20.4190655, -20.419075
1557.9599999999996, -20.5725384, -20.5722675, -20.5726318, -20.5739174, -20.5738468, -20.572876, -20.5727043, -20.5728912, -20.5727253, -20.5739059
1557.9699999999996, -20.7788258, -20.7798481, -20.7800808, -20.7794151, -20.7790279, -20.7789707, -20.7792797, -20.7793789, -20.7792473, -20.7790089
1557.9799999999996, -20.9860744, -20.9856892, -20.986227, -20.9854507, -20.9846992, -20.9854603, -20.9850273, -20.9847813, -20.9852467, -20.9857025
1557.9899999999996, -21.1824036, -21.1838646, -21.1854992, -21.1856308, -21.1859627, -21.1867619, -21.1874504, -21.1870708, -21.187582, -21.186554
1557.9999999999995, -21.33708, -21.3370342, -21.336237, -21.336729, -21.336956, -21.3376751, -21.3370533, -21.3372536, -21.3370934, -21.3361473
1558.0099999999995, -21.4583244, -21.459034, -21.4594173, -21.4592476, -21.4595833, -21.458374, -21.4591999, -21.4596806, -21.4590206, -21.4604034
1558.0199999999995, -21.5213661, -21.5203419, -21.5205154, -21.5208759, -21.5213032, -21.5231705, -21.5229912, -21.5217495, -21.5210609, -21.5208645
1558.0299999999995, -21.5289955, -21.5280018, -21.5292606, -21.5293446, -21.5293484, -21.5281448, -21.5271702, -21.5274925, -21.5273457, -21.5278282
1558.0399999999995, -21.4636059, -21.4632874, -21.464817, -21.4646587, -21.4634171, -21.4629517, -21.463129, -21.4624081, -21.463335, -21.4633179
1558.0499999999995, -21.3314476, -21.3329315, -21.3324909, -21.3330078, -21.3337631, -21.3344269, -21.3342323, -21.333643, -21.3354359, -21.3360519
1558.0599999999995, -21.1688786, -21.1682053, -21.1684265, -21.168541, -21.1694908, -21.1698265, -21.1670513, -21.1675415, -21.1686153, -21.1703701
1558.0699999999995, -20.9509373, -20.9502811, -20.9493675, -20.9489765, -20.949688, -20.9495964, -20.9508228, -20.9513512, -20.9502106, -20.9501324
1558.0799999999995, -20.7283993, -20.728363, -20.7283401, -20.7284088, -20.7274284, -20.7274075, -20.7285175, -20.727417, -20.7274742, -20.7262897
1558.0899999999995, -20.4992313, -20.5004196, -20.5004368, -20.4996681, -20.4999924, -20.5004711, -20.4997559, -20.4994488, -20.4983501, -20.4984207
1558.0999999999995, -20.3365021, -20.3354397, -20.3341522, -20.3344231, -20.3377476, -20.3362865, -20.3353882, -20.3360538, -20.3368568, -20.3357906
1558.1099999999994, -20.2228107, -20.222784, -20.2240295, -20.2230949, -20.2224388, -20.2234173, -20.2214737, -20.2218094, -20.2225246, -20.2221203
1558.1199999999994, -20.2005234, -20.2002258, -20.2010307, -20.2006969, -20.2002258, -20.1990776, -20.1993752, -20.1997585, -20.1994267, -20.2007961
1558.1299999999994, -20.2640152, -20.261982, -20.2618618, -20.2622604, -20.2623501, -20.2605114, -20.2601604, -20.2601643, -20.2602234, -20.2596226
1558.1399999999994, -20.4105568, -20.4097748, -20.4104042, -20.4103451, -20.4121208, -20.4119434, -20.4093418, -20.4113674, -20.4124012, -20.4109497
1558.1499999999994, -20.6432228, -20.6434879, -20.6455498, -20.6470032, -20.644846, -20.6440659, -20.647047, -20.6476307, -20.6501923, -20.6492481
1558.1599999999994, -20.8940411, -20.8943844, -20.8945999, -20.8943481, -20.8958702, -20.8964825, -20.8960419, -20.8964977, -20.8959084, -20.8971119
1558.1699999999994, -21.1825047, -21.181612, -21.180685, -21.1813087, -21.1829033, -21.1820812, -21.1829014, -21.1830215, -21.1835556, -21.1846409
1558.1799999999994, -21.4217339, -21.4205208, -21.419342, -21.419178, -21.4199219, -21.4192142, -21.4189339, -21.4190578, -21.41922, -21.4198856
1558.1899999999994, -21.6280346, -21.6291904, -21.6297131, -21.6289253, -21.6299534, -21.6292419, -21.6290951, -21.6276608, -21.6275806, -21.6261559
1558.1999999999994, -21.7609177, -21.7603931, -21.760416, -21.7600269, -21.7616329, -21.7617359, -21.7628555, -21.7624168, -21.7615986, -21.7616177
1558.2099999999994, -21.827837, -21.8280888, -21.8265686, -21.8259602, -21.8241024, -21.8251114, -21.8251095, -21.8257103, -21.8264351, -21.8262539
1558.2199999999993, -21.8159885, -21.8176727, -21.8170834, -21.8158035, -21.8169785, -21.8186169, -21.8187351, -21.8174019, -21.8162079, -21.8157768
1558.2299999999993, -21.7239552, -21.7265415, -21.7245064, -21.7236042, -21.7247276, -21.7244606, -21.725708, -21.7256107, -21.7254753, -21.7241249
1558.2399999999993, -21.5840092, -21.5844097, -21.5844975, -21.585762, -21.5852222, -21.585083, -21.5848255, -21.5849323, -21.5862026, -21.5866299
1558.2499999999993, -21.3827019, -21.3837528, -21.3830433, -21.3823528, -21.3829308, -21.3823586, -21.382515, -21.3825645, -21.3835354, -21.3834362
1558.2599999999993, -21.1554527, -21.155899, -21.1564903, -21.1566849, -21.1557274, -21.1567345, -21.1557789, -21.1560593, -21.1551456, -21.1539345
1558.2699999999993, -20.904604, -20.9044876, -20.9041271, -20.9053955, -20.9065151, -20.9054985, -20.9048576, -20.904089, -20.9032249, -20.9041748
1558.2799999999993, -20.6948547, -20.6940041, -20.6902409, -20.6890278, -20.68894, -20.6910801, -20.695652, -20.6965961, -20.6970005, -20.6966534
1558.2899999999993, -20.5068645, -20.5088978, -20.5080872, -20.5067863, -20.5073757, -20.5084648, -20.5082455, -20.5086021, -20.5088539, -20.5090351
1558.2999999999993, -20.411953, -20.4130917, -20.4132729, -20.4132214, -20.4130726, -20.4126205, -20.4119778, -20.4112625, -20.412674, -20.412077
1558.3099999999993, -20.3717747, -20.3726959, -20.3718014, -20.3726978, -20.3739681, -20.3739719, -20.3732147, -20.3718204, -20.372345, -20.3725967
1558.3199999999993, -20.3957024, -20.39431, -20.3946095, -20.395155, -20.3955822, -20.3952751, -20.3954201, -20.3960495, -20.3972034, -20.3956242
1558.3299999999992, -20.4755173, -20.4747887, -20.4749527, -20.4745235, -20.4735165, -20.4740028, -20.4739304, -20.4733219, -20.4727516, -20.4746017
1558.3399999999992, -20.5866375, -20.5870228, -20.5873222, -20.5869579, -20.5854225, -20.5864124, -20.5860806, -20.5873871, -20.5871067, -20.5855122
1558.3499999999992, -20.7400475, -20.7385292, -20.7384224, -20.7382812, -20.7369652, -20.7369328, -20.7373619, -20.7367706, -20.7381134, -20.7355919
1558.3599999999992, -20.8972759, -20.8964348, -20.895565, -20.8954468, -20.8950882, -20.8948135, -20.8932419, -20.892889, -20.8949966, -20.8953724
1558.3699999999992, -21.0784416, -21.0773792, -21.0745373, -21.0734138, -21.0751247, -21.0740013, -21.0736485, -21.072794, -21.0718822, -21.0725288
1558.3799999999992, -21.224638, -21.2261524, -21.2254124, -21.2264309, -21.2259102, -21.2259502, -21.2260494, -21.2262478, -21.2264442, -21.2240124
1558.3899999999992, -21.3750019, -21.3751736, -21.3750668, -21.3709087, -21.3699341, -21.3710766, -21.3700714, -21.3698444, -21.3680668, -21.3675766
1558.3999999999992, -21.4887657, -21.4913998, -21.491251, -21.4902859, -21.4902859, -21.4904461, -21.4901619, -21.4911232, -21.4900818, -21.4891663
1558.4099999999992, -21.5664368, -21.5669651, -21.5665264, -21.5677414, -21.5680027, -21.5677719, -21.5680351, -21.5679531, -21.566946, -21.5661621
1558.4199999999992, -21.6081753, -21.6083832, -21.6083908, -21.6086617, -21.6093578, -21.6085243, -21.6081886, -21.6074028, -21.6071262, -21.6075687
1558.4299999999992, -21.6059875, -21.6052856, -21.6053944, -21.6061211, -21.6012764, -21.5901546, -21.5838013, -21.5767632, -21.564106, -21.5516968
1558.4399999999991, -21.4243431, -21.4170418, -21.4091644, -21.402689, -21.3961334, -21.3937416, -21.3929005, -21.3893585, -21.3875237, -21.3861713
1558.4499999999991, -21.306385, -21.3048096, -21.3052521, -21.3059177, -21.3046494, -21.3045101, -21.3040314, -21.3033543, -21.3041553, -21.3046265
1558.4599999999991, -21.1723595, -21.1709633, -21.1744823, -21.1741905, -21.1747246, -21.1722565, -21.1695423, -21.1671925, -21.1660118, -21.1649475
1558.4699999999991, -21.0178032, -21.0199623, -21.0208549, -21.018261, -21.0111351, -21.0035763, -20.9999371, -21.0008469, -21.0021877, -21.0055504
1558.479999999999, -20.8669567, -20.8625698, -20.8635406, -20.8643131, -20.8661575, -20.866806, -20.8700714, -20.8704605, -20.8708401, -20.8695049
1558.489999999999, -20.6617794, -20.6615467, -20.6608944, -20.6621761, -20.6632442, -20.6669121, -20.6684513, -20.6681156, -20.6666336, -20.6662006
1558.499999999999, -20.4706917, -20.4709167, -20.4724407, -20.47299, -20.4735069, -20.4749393, -20.478548, -20.4845638, -20.4952316, -20.5075073
1558.509999999999, -20.4401608, -20.4366169, -20.4347782, -20.4318295, -20.4306927, -20.4284248, -20.4251766, -20.4220848, -20.4227695, -20.4213638
1558.519999999999, -20.5644684, -20.5556145, -20.5449047, -20.5438061, -20.5499611, -20.5586014, -20.572567, -20.5889359, -20.6057034, -20.610796
1558.529999999999, -20.9966831, -20.9884319, -20.986557, -20.9904041, -20.9968967, -20.9987221, -20.9923363, -20.9849129, -20.9730206, -20.9747429
1558.539999999999, -22.6257248, -22.6383209, -22.6352215, -22.6297379, -22.6363754, -22.6105671, -22.5788021, -22.59939, -22.600359, -22.5965309
1558.549999999999, -27.7828865, -27.7460537, -27.7039719, -27.6580753, -27.6347637, -27.6375389, -27.619833, -27.6078815, -27.6175766, -27.6012383
1558.559999999999, -25.9602432, -26.0843697, -26.0952415, -26.04249, -26.1342163, -26.1353703, -26.1265621, -26.1432629, -26.1583557, -26.1784554
1558.569999999999, -22.0889854, -22.0967407, -22.1026955, -22.1080036, -22.1222725, -22.138031, -22.149065, -22.1492748, -22.1554375, -22.1522026
1558.579999999999, -21.1185303, -21.1164761, -21.1111526, -21.1064415, -21.1018372, -21.0955238, -21.0926018, -21.0952835, -21.0959721, -21.0973053
1558.589999999999, -20.9432373, -20.9451866, -20.9430141, -20.9421577, -20.9438343, -20.9447632, -20.9442787, -20.9438457, -20.9442043, -20.9439487
1558.599999999999, -21.0411777, -21.0392532, -21.0372124, -21.0381031, -21.0378819, -21.0375271, -21.0374565, -21.0388145, -21.0406494, -21.0401058
1558.609999999999, -21.2047234, -21.2110157, -21.2115231, -21.2127113, -21.2114811, -21.2116318, -21.2090416, -21.2091694, -21.2105007, -21.2120304
1558.619999999999, -21.3952255, -21.3926105, -21.3924904, -21.3934479, -21.3954468, -21.3993988, -21.4065571, -21.4078236, -21.4066772, -21.4019032
1558.629999999999, -21.542593, -21.540802, -21.5389214, -21.5384464, -21.5384121, -21.5398922, -21.5390701, -21.5383911, -21.5390835, -21.5381317
1558.639999999999, -21.6374454, -21.6370945, -21.6359196, -21.6350975, -21.6340275, -21.6344681, -21.6346092, -21.6348495, -21.636898, -21.636797
1558.649999999999, -21.6830196, -21.6842995, -21.6852798, -21.6857929, -21.6849556, -21.6838379, -21.6821442, -21.6803894, -21.679842, -21.6795979
1558.659999999999, -21.638834, -21.6408215, -21.6411514, -21.6435604, -21.644289, -21.6441174, -21.6458893, -21.6450081, -21.6451111, -21.6451416
1558.669999999999, -21.5302372, -21.5291252, -21.5281639, -21.5271091, -21.5228348, -21.522543, -21.5229282, -21.5239067, -21.5259342, -21.5243587
1558.679999999999, -21.3450432, -21.3439007, -21.3425922, -21.3427868, -21.3424129, -21.3400154, -21.3394337, -21.3414307, -21.3436317, -21.343174
1558.689999999999, -21.1298256, -21.1299114, -21.1302166, -21.1311131, -21.1307678, -21.1318645, -21.1317005, -21.1307163, -21.1308899, -21.1319847
1558.699999999999, -20.8650818, -20.8661156, -20.8712769, -20.8732033, -20.8715, -20.8711472, -20.8719826, -20.8723927, -20.8703213, -20.8675385
1558.709999999999, -20.6321659, -20.6341553, -20.6345196, -20.6350765, -20.6338768, -20.6332264, -20.6340103, -20.6327305, -20.6320343, -20.6302681
1558.719999999999, -20.4028702, -20.404726, -20.4084969, -20.4097843, -20.408062, -20.4044952, -20.4031429, -20.4014168, -20.401783, -20.4037876
1558.7299999999989, -20.2403755, -20.2395763, -20.2402954, -20.2389812, -20.2378693, -20.2375755, -20.2370396, -20.2381649, -20.2421608, -20.2446442
1558.7399999999989, -20.1638718, -20.1636028, -20.1636868, -20.1630688, -20.1648426, -20.1649132, -20.1662426, -20.1702251, -20.1770897, -20.1825085
1558.7499999999989, -20.1911583, -20.1912003, -20.1930046, -20.1969166, -20.1999187, -20.2032528, -20.2031116, -20.2054996, -20.2113857, -20.2164078
1558.7599999999989, -20.3005428, -20.3011742, -20.3010712, -20.3025589, -20.3043423, -20.3043251, -20.3046284, -20.3045158, -20.3049011, -20.3070221
1558.7699999999988, -20.4566059, -20.4579163, -20.4583168, -20.4593983, -20.4596424, -20.4578857, -20.4588223, -20.4588318, -20.4598427, -20.459013
1558.7799999999988, -20.6619167, -20.6619949, -20.6625118, -20.6615295, -20.6608944, -20.6612949, -20.6627598, -20.6605492, -20.6595726, -20.6605377
1558.7899999999988, -20.8591919, -20.8594589, -20.8597355, -20.8599892, -20.8593235, -20.8585548, -20.8589687, -20.8592758, -20.8584728, -20.8597507
1558.7999999999988, -21.0831852, -21.084301, -21.0844574, -21.0846539, -21.0848522, -21.0858021, -21.0854092, -21.0862274, -21.0867958, -21.0864143
1558.8099999999988, -21.2668972, -21.2672901, -21.2685776, -21.2692127, -21.2699909, -21.2689342, -21.2695122, -21.2697048, -21.269968, -21.2705822
1558.8199999999988, -21.4088326, -21.4068317, -21.4048138, -21.4090996, -21.4108868, -21.4112301, -21.4083252, -21.4083424, -21.4090023, -21.407505
1558.8299999999988, -21.4902172, -21.4916019, -21.4929829, -21.4921131, -21.4915028, -21.4925137, -21.4916401, -21.4933434, -21.4913197, -21.4931278
1558.8399999999988, -21.5199337, -21.5162678, -21.5146084, -21.5122223, -21.5085068, -21.5008888, -21.4894962, -21.4751301, -21.4638996, -21.4597836
1558.8499999999988, -21.402441, -21.4017372, -21.4003677, -21.4019527, -21.4012794, -21.4019604, -21.4023571, -21.4029255, -21.4019585, -21.4010143
1558.8599999999988, -21.3203449, -21.319521, -21.3196354, -21.3200321, -21.3179035, -21.3194923, -21.3190365, -21.3188171, -21.3176708, -21.3157253
1558.8699999999988, -21.1618156, -21.1564045, -21.1562061, -21.1567135, -21.157711, -21.1633568, -21.1642017, -21.1659241, -21.1671867, -21.1674614
1558.8799999999987, -20.9957619, -20.9969101, -20.9975014, -20.997736, -20.9998322, -20.9995403, -20.9994087, -21.0009193, -21.0017052, -21.0031033
1558.8899999999987, -20.7911186, -20.7908611, -20.7897091, -20.7880116, -20.7908764, -20.7894688, -20.7925949, -20.7931767, -20.7926788, -20.792263
1558.8999999999987, -20.560091, -20.5623856, -20.5633163, -20.5662937, -20.5690212, -20.5694695, -20.5707035, -20.5721741, -20.5739021, -20.577261
1558.9099999999987, -20.3469601, -20.3453293, -20.3422661, -20.3433475, -20.3387489, -20.3382664, -20.3371162, -20.3342762, -20.3313351, -20.3312168
1558.9199999999987, -20.1469936, -20.1466484, -20.1476345, -20.1484299, -20.1502361, -20.1500931, -20.1497116, -20.1495361, -20.1531944, -20.156456
1558.9299999999987, -20.0733051, -20.0746689, -20.0755119, -20.0743618, -20.0751133, -20.0753937, -20.0746117, -20.0741444, -20.0730915, -20.0732212
1558.9399999999987, -20.029892, -20.0279884, -20.0296822, -20.0314369, -20.0308971, -20.0281487, -20.0265255, -20.0235977, -20.0246429, -20.0239601
1558.9499999999987, -20.0640125, -20.0635548, -20.0657234, -20.0650139, -20.0666199, -20.0675831, -20.0676384, -20.0663128, -20.0656128, -20.0657272
1558.9599999999987, -20.1706638, -20.1743107, -20.1757927, -20.1766167, -20.1763153, -20.1754169, -20.1778164, -20.1776619, -20.1792316, -20.1802959
1558.9699999999987, -20.3638935, -20.3635616, -20.3641014, -20.3642464, -20.363924, -20.3642941, -20.3632679, -20.3631115, -20.3628082, -20.3618011
1558.9799999999987, -20.5725574, -20.5710583, -20.5740318, -20.5754509, -20.5772667, -20.5771713, -20.5770874, -20.5774117, -20.5800743, -20.5810833
1558.9899999999986, -20.8141479, -20.8146896, -20.815176, -20.8153019, -20.8148232, -20.8149395, -20.8147297, -20.8130322, -20.8141499, -20.8137379
1558.9999999999986, -21.055294, -21.0557117, -21.0549221, -21.0572758, -21.0578003, -21.0575294, -21.0567913, -21.0575161, -21.0563755, -21.055645
1559.0099999999986, -21.2652283, -21.2659054, -21.267168, -21.2648468, -21.2644157, -21.2644691, -21.2616138, -21.2614021, -21.2638187, -21.2635403
1559.0199999999986, -21.4044552, -21.4060612, -21.4061947, -21.406683, -21.4024963, -21.4032135, -21.4012299, -21.4040203, -21.4032745, -21.4045944
1559.0299999999986, -21.4886913, -21.4880581, -21.4872093, -21.4874172, -21.4877872, -21.487751, -21.4878864, -21.4876652, -21.4878902, -21.4878426
1559.0399999999986, -21.4966221, -21.4959869, -21.4959297, -21.4960747, -21.4965477, -21.4951344, -21.4959488, -21.4963684, -21.4960785, -21.4962387
1559.0499999999986, -21.4215279, -21.429184, -21.4313793, -21.4246902, -21.4261093, -21.4234886, -21.427412, -21.4342594, -21.4362392, -21.4359722
1559.0599999999986, -21.2958508, -21.2966251, -21.2953148, -21.296032, -21.2950993, -21.2983589, -21.2991772, -21.2981873, -21.2976456, -21.2971458
1559.0699999999986, -21.085392, -21.0855541, -21.0854893, -21.0866337, -21.0872593, -21.0877972, -21.0882607, -21.0881577, -21.0875683, -21.0878487
1559.0799999999986, -20.8613892, -20.860445, -20.8625774, -20.8621998, -20.862257, -20.8608532, -20.8608627, -20.8610287, -20.8612518, -20.8624592
1559.0899999999986, -20.5848866, -20.5849724, -20.5865574, -20.5863132, -20.5882263, -20.586956, -20.5878811, -20.5882816, -20.5889874, -20.5893707
1559.0999999999985, -20.3511658, -20.3511753, -20.3535099, -20.3523407, -20.353199, -20.3534164, -20.3524818, -20.3543777, -20.3545132, -20.3545685
1559.1099999999985, -20.1702785, -20.169178, -20.168499, -20.1650963, -20.1682205, -20.1697235, -20.1703415, -20.1694336, -20.1699963, -20.1687107
1559.1199999999985, -20.0716667, -20.0722256, -20.0720768, -20.0712585, -20.0700207, -20.0696774, -20.0697021, -20.0706558, -20.0715752, -20.0705357
1559.1299999999985, -20.0629635, -20.0633163, -20.0607624, -20.0626354, -20.0634499, -20.0624447, -20.0624905, -20.0607224, -20.0608559, -20.0628128
1559.1399999999985, -20.1467457, -20.14711, -20.1461411, -20.1464634, -20.1456738, -20.1448059, -20.1456242, -20.1463737, -20.1461258, -20.1469154
1559.1499999999985, -20.3010902, -20.3021297, -20.3023357, -20.3029194, -20.3044186, -20.3030987, -20.3034401, -20.3033409, -20.3040104, -20.3038273
1559.1599999999985, -20.5099182, -20.5098839, -20.5095539, -20.5098343, -20.5098534, -20.5111389, -20.5105305, -20.5091858, -20.5073338, -20.5071411
1559.1699999999985, -20.7378845, -20.7395649, -20.7394924, -20.7397785, -20.7419109, -20.7434349, -20.7443161, -20.7442074, -20.7434082, -20.7435226
1559.1799999999985, -20.9436035, -20.9467869, -20.9471951, -20.9475212, -20.9492588, -20.9494286, -20.9488144, -20.9483471, -20.9503517, -20.9508076
1559.1899999999985, -21.1591797, -21.1584969, -21.1569347, -21.1563606, -21.1545029, -21.1501865, -21.1493568, -21.1490097, -21.1494751, -21.1495571
1559.1999999999985, -21.3135338, -21.3118019, -21.3107395, -21.3108463, -21.3090878, -21.3098793, -21.3094654, -21.3092709, -21.3095417, -21.3093052
1559.2099999999984, -21.4277515, -21.4268475, -21.4278545, -21.4274254, -21.4273701, -21.4285278, -21.4297829, -21.4286175, -21.4292793, -21.4291592
1559.2199999999984, -21.475174, -21.4753265, -21.4753323, -21.4760265, -21.4760933, -21.474947, -21.4751854, -21.4757385, -21.4758682, -21.4764118
1559.2299999999984, -21.4752274, -21.4754238, -21.4754868, -21.4766884, -21.4756451, -21.4769459, -21.4779396, -21.4769764, -21.47686, -21.4775028
1559.2399999999984, -21.4263878, -21.4274673, -21.4289532, -21.4281635, -21.4286861, -21.4286194, -21.4273148, -21.4276962, -21.4275875, -21.4278488
1559.2499999999984, -21.3211727, -21.3215294, -21.3233147, -21.3268414, -21.32728, -21.3280907, -21.3269367, -21.3263073, -21.3271198, -21.3271484
1559.2599999999984, -21.1896076, -21.189436, -21.1892815, -21.1909351, -21.1923885, -21.1936359, -21.1933136, -21.1936779, -21.193964, -21.193924
1559.2699999999984, -21.0093822, -21.0116482, -21.0129204, -21.0132027, -21.0147629, -21.0152912, -21.0141792, -21.0143585, -21.0162525, -21.0166111
1559.2799999999984, -20.8346462, -20.834053, -20.8344936, -20.8353863, -20.836689, -20.8373299, -20.8376427, -20.8381767, -20.8381138, -20.8373623
1559.2899999999984, -20.6482353, -20.6494827, -20.6507664, -20.6537971, -20.6546001, -20.6551495, -20.6538792, -20.6535645, -20.654459, -20.6546421
1559.2999999999984, -20.4756165, -20.4745979, -20.4759655, -20.4772568, -20.4778557, -20.4750938, -20.467577, -20.4712124, -20.4726791, -20.4746819
1559.3099999999984, -20.3612423, -20.3614216, -20.361517, -20.3626366, -20.3630981, -20.362833, -20.3632832, -20.3625317, -20.3629074, -20.3631783
1559.3199999999983, -20.3556042, -20.3560162, -20.3563194, -20.3556519, -20.3559113, -20.3550491, -20.3557796, -20.3552303, -20.3551674, -20.3545475
1559.3299999999983, -20.5590286, -20.5588245, -20.5580597, -20.5527706, -20.5529289, -20.5505657, -20.5521317, -20.5520725, -20.5498371, -20.5476608
1559.3399999999983, -21.1271763, -21.1386185, -21.1384487, -21.1383362, -21.1344604, -21.1257057, -21.1280804, -21.1364841, -21.1325283, -21.1188068
1559.3499999999983, -23.2357025, -23.2510967, -23.2316933, -23.2367878, -23.2348289, -23.2041054, -23.1965351, -23.1942482, -23.177063, -23.1777439
1559.3599999999983, -31.3384132, -31.5172119, -31.579113, -31.6149426, -31.5942726, -31.5969677, -31.4637833, -31.2772026, -31.2009029, -31.104599
1559.3699999999983, -24.8008785, -24.7237091, -24.7653255, -24.8049259, -24.7994213, -24.7738075, -24.756815, -24.7721577, -24.8268566, -24.8649139
1559.3799999999983, -21.5441151, -21.5420704, -21.5621624, -21.5638447, -21.574461, -21.5813808, -21.5893307, -21.5881042, -21.5815372, -21.582243
1559.3899999999983, -20.7511559, -20.7507935, -20.7529869, -20.7524014, -20.755024, -20.7594852, -20.7571774, -20.7573357, -20.757103, -20.7573948
1559.3999999999983, -20.6572914, -20.6578064, -20.6587849, -20.6572609, -20.6565113, -20.656353, -20.6565151, -20.6573467, -20.656805, -20.6557846
1559.4099999999983, -20.7655258, -20.7650528, -20.7635326, -20.7628708, -20.7624874, -20.7615585, -20.7589111, -20.758173, -20.7564316, -20.7583599
1559.4199999999983, -20.9150333, -20.9159718, -20.9163094, -20.9149418, -20.9157276, -20.9141922, -20.914608, -20.9137077, -20.9137878, -20.9145432
1559.4299999999982, -21.0979748, -21.0980186, -21.0966702, -21.0971069, -21.0969715, -21.0957718, -21.0927391, -21.0905704, -21.0899315, -21.0882206
1559.4399999999982, -21.2231255, -21.2226105, -21.2222939, -21.2235088, -21.2243996, -21.2240524, -21.2237968, -21.2236252, -21.224678, -21.2236366
1559.4499999999982, -21.3293362, -21.3295918, -21.3289623, -21.3281021, -21.3280621, -21.3275642, -21.3285065, -21.3306179, -21.3309021, -21.3300304
1559.4599999999982, -21.3800011, -21.3792381, -21.3801403, -21.3797855, -21.3798618, -21.3793774, -21.3803368, -21.3803082, -21.3797474, -21.380127
1559.4699999999982, -21.3692875, -21.3680859, -21.3702984, -21.37113, -21.3700047, -21.3713646, -21.3710594, -21.3698196, -21.3690548, -21.3699207
1559.4799999999982, -21.3145676, -21.3142433, -21.3142776, -21.3149052, -21.3136635, -21.3146801, -21.3140182, -21.3131046, -21.3141003, -21.3149357
1559.4899999999982, -21.1792679, -21.1778088, -21.1779957, -21.1789665, -21.1793938, -21.1808319, -21.1806259, -21.1821556, -21.1808548, -21.1779804
1559.4999999999982, -20.9965744, -20.9979362, -21.001564, -21.0038738, -21.0051117, -21.0039101, -21.0024376, -21.004385, -21.0044613, -21.0053692
1559.5099999999982, -20.7724514, -20.7749767, -20.7753468, -20.7763557, -20.7773056, -20.7776546, -20.776226, -20.7757378, -20.774868, -20.7754536
1559.5199999999982, -20.5591869, -20.5575886, -20.5401802, -20.5548534, -20.5554199, -20.5625324, -20.5631866, -20.5628338, -20.5604343, -20.5628262
1559.5299999999982, -20.3308163, -20.3317261, -20.2799129, -20.3048306, -20.3175831, -20.3109741, -20.3118, -20.3266029, -20.3298607, -20.3253918
1559.5399999999981, -20.1397724, -20.1391869, -20.1402779, -20.1399212, -20.1394749, -20.1379604, -20.1370907, -20.1414738, -20.1420193, -20.1414948
1559.5499999999981, -19.9880104, -19.9885693, -19.9886475, -19.9868565, -19.9877205, -19.9874668, -19.9874096, -19.9885254, -19.9886436, -19.9890366
1559.5599999999981, -19.9157829, -19.9166698, -19.9130459, -19.9151611, -19.9173584, -19.9189644, -19.9170837, -19.916853, -19.9183865, -19.9159622
1559.5699999999981, -19.9368305, -19.9367294, -19.9358273, -19.9353046, -19.9347515, -19.9358215, -19.93573, -19.9366379, -19.9362335, -19.9348106
1559.579999999998, -20.0257492, -20.0231457, -20.0222073, -20.0234089, -20.0224838, -20.02248, -20.0235023, -20.0247707, -20.024437, -20.0244713
1559.589999999998, -20.197794, -20.1963139, -20.1951351, -20.1987667, -20.1995182, -20.2021923, -20.2023239, -20.2024803, -20.2019806, -20.2009792
1559.599999999998, -20.4205647, -20.4215488, -20.4200115, -20.4180546, -20.4167099, -20.4191799, -20.4208107, -20.4230652, -20.4223347, -20.4227886
1559.609999999998, -20.680479, -20.6785717, -20.673214, -20.6791725, -20.680088, -20.6778469, -20.6806812, -20.680603, -20.6800995, -20.6806602
1559.619999999998, -20.927042, -20.9235477, -20.9237633, -20.9236908, -20.92346, -20.9242439, -20.9237137, -20.9250698, -20.9234753, -20.9265347
1559.629999999998, -21.1382046, -21.1389751, -21.1387043, -21.1395721, -21.1402645, -21.1389637, -21.1403275, -21.1400986, -21.1397038, -21.1399918
1559.639999999998, -21.2938042, -21.2938137, -21.2939053, -21.2932873, -21.2933464, -21.2918396, -21.2922821, -21.2920456, -21.2920113, -21.2922096
1559.649999999998, -21.3878441, -21.3867855, -21.3872223, -21.3872242, -21.3881245, -21.3885269, -21.3872185, -21.3871937, -21.3887863, -21.388649
1559.659999999998, -21.4072552, -21.4048672, -21.404583, -21.4049397, -21.4052715, -21.4057293, -21.4057617, -21.4062481, -21.4077282, -21.4075642
1559.669999999998, -21.350275, -21.351223, -21.349369, -21.3499603, -21.3499298, -21.3500557, -21.3495426, -21.3498535, -21.3505535, -21.3502884
1559.679999999998, -21.2379494, -21.2374763, -21.2366295, -21.2358742, -21.2361927, -21.235323, -21.2383232, -21.2379055, -21.2378597, -21.2390728
1559.689999999998, -21.0619926, -21.0615711, -21.0615501, -21.060955, -21.0605526, -21.06003, -21.0591717, -21.058754, -21.0597401, -21.0578899
1559.699999999998, -20.8271122, -20.8278675, -20.8280067, -20.8279018, -20.8280754, -20.8299828, -20.830574, -20.8301239, -20.8296432, -20.8303528
1559.709999999998, -20.572567, -20.5724659, -20.5702248, -20.5715694, -20.5726051, -20.5737934, -20.5728245, -20.5718403, -20.5730038, -20.5733738
1559.719999999998, -20.3390789, -20.3389835, -20.3387947, -20.340189, -20.3384151, -20.3389378, -20.3397541, -20.341259, -20.340704, -20.33918
1559.729999999998, -20.1194458, -20.120245, -20.1193295, -20.1205406, -20.1203918, -20.118784, -20.1186638, -20.1187592, -20.1182384, -20.1169281
1559.739999999998, -19.9776516, -19.9777336, -19.9752979, -19.9750729, -19.9761505, -19.977766, -19.9780197, -19.9783306, -19.9775047, -19.9774323
1559.749999999998, -19.8797646, -19.8792763, -19.8807411, -19.8826656, -19.8835926, -19.8837986, -19.8833084, -19.8823223, -19.8826752, -19.8822327
1559.759999999998, -19.8613434, -19.8619137, -19.8627357, -19.8627243, -19.8636761, -19.8625145, -19.8621712, -19.8618965, -19.8622265, -19.8619041
1559.769999999998, -19.9108467, -19.9108295, -19.9109707, -19.9119473, -19.9106941, -19.9094334, -19.9120445, -19.9126911, -19.9129353, -19.9111156
1559.779999999998, -20.0138836, -20.0145741, -20.0153179, -20.0123405, -20.0131721, -20.0119762, -20.0123138, -20.0119057, -20.0112934, -20.0110569
1559.789999999998, -20.173254, -20.1714344, -20.1710072, -20.170454, -20.1698189, -20.1680756, -20.1694736, -20.1709042, -20.1718006, -20.1719856
1559.799999999998, -20.3598423, -20.3610191, -20.3625984, -20.3631096, -20.362257, -20.3620205, -20.3624668, -20.3641758, -20.3652248, -20.3658123
1559.809999999998, -20.5739212, -20.5741062, -20.5740719, -20.5736675, -20.5743809, -20.5746899, -20.5756607, -20.575016, -20.5738831, -20.5738811
1559.819999999998, -20.7643909, -20.7646313, -20.7645321, -20.7639523, -20.7634735, -20.7627449, -20.7641506, -20.7647552, -20.7665005, -20.7656345
1559.8299999999979, -20.9466515, -20.9452133, -20.944767, -20.9444427, -20.9432545, -20.9427662, -20.9441719, -20.9443607, -20.9436951, -20.9424286
1559.8399999999979, -21.0610256, -21.0612831, -21.0607204, -21.0613899, -21.0622425, -21.0609837, -21.0616188, -21.0619926, -21.0626221, -21.062767
1559.8499999999979, -21.126543, -21.1263828, -21.1263714, -21.126379, -21.1243649, -21.1254845, -21.1261292, -21.125082, -21.1252804, -21.1260109
1559.8599999999979, -21.1279335, -21.1275768, -21.1277657, -21.1282749, -21.1288509, -21.1288795, -21.1283703, -21.1274204, -21.1269093, -21.1268597
1559.8699999999978, -21.0753479, -21.0740528, -21.0739555, -21.076992, -21.0763607, -21.0751762, -21.0750866, -21.073637, -21.0756111, -21.0735435
1559.8799999999978, -20.9609432, -20.9608574, -20.9611187, -20.9608727, -20.9601707, -20.9600449, -20.9600945, -20.9595394, -20.9591465, -20.9561729
1559.8899999999978, -20.7716904, -20.7710629, -20.7708721, -20.7723217, -20.7713566, -20.7706547, -20.7714806, -20.7715969, -20.7712421, -20.7712364
1559.8999999999978, -20.5699959, -20.5681763, -20.5673008, -20.5668335, -20.5692387, -20.567358, -20.5671253, -20.5672092, -20.5672436, -20.5669708
1559.9099999999978, -20.31394, -20.3143578, -20.3124294, -20.3138599, -20.3123913, -20.3108196, -20.3127232, -20.3074093, -20.3076458, -20.313282
1559.9199999999978, -20.0906029, -20.0917091, -20.0913525, -20.0920258, -20.0851192, -20.0894146, -20.0878754, -20.0890751, -20.0892124, -20.0891914
1559.9299999999978, -19.8836002, -19.882309, -19.8829842, -19.8827438, -19.8819809, -19.881485, -19.8808765, -19.8727798, -19.8759346, -19.8798656
1559.9399999999978, -19.7547474, -19.7538776, -19.7534657, -19.7537422, -19.7552299, -19.7549324, -19.7546444, -19.7534809, -19.7535877, -19.7538261
1559.9499999999978, -19.7061024, -19.7071152, -19.7070389, -19.705719, -19.7032871, -19.6949749, -19.7024212, -19.7008915, -19.7036648, -19.7017879
1559.9599999999978, -19.7472439, -19.7456875, -19.7476425, -19.7483482, -19.7479439, -19.7487564, -19.7487717, -19.747591, -19.7461128, -19.7468281
1559.9699999999978, -19.8801212, -19.8826714, -19.8838482, -19.8823261, -19.8827972, -19.8814049, -19.8846169, -19.8842144, -19.8840389, -19.8844604
1559.9799999999977, -20.0800285, -20.0805283, -20.0798283, -20.0811729, -20.0784454, -20.0793343, -20.0799351, -20.0793667, -20.077713, -20.074976
1559.9899999999977, -20.321804, -20.3219261, -20.3222218, -20.3234825, -20.3222923, -20.3222637, -20.3220119, -20.3211536, -20.3236465, -20.3228893
1559.9999999999977, -20.5724964, -20.5728912, -20.5737057, -20.5757198, -20.5772076, -20.5792561, -20.5785542, -20.5773449, -20.5789375, -20.5781631
1560.0099999999977, -20.8543682, -20.8551865, -20.8538265, -20.8514576, -20.8494225, -20.8501072, -20.8487549, -20.8481236, -20.8476677, -20.8462486
1560.0199999999977, -21.0511875, -21.0521107, -21.0506706, -21.0524788, -21.049509, -21.0511112, -21.0535126, -21.052597, -21.0542431, -21.0528564
1560.0299999999977, -21.2074337, -21.2056503, -21.2071743, -21.2096462, -21.2080956, -21.2084599, -21.2074375, -21.2069893, -21.2075233, -21.2080555
1560.0399999999977, -21.2788677, -21.2830372, -21.2827854, -21.2829552, -21.2828255, -21.2825642, -21.2819157, -21.2807541, -21.2829494, -21.2822056
1560.0499999999977, -21.2876606, -21.2905006, -21.288784, -21.2891426, -21.2894058, -21.2893028, -21.2896881, -21.2895527, -21.28932, -21.2897472
1560.0599999999977, -21.224823, -21.2246647, -21.2258167, -21.2258816, -21.2270355, -21.2267342, -21.2261238, -21.2259636, -21.225441, -21.224968
1560.0699999999977, -21.079607, -21.0804977, -21.0806141, -21.0811558, -21.080862, -21.0814037, -21.0826588, -21.0821533, -21.0828438, -21.0827656
1560.0799999999977, -20.9018211, -20.9020252, -20.9030571, -20.9038639, -20.9035511, -20.9017086, -20.9024487, -20.9034767, -20.903986, -20.9029121
1560.0899999999976, -20.6771011, -20.6776314, -20.6778469, -20.6779537, -20.6793919, -20.6821156, -20.6822319, -20.6799488, -20.6816082, -20.6818142
1560.0999999999976, -20.4487267, -20.4492931, -20.4495258, -20.4493504, -20.4495316, -20.4498215, -20.4500008, -20.450634, -20.4495392, -20.4505234
1560.1099999999976, -20.2465286, -20.2484894, -20.2484207, -20.2506008, -20.2498951, -20.251173, -20.2512226, -20.2526665, -20.2532864, -20.2527637
1560.1199999999976, -20.1453342, -20.1460705, -20.1483479, -20.1486053, -20.1492062, -20.1491833, -20.1484413, -20.1509285, -20.149044, -20.1499882
1560.1299999999976, -20.2075119, -20.2100201, -20.2087555, -20.2067642, -20.2081451, -20.2084999, -20.2047138, -20.2063007, -20.2035465, -20.2027378
1560.1399999999976, -20.5376587, -20.5409851, -20.5461464, -20.5488644, -20.551527, -20.5553322, -20.5533905, -20.5548191, -20.5528812, -20.5563164
1560.1499999999976, -21.6514721, -21.655056, -21.6505527, -21.6429062, -21.6497803, -21.6442108, -21.6456833, -21.6495323, -21.636631, -21.644249
1560.1599999999976, -24.6183338, -24.7320309, -24.7251377, -24.7244606, -24.7179184, -24.6855106, -24.7475567, -24.7901363, -24.8072624, -24.7955093
1560.1699999999976, -32.4682007, -32.2870331, -32.3389549, -32.3436737, -32.3226204, -32.4424553, -32.3883743, -32.3994522, -32.4167938, -32.4247322
1560.1799999999976, -23.1448975, -23.0795803, -23.0365391, -23.0360565, -23.0599194, -23.0693092, -23.0727615, -23.118042, -23.1215611, -23.112978
1560.1899999999976, -20.9805603, -20.975441, -20.9760246, -20.9788532, -20.9755344, -20.9703941, -20.9761887, -20.9702835, -20.9762554, -20.9757366
1560.1999999999975, -20.5677719, -20.5703506, -20.5683193, -20.5610847, -20.5479889, -20.550705, -20.5603733, -20.5659065, -20.566721, -20.5680943
1560.2099999999975, -20.5369167, -20.5361328, -20.5367393, -20.5359535, -20.5357666, -20.5359211, -20.5367203, -20.5363388, -20.536726, -20.5363197
1560.2199999999975, -20.623539, -20.6245461, -20.6249142, -20.6256046, -20.6245365, -20.622879, -20.6240025, -20.6236134, -20.6227627, -20.6230011
1560.2299999999975, -20.7620125, -20.7624397, -20.7625713, -20.7609882, -20.7606487, -20.7568169, -20.7333069, -20.7224083, -20.738163, -20.7503967
1560.2399999999975, -20.8811493, -20.8809452, -20.8801823, -20.8786793, -20.8790321, -20.878952, -20.8795071, -20.8793259, -20.8793373, -20.8781929
1560.2499999999975, -20.9810638, -20.9813919, -20.980751, -20.9798183, -20.9802094, -20.9801598, -20.979454, -20.9798164, -20.9787712, -20.977972
1560.2599999999975, -21.0410614, -21.0411282, -21.0419426, -21.0422363, -21.0421333, -21.0419426, -21.0426159, -21.0427551, -21.0422993, -21.0422096
1560.2699999999975, -21.0658951, -21.0654392, -21.0650597, -21.0655231, -21.0660572, -21.0663776, -21.0656185, -21.0657349, -21.0662079, -21.0661869
1560.2799999999975, -21.0443363, -21.0434017, -21.0402012, -21.0414333, -21.0441475, -21.0435524, -21.0447865, -21.0445805, -21.0438652, -21.0450745
1560.2899999999975, -20.9707699, -20.9714756, -20.9724789, -20.9709244, -20.9710503, -20.9719181, -20.9728317, -20.9723263, -20.9725895, -20.9724197
1560.2999999999975, -20.8588638, -20.8579788, -20.8579731, -20.8596764, -20.8614025, -20.8618431, -20.8647346, -20.8638611, -20.8609428, -20.8622036
1560.3099999999974, -20.698555, -20.7011452, -20.7028751, -20.7041683, -20.7047901, -20.7042141, -20.7059555, -20.707056, -20.7018299, -20.6994324
1560.3199999999974, -20.5135536, -20.5130215, -20.5191135, -20.5197105, -20.522171, -20.521349, -20.521698, -20.5213528, -20.5203934, -20.5202808
1560.3299999999974, -20.2999706, -20.3007107, -20.3009262, -20.3019848, -20.3033276, -20.3042927, -20.3040543, -20.303112, -20.3017769, -20.3022175
1560.3399999999974, -20.108799, -20.1078358, -20.1063614, -20.1079712, -20.1098709, -20.11026, -20.1093502, -20.1106529, -20.1089783, -20.1093731
1560.3499999999974, -19.9208508, -19.9202175, -19.9207554, -19.9220562, -19.9199982, -19.9189339, -19.9193592, -19.9189129, -19.9191799, -19.9176617
1560.3599999999974, -19.76684, -19.7654839, -19.7654438, -19.7643433, -19.7544003, -19.7583008, -19.762598, -19.7648487, -19.7639618, -19.7675323
1560.3699999999974, -19.6493893, -19.6493874, -19.6497383, -19.6502209, -19.6508579, -19.6513672, -19.6516819, -19.6510277, -19.6509399, -19.6505527
1560.3799999999974, -19.5914001, -19.5904064, -19.5914307, -19.591177, -19.5903244, -19.5903912, -19.5908051, -19.591774, -19.5914116, -19.5917435
1560.3899999999974, -19.6067066, -19.6080017, -19.6074333, -19.6075687, -19.6068935, -19.6064758, -19.6060867, -19.6068516, -19.6077843, -19.6064129
1560.3999999999974, -19.6822338, -19.6796055, -19.6783981, -19.6794987, -19.6796379, -19.67803, -19.6792965, -19.6800308, -19.6795158, -19.6783848
1560.4099999999974, -19.8235264, -19.8227158, -19.8228741, -19.8247356, -19.8243446, -19.8251514, -19.8296547, -19.8298054, -19.8289776, -19.8292522
1560.4199999999973, -20.0157471, -20.0151501, -20.0162468, -20.0163193, -20.0163612, -20.0158558, -20.0174255, -20.0156212, -20.0146656, -20.0159054
1560.4299999999973, -20.2567863, -20.2572594, -20.2560501, -20.2557316, -20.2544842, -20.2593269, -20.2597618, -20.257616, -20.2594013, -20.2576942
1560.4399999999973, -20.4982376, -20.4979, -20.4974403, -20.4985313, -20.4986935, -20.4989719, -20.5001831, -20.4983368, -20.4983311, -20.4984531
1560.4499999999973, -20.7214069, -20.720356, -20.7219238, -20.7224503, -20.7219181, -20.7211647, -20.7223301, -20.7207012, -20.7219296, -20.722002
1560.4599999999973, -20.8973885, -20.8984261, -20.8989086, -20.8976364, -20.8991413, -20.8988056, -20.8984051, -20.8983402, -20.898653, -20.8970928
1560.4699999999973, -21.016264, -21.0152092, -21.0149441, -21.0112286, -21.0119228, -21.0127716, -21.0138683, -21.0147171, -21.0164108, -21.0158672
1560.4799999999973, -21.0665054, -21.0680447, -21.0675602, -21.0681801, -21.0680161, -21.0681, -21.0666485, -21.0672894, -21.0673809, -21.0677433
1560.4899999999973, -21.0636864, -21.062973, -21.063242, -21.0620136, -21.0619583, -21.0619373, -21.0629787, -21.0627937, -21.0631466, -21.0629101
1560.4999999999973, -20.9723225, -20.9726944, -20.9733429, -20.9747143, -20.9739819, -20.9743252, -20.9741459, -20.9748955, -20.9755688, -20.9761353
1560.5099999999973, -20.8319798, -20.8316059, -20.8292274, -20.8293324, -20.8273621, -20.8284378, -20.8263474, -20.8267384, -20.8249474, -20.8249149
1560.5199999999973, -20.6060905, -20.6072311, -20.6061802, -20.6067581, -20.6059895, -20.6070042, -20.6065311, -20.6054173, -20.6066589, -20.6073608
1560.5299999999972, -20.3739662, -20.3742809, -20.3764858, -20.3776836, -20.3768711, -20.3770943, -20.3776798, -20.3795948, -20.3792286, -20.3798237
1560.5399999999972, -20.1278706, -20.1275253, -20.1275082, -20.1278267, -20.1288357, -20.1265965, -20.1280155, -20.1295681, -20.1299858, -20.1276436
1560.5499999999972, -19.9272346, -19.9272556, -19.9286785, -19.9281178, -19.9276676, -19.9255085, -19.9252224, -19.9273167, -19.9268951, -19.9266624
1560.5599999999972, -19.7591648, -19.7578182, -19.7580452, -19.7583427, -19.7585487, -19.7563629, -19.757864, -19.75774, -19.7581081, -19.7587471
1560.5699999999972, -19.6813087, -19.6822701, -19.6815453, -19.6822586, -19.6841774, -19.6828938, -19.6825504, -19.6824608, -19.6813335, -19.6819134
1560.5799999999972, -19.6834946, -19.6835938, -19.6840229, -19.6851406, -19.6852856, -19.6842079, -19.6835041, -19.6812763, -19.6825066, -19.6838818
1560.5899999999972, -19.773653, -19.7712555, -19.7758713, -19.7774067, -19.7771034, -19.7772236, -19.7778416, -19.7785931, -19.7776432, -19.7772655
1560.5999999999972, -19.9493217, -19.9503613, -19.9491005, -19.9495831, -19.949604, -19.9487858, -19.948061, -19.9456749, -19.9474182, -19.9466152
1560.6099999999972, -20.1457653, -20.1452808, -20.148243, -20.1502457, -20.149889, -20.1500282, -20.1487942, -20.148592, -20.1498432, -20.1529045
1560.6199999999972, -20.3921585, -20.3928852, -20.3925781, -20.390873, -20.3901329, -20.390667, -20.3915806, -20.3931484, -20.391983, -20.3932152
1560.6299999999972, -20.6224957, -20.6211357, -20.6205101, -20.6217041, -20.6212959, -20.6201591, -20.6182652, -20.6194534, -20.6197052, -20.6187992
1560.6399999999971, -20.8267288, -20.8254871, -20.8259621, -20.8253117, -20.8261204, -20.8251743, -20.825428, -20.8264828, -20.8251266, -20.8244591
1560.6499999999971, -20.9697552, -20.9689026, -20.9675941, -20.968359, -20.9693298, -20.9691601, -20.9703293, -20.9705315, -20.9719563, -20.9712029
1560.6599999999971, -21.0634365, -21.0634556, -21.0645962, -21.0655613, -21.0658131, -21.065443, -21.0646057, -21.0643559, -21.0652504, -21.0650368
1560.6699999999971, -21.0864582, -21.0857124, -21.084568, -21.0855503, -21.0848885, -21.0840588, -21.0859547, -21.0857353, -21.0853596, -21.085371
1560.679999999997, -21.0479755, -21.0471306, -21.047308, -21.0473747, -21.0482292, -21.0470028, -21.0482693, -21.0491982, -21.0488472, -21.0486813
1560.689999999997, -20.9535732, -20.9530468, -20.9534149, -20.9530792, -20.9531384, -20.9519596, -20.9519272, -20.9536819, -20.9543114, -20.9536934
1560.699999999997, -20.8013287, -20.8003159, -20.8006592, -20.7994919, -20.7994556, -20.799696, -20.799324, -20.7993336, -20.8002205, -20.8029556
1560.709999999997, -20.6159039, -20.6144352, -20.6141891, -20.6138077, -20.6135769, -20.6135349, -20.6132908, -20.6115189, -20.610857, -20.6112747
1560.719999999997, -20.3807449, -20.3784714, -20.3773556, -20.3776894, -20.3780479, -20.3780518, -20.3810444, -20.3794327, -20.3794289, -20.3787098
1560.729999999997, -20.1495171, -20.14958, -20.1494198, -20.1502819, -20.1485233, -20.1472912, -20.1446266, -20.1476154, -20.1477051, -20.148592
1560.739999999997, -19.91255, -19.9123154, -19.910244, -19.9116631, -19.9104424, -19.9115028, -19.9137268, -19.9147949, -19.9149017, -19.9117165
1560.749999999997, -19.7327175, -19.7306347, -19.7306042, -19.7298584, -19.7279358, -19.725708, -19.7292194, -19.728817, -19.729744, -19.7283783
1560.759999999997, -19.5988674, -19.5994072, -19.5982323, -19.6021156, -19.6029949, -19.602829, -19.6026096, -19.6023407, -19.6022301, -19.6031113
1560.769999999997, -19.5510654, -19.5528412, -19.5525379, -19.5518494, -19.5532207, -19.5529041, -19.5530815, -19.5528965, -19.5529556, -19.5534286
1560.779999999997, -19.5814362, -19.5821247, -19.5793076, -19.5811424, -19.5819225, -19.5721569, -19.5662498, -19.5663052, -19.5723667, -19.5796719
1560.789999999997, -19.6767845, -19.6751785, -19.6762505, -19.677002, -19.6769676, -19.6759205, -19.6768417, -19.6761436, -19.6781368, -19.677372
1560.799999999997, -19.8331928, -19.8335514, -19.8331261, -19.8331108, -19.8334007, -19.8332748, -19.8346863, -19.8341026, -19.8333035, -19.8320713
1560.809999999997, -20.0265846, -20.0272579, -20.0274887, -20.0287952, -20.0276699, -20.02915, -20.0278187, -20.0284691, -20.0284653, -20.0290928
1560.819999999997, -20.2563648, -20.2562923, -20.256073, -20.2557487, -20.2550926, -20.2558155, -20.2535458, -20.2539158, -20.2550182, -20.2535229
1560.829999999997, -20.4622974, -20.4634933, -20.4633598, -20.4635849, -20.4638424, -20.4627991, -20.4630852, -20.464592, -20.4628658, -20.4634342
1560.839999999997, -20.6714935, -20.6721916, -20.6725788, -20.673521, -20.674408, -20.6751308, -20.6742496, -20.6746941, -20.6760864, -20.6760921
1560.849999999997, -20.8314037, -20.831543, -20.8319225, -20.8315678, -20.8320084, -20.8300018, -20.8304787, -20.8337154, -20.8344936, -20.8342991
1560.859999999997, -20.942234, -20.9428425, -20.9428978, -20.9430637, -20.9444427, -20.9428635, -20.9434433, -20.9433842, -20.9423809, -20.9424152
1560.869999999997, -20.9744682, -20.9737263, -20.9734077, -20.9724674, -20.9728279, -20.9725304, -20.9738674, -20.9740696, -20.9737587, -20.9737206
1560.879999999997, -20.9371872, -20.9375839, -20.9392624, -20.9388084, -20.9390297, -20.937664, -20.9392357, -20.9383659, -20.9378529, -20.9378262
1560.889999999997, -20.8475609, -20.8475761, -20.8498573, -20.8502712, -20.8506908, -20.8500004, -20.8512859, -20.8526306, -20.8541985, -20.8533211
1560.899999999997, -20.6795311, -20.6786575, -20.6795216, -20.6785965, -20.6795101, -20.6789227, -20.6790924, -20.6794434, -20.6814613, -20.6822109
1560.909999999997, -20.483429, -20.4811859, -20.480505, -20.481329, -20.4831047, -20.4828949, -20.482626, -20.4845829, -20.4831181, -20.4821529
1560.919999999997, -20.2636299, -20.2634201, -20.2612591, -20.2613049, -20.2612495, -20.2609539, -20.261055, -20.2586632, -20.2596836, -20.2591267
1560.9299999999969, -20.0798683, -20.0801926, -20.0795078, -20.0796604, -20.078167, -20.0800381, -20.0820656, -20.0792561, -20.0795135, -20.0804157
1560.9399999999969, -20.0431538, -20.0416908, -20.0414429, -20.0401764, -20.0417347, -20.0401936, -20.0409584, -20.0415859, -20.041069, -20.0405941
1560.9499999999969, -20.2994957, -20.2974682, -20.2999344, -20.3037205, -20.3032932, -20.3070564, -20.307436, -20.3089771, -20.3056507, -20.3041039
1560.9599999999969, -21.2344112, -21.2466583, -21.2347832, -21.2406235, -21.2366352, -21.2173195, -21.2143002, -21.2120533, -21.20854, -21.1959515
1560.9699999999968, -24.400301, -24.3896809, -24.3226604, -24.3263607, -24.3438587, -24.3356361, -24.3116322, -24.3185196, -24.2985001, -24.296957
1560.9799999999968, -31.3782864, -31.3946075, -31.4240837, -31.4387722, -31.4035645, -31.4502964, -31.3995628, -31.419405, -31.3857269, -31.3819828
1560.9899999999968, -23.1553669, -23.185564, -23.1843815, -23.2073307, -23.2238636, -23.1928635, -23.1978207, -23.2059059, -23.2041321, -23.2488823
1560.9999999999968, -20.9453392, -20.9411182, -20.9388676, -20.9439602, -20.9430313, -20.9427052, -20.9460564, -20.945219, -20.9435253, -20.938715
1561.0099999999968, -20.5272999, -20.5242004, -20.5254631, -20.5283451, -20.5265217, -20.5246677, -20.5270271, -20.5304756, -20.5276985, -20.5282841
1561.0199999999968, -20.5603504, -20.5607414, -20.5632172, -20.5572853, -20.562191, -20.5450668, -20.5327835, -20.5278378, -20.5393848, -20.5366173
1561.0299999999968, -20.743948, -20.7433109, -20.7426147, -20.7419071, -20.7391472, -20.7370853, -20.734293, -20.730957, -20.7358456, -20.7334976
1561.0399999999968, -20.9153576, -20.9158573, -20.9156895, -20.9164505, -20.9150867, -20.9147034, -20.91679, -20.9192276, -20.920723, -20.9198055
1561.0499999999968, -21.100708, -21.100256, -21.1006489, -21.1000538, -21.1019783, -21.1012421, -21.1018143, -21.0997658, -21.1008587, -21.1007462
1561.0599999999968, -21.2124004, -21.2129135, -21.2125969, -21.2147446, -21.2164135, -21.2171021, -21.2155113, -21.215889, -21.2156048, -21.2166729
1561.0699999999968, -21.2763672, -21.275856, -21.2761078, -21.2775021, -21.2788925, -21.2779942, -21.2757149, -21.2787514, -21.279026, -21.2783642
1561.0799999999967, -21.2843685, -21.2835293, -21.284338, -21.2831497, -21.2854671, -21.2850037, -21.2837296, -21.2840042, -21.2838936, -21.285284
1561.0899999999967, -21.2342262, -21.2330608, -21.2349644, -21.2343311, -21.2333851, -21.2330132, -21.2329464, -21.2339077, -21.2335892, -21.2353592
1561.0999999999967, -21.139082, -21.1373463, -21.1380463, -21.1375656, -21.1380291, -21.1393147, -21.1387825, -21.1378918, -21.136837, -21.1378803
1561.1099999999967, -20.9683304, -20.9670658, -20.9659863, -20.9703388, -20.97118, -20.9704876, -20.9710217, -20.972147, -20.9708042, -20.9716167
1561.1199999999967, -20.7857094, -20.7847996, -20.7849922, -20.7840347, -20.7859554, -20.7852859, -20.7853584, -20.7846699, -20.7883492, -20.7880497
1561.1299999999967, -20.5650349, -20.5671253, -20.5698929, -20.5696926, -20.5717258, -20.5784225, -20.5793324, -20.5750675, -20.5743313, -20.5731735
1561.1399999999967, -20.3462639, -20.3501949, -20.3561306, -20.3546238, -20.3569221, -20.3609276, -20.3603249, -20.3586998, -20.3568249, -20.356945
1561.1499999999967, -20.1592941, -20.1545906, -20.151619, -20.15271, -20.1531563, -20.1532879, -20.1521893, -20.1516342, -20.1550846, -20.1533642
1561.1599999999967, -19.9554482, -19.954752, -19.9569912, -19.9563484, -19.9504166, -19.9452763, -19.9473572, -19.9511623, -19.9572735, -19.9591274
1561.1699999999967, -19.8082714, -19.8070259, -19.8080235, -19.8097496, -19.8091564, -19.8093052, -19.8107319, -19.8113804, -19.809454, -19.8092861
1561.1799999999967, -19.7047577, -19.7037468, -19.7087898, -19.7098751, -19.7088013, -19.7104282, -19.7091522, -19.7094059, -19.7098351, -19.7055969
1561.1899999999966, -19.6587448, -19.6601334, -19.6596127, -19.6578465, -19.6611233, -19.6605663, -19.6608696, -19.657999, -19.6563892, -19.6559906
1561.1999999999966, -19.6698666, -19.6696033, -19.667654, -19.6677914, -19.667202, -19.66329, -19.6647491, -19.6652279, -19.6661053, -19.6651917
1561.2099999999966, -19.7304153, -19.7338848, -19.7331867, -19.7299366, -19.7273655, -19.725172, -19.7268581, -19.728447, -19.7283821, -19.727953
1561.2199999999966, -19.8536987, -19.8526192, -19.8516216, -19.8533401, -19.8535557, -19.852066, -19.8523426, -19.8499908, -19.8507481, -19.8532104
1561.2299999999966, -20.0065632, -20.0107899, -20.0133553, -20.0126419, -20.0129051, -20.0140476, -20.0147781, -20.0139904, -20.0147133, -20.0144806
1561.2399999999966, -20.2006454, -20.1996689, -20.2009335, -20.1973476, -20.1980858, -20.1979351, -20.1969299, -20.1969032, -20.1962261, -20.1948528
1561.2499999999966, -20.4009991, -20.3983326, -20.3998489, -20.398447, -20.394968, -20.3944435, -20.3902054, -20.3910408, -20.3899899, -20.3917179
1561.2599999999966, -20.5656586, -20.5651703, -20.5655327, -20.5657711, -20.5636539, -20.5627193, -20.5670052, -20.5663128, -20.5632668, -20.5637741
1561.2699999999966, -20.7361088, -20.7355347, -20.7339172, -20.7351608, -20.7343197, -20.7348824, -20.734724, -20.7342472, -20.7316418, -20.7342739
1561.2799999999966, -20.8496761, -20.8499432, -20.8493805, -20.8490829, -20.8491249, -20.8481369, -20.8483391, -20.8496246, -20.8499966, -20.8500862
1561.2899999999966, -20.9247723, -20.9226875, -20.9216824, -20.9219856, -20.9229412, -20.9228134, -20.9230499, -20.9228458, -20.9231949, -20.923357
1561.2999999999965, -20.9396477, -20.9385967, -20.9372311, -20.9385662, -20.9407043, -20.9407043, -20.9398441, -20.9413166, -20.9411602, -20.9408455
1561.3099999999965, -20.9067726, -20.9074135, -20.9076557, -20.9078541, -20.9069138, -20.9067783, -20.9093876, -20.9093819, -20.9090767, -20.9074688
1561.3199999999965, -20.8196659, -20.8172684, -20.8172951, -20.816452, -20.8169785, -20.8191662, -20.8188229, -20.8188763, -20.8192024, -20.8195648
1561.3299999999965, -20.668766, -20.6694489, -20.671175, -20.66675, -20.6694298, -20.6680889, -20.6687107, -20.6696587, -20.6686344, -20.6676865
1561.3399999999965, -20.4846115, -20.4869652, -20.4831486, -20.4810734, -20.4842072, -20.4885139, -20.4882793, -20.4897995, -20.4910278, -20.491188
1561.3499999999965, -20.2641678, -20.2661896, -20.2645302, -20.2659492, -20.2660427, -20.2647629, -20.2646046, -20.2629662, -20.2630768, -20.2634888
1561.3599999999965, -20.033741, -20.0347004, -20.0315819, -20.0324764, -20.0312328, -20.0309334, -20.0287457, -20.0279274, -20.0316925, -20.0356388
1561.3699999999965, -19.8506794, -19.8514042, -19.8518753, -19.852417, -19.8529949, -19.8527203, -19.8516712, -19.8548603, -19.8559036, -19.8541393
1561.3799999999965, -19.6902275, -19.6918621, -19.6917458, -19.6948414, -19.6910839, -19.6905899, -19.6938725, -19.6931229, -19.6914902, -19.6904469
1561.3899999999965, -19.6071453, -19.6046448, -19.6044979, -19.6060276, -19.6068535, -19.6062927, -19.6053905, -19.6043987, -19.606041, -19.6077442
1561.3999999999965, -19.5920601, -19.5888348, -19.5895844, -19.5867558, -19.5835552, -19.5890236, -19.5884399, -19.5901642, -19.5871143, -19.5909023
1561.4099999999964, -19.66469, -19.665453, -19.666708, -19.6670589, -19.6668816, -19.6662636, -19.667902, -19.663559, -19.6664581, -19.6671505
1561.4199999999964, -19.8348427, -19.8331814, -19.8331013, -19.8344421, -19.8327484, -19.8329678, -19.8335667, -19.8327198, -19.8317738, -19.8334122
1561.4299999999964, -20.0521507, -20.0557747, -20.0565815, -20.0550232, -20.053463, -20.0542641, -20.0551167, -20.0571461, -20.0560894, -20.055912
1561.4399999999964, -20.3355312, -20.3348331, -20.334959, -20.3333721, -20.333046, -20.3341446, -20.334631, -20.334507, -20.3344021, -20.336771
1561.4499999999964, -20.5975952, -20.5980206, -20.5998306, -20.5985012, -20.5969086, -20.5978756, -20.5984516, -20.599184, -20.5964775, -20.5978146
1561.4599999999964, -20.8635311, -20.8647041, -20.8628368, -20.8615074, -20.8609161, -20.8625412, -20.8622837, -20.8618526, -20.8602409, -20.8608894
1561.4699999999964, -21.0731621, -21.0757523, -21.0760422, -21.0774918, -21.0765343, -21.0770378, -21.076807, -21.0767479, -21.0789051, -21.0776482
1561.4799999999964, -21.2185574, -21.2182636, -21.2175865, -21.2170486, -21.2186451, -21.2189445, -21.2190666, -21.2174644, -21.2195873, -21.2192287
1561.4899999999964, -21.2794762, -21.2793655, -21.2799053, -21.2795315, -21.2784348, -21.2779655, -21.2768288, -21.2781601, -21.2787437, -21.2782593
1561.4999999999964, -21.2666492, -21.2659187, -21.2662907, -21.2675304, -21.267313, -21.267746, -21.2681923, -21.2672081, -21.2684879, -21.2675533
1561.5099999999964, -21.1785393, -21.1783695, -21.1784267, -21.1797943, -21.1766529, -21.1787014, -21.1779289, -21.1780663, -21.1785355, -21.1787415
1561.5199999999963, -21.0313625, -21.0312347, -21.0317173, -21.0314064, -21.0311222, -21.0318604, -21.0296631, -21.032198, -21.032362, -21.0324688
1561.5299999999963, -20.8122482, -20.812191, -20.8112812, -20.8106918, -20.8107834, -20.8098164, -20.8114796, -20.8134365, -20.8131428, -20.8113327
1561.5399999999963, -20.5619354, -20.5622463, -20.561924, -20.563942, -20.5635147, -20.5633011, -20.5625801, -20.5624905, -20.5602684, -20.5583782
1561.5499999999963, -20.3070774, -20.3066292, -20.307188, -20.3070221, -20.3070049, -20.3078156, -20.3087959, -20.3077354, -20.307663, -20.3083477
1561.5599999999963, -20.0954571, -20.0951805, -20.0968819, -20.0966454, -20.0968323, -20.0969658, -20.0952206, -20.0954609, -20.0967789, -20.0952339
1561.5699999999963, -19.9091568, -19.9092922, -19.9079742, -19.9104576, -19.9073982, -19.9085808, -19.9105778, -19.9089985, -19.9095383, -19.9101639
1561.5799999999963, -19.8082256, -19.8080235, -19.8088264, -19.8089314, -19.8081913, -19.8051338, -19.8056774, -19.8064651, -19.8075695, -19.8081703
1561.5899999999963, -19.7888241, -19.7894936, -19.7907124, -19.7911758, -19.7917156, -19.7906513, -19.7910442, -19.7912369, -19.7896137, -19.7914276
1561.5999999999963, -19.846426, -19.8448181, -19.8416729, -19.8434887, -19.8470821, -19.8459854, -19.8447227, -19.8477058, -19.8479385, -19.8494759
1561.6099999999963, -19.9702187, -19.9700928, -19.9705067, -19.9711246, -19.970623, -19.9678116, -19.9708138, -19.9714642, -19.9716396, -19.9696198
1561.6199999999963, -20.1253128, -20.1267204, -20.127161, -20.1265602, -20.1249275, -20.1245003, -20.1242771, -20.1242447, -20.124958, -20.1254387
1561.6299999999962, -20.3285484, -20.3295021, -20.3315792, -20.3293591, -20.3279953, -20.328495, -20.329855, -20.3314838, -20.3321228, -20.3324089
1561.6399999999962, -20.5480289, -20.5474949, -20.5491924, -20.5488796, -20.5451374, -20.5467606, -20.5478649, -20.5491581, -20.5460377, -20.547514
1561.6499999999962, -20.7481613, -20.7513733, -20.7509937, -20.7529774, -20.7528591, -20.7496395, -20.7510319, -20.7510738, -20.7518578, -20.7528381
1561.6599999999962, -20.9418373, -20.9403305, -20.9383202, -20.938097, -20.9412537, -20.9416752, -20.9410896, -20.9405308, -20.9400101, -20.9395332
1561.6699999999962, -21.0632839, -21.0638638, -21.0650539, -21.0644341, -21.0639439, -21.0633087, -21.0629406, -21.0640984, -21.063961, -21.0637703
1561.6799999999962, -21.1478939, -21.1476669, -21.1469002, -21.1445293, -21.146843, -21.1462631, -21.1464291, -21.1467457, -21.1465816, -21.1468716
1561.6899999999962, -21.1532784, -21.1538525, -21.1549702, -21.1563549, -21.1525497, -21.1530228, -21.1512012, -21.1546555, -21.1565857, -21.1576424
1561.6999999999962, -20.9857845, -20.9873295, -20.9896202, -20.9879322, -20.9883537, -21.0008755, -21.0200768, -21.0437603, -21.0509396, -21.0592499
1561.7099999999962, -20.9519329, -20.9527607, -20.9574909, -20.9607334, -20.9651356, -20.9648781, -20.9666519, -20.963892, -20.9617558, -20.9609604
1561.7199999999962, -20.7964134, -20.7951851, -20.793644, -20.7939682, -20.7925949, -20.7915897, -20.7896404, -20.7892914, -20.787056, -20.7892323
1561.7299999999962, -20.461298, -20.4594917, -20.4564018, -20.4553547, -20.4568081, -20.4587193, -20.4600601, -20.4589291, -20.464426, -20.4648342
1561.7399999999961, -20.257412, -20.261755, -20.2686081, -20.2706165, -20.2709465, -20.2698498, -20.2701988, -20.2694683, -20.2690601, -20.2709503
1561.7499999999961, -20.1729755, -20.1871281, -20.196867, -20.203331, -20.2141018, -20.2281837, -20.2363968, -20.2401295, -20.2400513, -20.2344685
1561.7599999999961, -20.3118458, -20.3139153, -20.3132687, -20.3135834, -20.3102474, -20.3170815, -20.3154335, -20.3165398, -20.3166676, -20.3216667
1561.7699999999961, -20.9798431, -20.9849186, -21.004015, -21.0181942, -21.0271282, -21.039608, -21.0405178, -21.0380096, -21.0401459, -21.0494976
1561.779999999996, -23.4332008, -23.3983078, -23.3923321, -23.4017639, -23.4064789, -23.3862247, -23.3736649, -23.371048, -23.3809242, -23.3843994
1561.789999999996, -31.4244061, -31.5076389, -31.5168076, -31.5217152, -31.5281506, -31.5385113, -31.536087, -31.5402393, -31.5353775, -31.5249443
1561.799999999996, -23.7232456, -23.7062588, -23.7356224, -23.7405033, -23.7740231, -23.7876205, -23.7918301, -23.8013115, -23.8136177, -23.8186417
1561.809999999996, -21.1063232, -21.0990753, -21.0950794, -21.0990143, -21.0983944, -21.0986042, -21.0956688, -21.1050243, -21.1138668, -21.1195984
1561.819999999996, -20.587492, -20.5846176, -20.5753422, -20.5709877, -20.5702362, -20.5648861, -20.5637569, -20.5589752, -20.5580654, -20.5575428
1561.829999999996, -20.5206318, -20.5225849, -20.5238113, -20.5260296, -20.5252457, -20.5233269, -20.5222893, -20.5296783, -20.5379391, -20.5448093
1561.839999999996, -20.7386379, -20.7427883, -20.7568684, -20.7638187, -20.7611732, -20.7620068, -20.764307, -20.7690582, -20.762085, -20.7612324
1561.849999999996, -20.9890556, -20.9818401, -20.9710941, -20.9606762, -20.9569092, -20.9550648, -20.953949, -20.9544601, -20.9573555, -20.9548531
1561.859999999996, -21.1691208, -21.1613369, -21.1630821, -21.1698341, -21.1787186, -21.182415, -21.1869907, -21.1889954, -21.1922379, -21.1978683
1561.869999999996, -21.3612041, -21.3806667, -21.3979759, -21.4140663, -21.4198208, -21.4230061, -21.4327698, -21.4376183, -21.4401913, -21.4398804
1561.879999999996, -21.4156494, -21.4173737, -21.4166164, -21.4166489, -21.4166527, -21.420866, -21.4210052, -21.4211941, -21.4209213, -21.4216461
1561.889999999996, -21.4703503, -21.4705391, -21.4714527, -21.4723053, -21.4721642, -21.4732056, -21.4731121, -21.4726963, -21.4731808, -21.4741058
1561.899999999996, -21.4519043, -21.4515858, -21.4511185, -21.4500866, -21.4506779, -21.4519958, -21.4512157, -21.452076, -21.4513111, -21.4515266
1561.909999999996, -21.3956223, -21.411932, -21.4339314, -21.4443531, -21.4421272, -21.4440022, -21.4453106, -21.4476662, -21.4476967, -21.4458828
1561.919999999996, -21.4899387, -21.4843006, -21.4771843, -21.4749222, -21.4685745, -21.4541054, -21.4307613, -21.4277935, -21.4368591, -21.4482269
1561.929999999996, -21.3074226, -21.3010445, -21.2950211, -21.291647, -21.2951984, -21.2863655, -21.2742519, -21.2696877, -21.2710915, -21.2806778
1561.939999999996, -21.0687981, -21.0692501, -21.0684471, -21.0666771, -21.0676479, -21.0651207, -21.0703468, -21.0730133, -21.075779, -21.0732899
1561.949999999996, -20.8613167, -20.8613586, -20.8592224, -20.8564453, -20.8561974, -20.8558464, -20.8591633, -20.8546543, -20.8541336, -20.8491688
1561.959999999996, -20.6329842, -20.6303539, -20.6271, -20.6254292, -20.6266594, -20.629631, -20.6334133, -20.6351013, -20.6364403, -20.6389236
1561.969999999996, -20.4758244, -20.4893494, -20.5014477, -20.5163994, -20.5238895, -20.5280094, -20.5255737, -20.5252113, -20.5357227, -20.5406742
1561.979999999996, -20.4228306, -20.4252377, -20.4262676, -20.42729, -20.4246216, -20.4223156, -20.4203014, -20.4210606, -20.4228497, -20.4229603
1561.989999999996, -20.3098755, -20.2995968, -20.2842655, -20.2697201, -20.261816, -20.2567463, -20.2584038, -20.2570591, -20.2628365, -20.2655411
1561.999999999996, -20.2749786, -20.2737541, -20.2710361, -20.2689629, -20.2687168, -20.2666817, -20.2656097, -20.2668972, -20.2676334, -20.2698631
1562.009999999996, -20.3273087, -20.3284721, -20.3282642, -20.3295403, -20.3268185, -20.3252754, -20.3247604, -20.3246155, -20.3222446, -20.3195667
1562.019999999996, -20.4254112, -20.4252567, -20.4248676, -20.4273911, -20.428257, -20.4265709, -20.4283581, -20.4281139, -20.4263744, -20.4246368
1562.0299999999959, -20.5871868, -20.5882912, -20.5877075, -20.5889034, -20.5867424, -20.5844498, -20.5857372, -20.5863113, -20.5863361, -20.586031
1562.0399999999959, -20.7439308, -20.7465553, -20.7475758, -20.7478638, -20.7459793, -20.7464428, -20.7451191, -20.7440147, -20.74403, -20.7420368
1562.0499999999959, -20.9326725, -20.9337425, -20.9370747, -20.9392853, -20.9406605, -20.9408894, -20.9419136, -20.9380474, -20.9343662, -20.9324493
1562.0599999999959, -21.1122894, -21.1114655, -21.1117516, -21.1115379, -21.1103821, -21.1116543, -21.1109695, -21.1104546, -21.1111221, -21.110693
1562.0699999999958, -21.2915459, -21.2908688, -21.2901173, -21.2889957, -21.2903938, -21.2904644, -21.2897663, -21.2902699, -21.2898464, -21.2903233
1562.0799999999958, -21.4279404, -21.4283524, -21.429081, -21.4285889, -21.4288502, -21.4287472, -21.4277458, -21.4258003, -21.4252052, -21.4265556
1562.0899999999958, -21.5405083, -21.5388908, -21.5387592, -21.5381184, -21.540453, -21.5410614, -21.5418282, -21.5408821, -21.5425644, -21.5455093
1562.0999999999958, -21.605526, -21.606514, -21.607233, -21.6083717, -21.6066837, -21.6060066, -21.6034107, -21.6044579, -21.6041565, -21.6050072
1562.1099999999958, -21.6381721, -21.6397438, -21.6414261, -21.6406994, -21.6405277, -21.6399403, -21.6418533, -21.6415596, -21.6431255, -21.6427708
1562.1199999999958, -21.6053925, -21.6060066, -21.6064873, -21.6045666, -21.6071625, -21.6086311, -21.6100674, -21.6072884, -21.6058598, -21.606741
1562.1299999999958, -21.5363159, -21.5344563, -21.534399, -21.5324802, -21.5326347, -21.5300083, -21.5288906, -21.5269852, -21.5307274, -21.5333195
1562.1399999999958, -21.4234715, -21.4269199, -21.4281044, -21.4349155, -21.3876991, -21.3376408, -21.2972336, -21.2399445, -21.2301674, -21.2279835
1562.1499999999958, -21.0370407, -21.0337868, -21.034523, -21.0363197, -21.0377712, -21.0384541, -21.0361366, -21.0333996, -21.0329895, -21.0316448
1562.1599999999958, -20.8468151, -20.846859, -20.8467655, -20.8463974, -20.8442822, -20.8425312, -20.8448315, -20.8441277, -20.843996, -20.8444157
1562.1699999999958, -20.6214066, -20.6205502, -20.616991, -20.614687, -20.6176052, -20.6204262, -20.6203613, -20.6232681, -20.620903, -20.618679
1562.1799999999957, -20.4231186, -20.4217987, -20.4215794, -20.4220848, -20.4172173, -20.4200172, -20.4147053, -20.415102, -20.418808, -20.4207954
1562.1899999999957, -20.2386875, -20.2409286, -20.2397156, -20.2379532, -20.234911, -20.2397842, -20.2394619, -20.2388992, -20.2387791, -20.2375145
1562.1999999999957, -20.1007175, -20.0988865, -20.0997887, -20.0997715, -20.1009998, -20.1029072, -20.1022568, -20.1042213, -20.1057606, -20.1055012
1562.2099999999957, -20.0342312, -20.0327797, -20.034296, -20.0366383, -20.0381165, -20.0389748, -20.0349579, -20.0347443, -20.0332088, -20.0335484
1562.2199999999957, -20.0477467, -20.0459099, -20.045311, -20.0433388, -20.0457649, -20.044611, -20.0429764, -20.0445576, -20.0451603, -20.0429726
1562.2299999999957, -20.1259327, -20.1265221, -20.1229515, -20.1233501, -20.1249504, -20.1271019, -20.1260509, -20.1219864, -20.1248245, -20.1295795
1562.2399999999957, -20.2754288, -20.2741623, -20.2740326, -20.2728062, -20.2735806, -20.2705002, -20.2713356, -20.2726479, -20.2729588, -20.2721691
1562.2499999999957, -20.4714279, -20.4633884, -20.4550533, -20.4638329, -20.4671726, -20.4674492, -20.4698906, -20.4718952, -20.4693985, -20.4699097
1562.2599999999957, -20.7193527, -20.7177124, -20.7165489, -20.7162609, -20.7141857, -20.7117996, -20.7167187, -20.7173023, -20.7190647, -20.7170506
1562.2699999999957, -20.9407215, -20.8847408, -20.930336, -20.9421902, -20.9632607, -20.9612865, -20.9627094, -20.9594669, -20.9601555, -20.9593754
1562.2799999999957, -21.190527, -21.1931019, -21.1959457, -21.1957169, -21.1970615, -21.1939068, -21.1923199, -21.194416, -21.1956196, -21.1951694
1562.2899999999956, -21.3764591, -21.372221, -21.3747616, -21.3794975, -21.3772316, -21.3780937, -21.3776093, -21.3779812, -21.3797245, -21.3791618
1562.2999999999956, -21.5171909, -21.5167885, -21.5171299, -21.5155506, -21.5167446, -21.5177917, -21.5185661, -21.5181999, -21.5192719, -21.5194092
1562.3099999999956, -21.5907593, -21.5913124, -21.5915604, -21.5909157, -21.5905704, -21.5923977, -21.5915527, -21.5919647, -21.5924988, -21.5928631
1562.3199999999956, -21.5986137, -21.5963497, -21.597086, -21.5979309, -21.5971508, -21.5972939, -21.5955601, -21.5946655, -21.5955982, -21.5963364
1562.3299999999956, -21.5282993, -21.5255756, -21.5256195, -21.5263882, -21.5255203, -21.5252895, -21.5268974, -21.5275116, -21.5277042, -21.525835
1562.3399999999956, -21.4031067, -21.4054279, -21.4046421, -21.4033718, -21.4037876, -21.4017296, -21.4038849, -21.4040527, -21.4039021, -21.4056282
1562.3499999999956, -21.2014408, -21.2014713, -21.2009735, -21.2005272, -21.2013016, -21.202322, -21.20187, -21.2029343, -21.2048035, -21.202404
1562.3599999999956, -20.9684525, -20.9675179, -20.9668751, -20.9631214, -20.9644794, -20.9648399, -20.9678764, -20.9678307, -20.9699135, -20.9687576
1562.3699999999956, -20.7062473, -20.7083588, -20.7093315, -20.7113552, -20.7116508, -20.7092495, -20.7049026, -20.7065048, -20.7072086, -20.7081108
1562.3799999999956, -20.4673901, -20.4668159, -20.4656734, -20.462429, -20.4602394, -20.4601917, -20.4510803, -20.4385948, -20.4238949, -20.426609
1562.3899999999956, -20.2608471, -20.2684135, -20.2644901, -20.2669849, -20.2651501, -20.2616615, -20.2584171, -20.2588024, -20.2617874, -20.2649174
1562.3999999999955, -20.1485558, -20.1537552, -20.1553116, -20.1593533, -20.1545639, -20.1521759, -20.1536121, -20.1538391, -20.1539745, -20.1500282
1562.4099999999955, -20.1233654, -20.1132565, -20.1125622, -20.1219234, -20.1123238, -20.1101875, -20.1115704, -20.1081772, -20.1022415, -20.1009064
1562.4199999999955, -20.1912155, -20.1903782, -20.1909866, -20.1912556, -20.1908741, -20.1879635, -20.1892185, -20.1887245, -20.190052, -20.1920261
1562.4299999999955, -20.339674, -20.3426075, -20.3432064, -20.3413181, -20.3413982, -20.3425026, -20.3401508, -20.3381252, -20.3350296, -20.3380489
1562.4399999999955, -20.5401649, -20.5425396, -20.5435581, -20.5456123, -20.5446224, -20.5440769, -20.5440331, -20.5446701, -20.5461121, -20.546957
1562.4499999999955, -20.7948971, -20.7943077, -20.7977753, -20.7978821, -20.7971191, -20.7932606, -20.7915478, -20.7888298, -20.7881489, -20.7979488
1562.4599999999955, -21.0026226, -21.0031853, -21.0114117, -21.0408382, -21.0403957, -21.0443916, -21.049509, -21.0392914, -21.0385075, -21.0439529
1562.4699999999955, -21.2413864, -21.2541409, -21.2565784, -21.2546196, -21.257925, -21.2537632, -21.2557373, -21.2577858, -21.2575283, -21.2576237
1562.4799999999955, -21.4320545, -21.4338341, -21.4356384, -21.4343853, -21.4347878, -21.4351101, -21.43466, -21.434515, -21.4300385, -21.4304085
1562.4899999999955, -21.555088, -21.555275, -21.5558491, -21.5578861, -21.5591545, -21.5591927, -21.559761, -21.5589104, -21.5587673, -21.5590916
1562.4999999999955, -21.6076546, -21.6083069, -21.6059608, -21.601675, -21.6010933, -21.6019402, -21.6026649, -21.6023045, -21.6062489, -21.6059761
