wavelength_nm ,power_reading_0_dbm ,power_reading_1_dbm ,power_reading_2_dbm ,power_reading_3_dbm ,power_reading_4_dbm ,power_reading_5_dbm ,power_reading_6_dbm ,power_reading_7_dbm ,power_reading_8_dbm ,power_reading_9_dbm 
1550.195, -1.39685955E+01, -1.41139526E+01, -1.40061522E+01, -1.40422983E+01, -1.40053682E+01, -1.40124435E+01, -1.40084639E+01, -1.39888067E+01, -1.39880724E+01, -1.39795790E+01
1550.2, -1.39832811E+01, -1.39715538E+01, -1.39777803E+01, -1.39738369E+01, -1.39750595E+01, -1.39731855E+01, -1.39784985E+01, -1.39719925E+01, -1.39729633E+01, -1.39791422E+01
1550.2050000000002, -1.39880056E+01, -1.39924822E+01, -1.39871702E+01, -1.39933701E+01, -1.39871120E+01, -1.39869776E+01, -1.39917164E+01, -1.39907322E+01, -1.39846354E+01, -1.39860382E+01
1550.2100000000003, -1.40256186E+01, -1.40307970E+01, -1.40301247E+01, -1.40197859E+01, -1.40178766E+01, -1.40038605E+01, -1.39986658E+01, -1.40015049E+01, -1.40097170E+01, -1.40029573E+01
1550.2150000000004, -1.40268679E+01, -1.40302162E+01, -1.40255442E+01, -1.40256157E+01, -1.40326014E+01, -1.40363922E+01, -1.40308886E+01, -1.40355701E+01, -1.40278254E+01, -1.40320005E+01
1550.2200000000005, -1.40359077E+01, -1.40363207E+01, -1.40351706E+01, -1.40403957E+01, -1.40471191E+01, -1.40456724E+01, -1.40461683E+01, -1.40521879E+01, -1.40531902E+01, -1.40495672E+01
1550.2250000000006, -1.40562983E+01, -1.40554533E+01, -1.40536814E+01, -1.40538368E+01, -1.40525656E+01, -1.40615845E+01, -1.40748291E+01, -1.40936537E+01, -1.41252899E+01, -1.41277266E+01
1550.2300000000007, -1.40824690E+01, -1.40840101E+01, -1.40847683E+01, -1.40778475E+01, -1.40776844E+01, -1.40765133E+01, -1.40826111E+01, -1.41027403E+01, -1.41054029E+01, -1.40993690E+01
1550.2350000000008, -1.40965834E+01, -1.40972757E+01, -1.40972719E+01, -1.40965395E+01, -1.40930843E+01, -1.40919895E+01, -1.40938187E+01, -1.41012678E+01, -1.41005278E+01, -1.40992327E+01
1550.240000000001, -1.41084270E+01, -1.41081181E+01, -1.41129370E+01, -1.41111221E+01, -1.41098633E+01, -1.41117563E+01, -1.41088209E+01, -1.41085491E+01, -1.41103401E+01, -1.41190500E+01
1550.245000000001, -1.41670036E+01, -1.41752310E+01, -1.41568251E+01, -1.41499825E+01, -1.41448975E+01, -1.41451206E+01, -1.41525068E+01, -1.41506195E+01, -1.41523104E+01, -1.41488295E+01
1550.2500000000011, -1.41546917E+01, -1.41555223E+01, -1.41580620E+01, -1.41588211E+01, -1.41627922E+01, -1.41623478E+01, -1.41616879E+01, -1.41634893E+01, -1.41647310E+01, -1.41687365E+01
1550.2550000000012, -1.41732330E+01, -1.41698399E+01, -1.41754150E+01, -1.41854868E+01, -1.41802788E+01, -1.41816359E+01, -1.41747866E+01, -1.41754847E+01, -1.41783047E+01, -1.41823368E+01
1550.2600000000014, -1.42012701E+01, -1.42018614E+01, -1.42099886E+01, -1.42140884E+01, -1.42133131E+01, -1.42091932E+01, -1.42093420E+01, -1.42026100E+01, -1.41958065E+01, -1.41929026E+01
1550.2650000000015, -1.42130489E+01, -1.42107382E+01, -1.42192812E+01, -1.42210846E+01, -1.42127199E+01, -1.42150364E+01, -1.42255449E+01, -1.42316513E+01, -1.42417154E+01, -1.42376328E+01
1550.2700000000016, -1.42221851E+01, -1.42236938E+01, -1.42337074E+01, -1.42322140E+01, -1.42540665E+01, -1.42651653E+01, -1.42578993E+01, -1.42394991E+01, -1.42390718E+01, -1.42365513E+01
1550.2750000000017, -1.42242260E+01, -1.42262859E+01, -1.42379885E+01, -1.42264214E+01, -1.42262287E+01, -1.42243290E+01, -1.42288074E+01, -1.42418776E+01, -1.42443914E+01, -1.42462530E+01
1550.2800000000018, -1.42440748E+01, -1.42352705E+01, -1.42316341E+01, -1.42321310E+01, -1.42382431E+01, -1.42475281E+01, -1.42355623E+01, -1.42299109E+01, -1.42332592E+01, -1.42432270E+01
1550.285000000002, -1.42463551E+01, -1.42359238E+01, -1.42343073E+01, -1.42358360E+01, -1.42392769E+01, -1.42358618E+01, -1.42391815E+01, -1.42398033E+01, -1.42347345E+01, -1.42338963E+01
1550.290000000002, -1.42642689E+01, -1.42663231E+01, -1.42637653E+01, -1.42361937E+01, -1.42369242E+01, -1.42456884E+01, -1.42391853E+01, -1.42336187E+01, -1.42262211E+01, -1.42304010E+01
1550.2950000000021, -1.42235374E+01, -1.42276821E+01, -1.42277689E+01, -1.42216396E+01, -1.42178087E+01, -1.42168827E+01, -1.42205334E+01, -1.42421637E+01, -1.42597284E+01, -1.42519751E+01
1550.3000000000022, -1.42581463E+01, -1.42454748E+01, -1.42346210E+01, -1.42224226E+01, -1.42310934E+01, -1.42174768E+01, -1.42196169E+01, -1.42265911E+01, -1.42257538E+01, -1.42268839E+01
1550.3050000000023, -1.42118397E+01, -1.42056465E+01, -1.42035007E+01, -1.42023382E+01, -1.42029696E+01, -1.42088966E+01, -1.42242737E+01, -1.42293367E+01, -1.42244549E+01, -1.42280445E+01
1550.3100000000024, -1.42008963E+01, -1.42101355E+01, -1.42218838E+01, -1.42331400E+01, -1.42108593E+01, -1.42066975E+01, -1.41940699E+01, -1.41880445E+01, -1.41874685E+01, -1.41827450E+01
1550.3150000000026, -1.42007885E+01, -1.42057943E+01, -1.42034283E+01, -1.41803875E+01, -1.41689425E+01, -1.41699247E+01, -1.41692905E+01, -1.41694613E+01, -1.41731844E+01, -1.41683016E+01
1550.3200000000027, -1.41756287E+01, -1.41731606E+01, -1.41629744E+01, -1.41601505E+01, -1.41589661E+01, -1.41593838E+01, -1.41605291E+01, -1.41580925E+01, -1.41543379E+01, -1.41551256E+01
1550.3250000000028, -1.41494865E+01, -1.41500072E+01, -1.41523991E+01, -1.41556406E+01, -1.41518173E+01, -1.41599960E+01, -1.41521597E+01, -1.41497707E+01, -1.41522303E+01, -1.41475630E+01
1550.3300000000029, -1.41320229E+01, -1.41213551E+01, -1.41218281E+01, -1.41346016E+01, -1.41260958E+01, -1.41240644E+01, -1.41232023E+01, -1.41218710E+01, -1.41238041E+01, -1.41239777E+01
1550.335000000003, -1.41147823E+01, -1.41196518E+01, -1.41127377E+01, -1.41084375E+01, -1.41106148E+01, -1.41090126E+01, -1.41084166E+01, -1.41112013E+01, -1.41124697E+01, -1.41174707E+01
1550.340000000003, -1.41323442E+01, -1.41218853E+01, -1.41182375E+01, -1.41399603E+01, -1.41358395E+01, -1.41320524E+01, -1.41271248E+01, -1.41264839E+01, -1.41282492E+01, -1.41177816E+01
1550.3450000000032, -1.41413479E+01, -1.41270275E+01, -1.41311045E+01, -1.41238909E+01, -1.41259766E+01, -1.41139917E+01, -1.41135826E+01, -1.41148129E+01, -1.41154928E+01, -1.41186972E+01
1550.3500000000033, -1.41391163E+01, -1.41426191E+01, -1.41439657E+01, -1.41508045E+01, -1.41456871E+01, -1.41515350E+01, -1.41574163E+01, -1.41559591E+01, -1.41605749E+01, -1.41509218E+01
1550.3550000000034, -1.41922197E+01, -1.41800194E+01, -1.41754770E+01, -1.41726904E+01, -1.41806288E+01, -1.41755486E+01, -1.41864967E+01, -1.41787720E+01, -1.41824617E+01, -1.41774073E+01
1550.3600000000035, -1.42293015E+01, -1.42271147E+01, -1.42295246E+01, -1.42302341E+01, -1.42300215E+01, -1.42398415E+01, -1.42230139E+01, -1.42215300E+01, -1.42188702E+01, -1.42185125E+01
1550.3650000000036, -1.42578964E+01, -1.42630320E+01, -1.42653971E+01, -1.42641287E+01, -1.42706947E+01, -1.42745543E+01, -1.42669058E+01, -1.42659445E+01, -1.42701683E+01, -1.42673931E+01
1550.3700000000038, -1.43354425E+01, -1.43356686E+01, -1.43358154E+01, -1.43361092E+01, -1.43352365E+01, -1.43417864E+01, -1.43409824E+01, -1.43447561E+01, -1.43422766E+01, -1.43373613E+01
1550.3750000000039, -1.44601126E+01, -1.44490347E+01, -1.44459019E+01, -1.44436893E+01, -1.44430676E+01, -1.44393473E+01, -1.44327097E+01, -1.44319229E+01, -1.44291592E+01, -1.44306164E+01
1550.380000000004, -1.45146885E+01, -1.45163679E+01, -1.45165920E+01, -1.45216255E+01, -1.45333815E+01, -1.45281868E+01, -1.45303183E+01, -1.45224171E+01, -1.45268354E+01, -1.45374317E+01
1550.385000000004, -1.46166162E+01, -1.46125336E+01, -1.46086235E+01, -1.46149263E+01, -1.46161299E+01, -1.46118670E+01, -1.46087894E+01, -1.46070414E+01, -1.46101351E+01, -1.46080389E+01
1550.3900000000042, -1.47184944E+01, -1.47328568E+01, -1.47384586E+01, -1.47276440E+01, -1.47176762E+01, -1.47146940E+01, -1.47079706E+01, -1.47071114E+01, -1.47039461E+01, -1.47076426E+01
1550.3950000000043, -1.47978334E+01, -1.48076248E+01, -1.48012352E+01, -1.48002758E+01, -1.47988129E+01, -1.47990332E+01, -1.48047562E+01, -1.48024263E+01, -1.48057709E+01, -1.48104801E+01
1550.4000000000044, -1.48810539E+01, -1.48812647E+01, -1.48809834E+01, -1.48813295E+01, -1.48783350E+01, -1.48728724E+01, -1.48692665E+01, -1.48723955E+01, -1.48710432E+01, -1.48702345E+01
1550.4050000000045, -1.49212255E+01, -1.49203520E+01, -1.49175711E+01, -1.49217768E+01, -1.49254274E+01, -1.49238243E+01, -1.49279842E+01, -1.49157372E+01, -1.49200344E+01, -1.49192438E+01
1550.4100000000046, -1.49353580E+01, -1.49387465E+01, -1.49354916E+01, -1.49382315E+01, -1.49364529E+01, -1.49367075E+01, -1.49348850E+01, -1.49357176E+01, -1.49395590E+01, -1.49389601E+01
1550.4150000000047, -1.49516792E+01, -1.49480429E+01, -1.49595680E+01, -1.49575863E+01, -1.49529810E+01, -1.49492292E+01, -1.49598322E+01, -1.49484463E+01, -1.49557714E+01, -1.49459982E+01
1550.4200000000048, -1.49566822E+01, -1.49609537E+01, -1.49559422E+01, -1.49535980E+01, -1.49511919E+01, -1.49594946E+01, -1.49562721E+01, -1.49588709E+01, -1.49591703E+01, -1.49675760E+01
1550.425000000005, -1.49703102E+01, -1.49711332E+01, -1.49610481E+01, -1.49670486E+01, -1.49595098E+01, -1.49687376E+01, -1.49675636E+01, -1.49730301E+01, -1.49668264E+01, -1.49695587E+01
1550.430000000005, -1.49907188E+01, -1.49950504E+01, -1.49931383E+01, -1.49891167E+01, -1.49920387E+01, -1.49949360E+01, -1.49894495E+01, -1.49971638E+01, -1.49991293E+01, -1.49886389E+01
1550.4350000000052, -1.50290909E+01, -1.50289898E+01, -1.50252399E+01, -1.50314054E+01, -1.50149593E+01, -1.50188503E+01, -1.50161371E+01, -1.50153790E+01, -1.50190821E+01, -1.50249014E+01
1550.4400000000053, -1.50204821E+01, -1.50289230E+01, -1.50261860E+01, -1.50330582E+01, -1.50197964E+01, -1.50174131E+01, -1.50156174E+01, -1.50222692E+01, -1.50175018E+01, -1.50220299E+01
1550.4450000000054, -1.50321054E+01, -1.50281372E+01, -1.50328074E+01, -1.50323162E+01, -1.50364513E+01, -1.50290260E+01, -1.50354071E+01, -1.50377674E+01, -1.50357761E+01, -1.50406742E+01
1550.4500000000055, -1.49954815E+01, -1.49938860E+01, -1.49956465E+01, -1.49993038E+01, -1.49972992E+01, -1.50016956E+01, -1.49977808E+01, -1.49978371E+01, -1.50015974E+01, -1.49955788E+01
1550.4550000000056, -1.49147997E+01, -1.49066830E+01, -1.49020710E+01, -1.49022703E+01, -1.49044027E+01, -1.49045544E+01, -1.49046936E+01, -1.48981056E+01, -1.49016714E+01, -1.49066381E+01
1550.4600000000057, -1.48094454E+01, -1.48150473E+01, -1.48078680E+01, -1.48084860E+01, -1.48112555E+01, -1.48117867E+01, -1.48110723E+01, -1.48136082E+01, -1.48120365E+01, -1.48101635E+01
1550.4650000000058, -1.47103548E+01, -1.47098408E+01, -1.47139587E+01, -1.47127161E+01, -1.47092819E+01, -1.47085457E+01, -1.47076616E+01, -1.47076797E+01, -1.47101593E+01, -1.47102871E+01
1550.470000000006, -1.45929813E+01, -1.45975676E+01, -1.46074257E+01, -1.46037788E+01, -1.46057005E+01, -1.46008329E+01, -1.45962763E+01, -1.46009350E+01, -1.46064014E+01, -1.46034937E+01
1550.475000000006, -1.45070381E+01, -1.44994583E+01, -1.45097799E+01, -1.45074492E+01, -1.44992256E+01, -1.44944515E+01, -1.44952574E+01, -1.44927464E+01, -1.45028400E+01, -1.44875202E+01
1550.4800000000062, -1.43920660E+01, -1.43932753E+01, -1.43968029E+01, -1.43978243E+01, -1.44061480E+01, -1.44132919E+01, -1.44098358E+01, -1.44107924E+01, -1.44093981E+01, -1.44103270E+01
1550.4850000000063, -1.43307619E+01, -1.43227491E+01, -1.43227654E+01, -1.43145351E+01, -1.43142242E+01, -1.43142738E+01, -1.43109446E+01, -1.43148127E+01, -1.43214006E+01, -1.43275862E+01
1550.4900000000064, -1.42799978E+01, -1.42778568E+01, -1.42669268E+01, -1.42725763E+01, -1.42854662E+01, -1.42841148E+01, -1.42840805E+01, -1.42831602E+01, -1.42889347E+01, -1.43015690E+01
1550.4950000000065, -1.46050262E+01, -1.44536104E+01, -1.43116398E+01, -1.42566633E+01, -1.42419052E+01, -1.42333860E+01, -1.42354918E+01, -1.42380104E+01, -1.42505751E+01, -1.42703533E+01
1550.5000000000066, -1.42077150E+01, -1.42120323E+01, -1.42136908E+01, -1.42106562E+01, -1.42090282E+01, -1.42100430E+01, -1.42061691E+01, -1.42061062E+01, -1.42083302E+01, -1.42118626E+01
1550.5050000000067, -1.42114944E+01, -1.42117004E+01, -1.42117376E+01, -1.42158527E+01, -1.42090607E+01, -1.42042131E+01, -1.41997585E+01, -1.41986227E+01, -1.42051888E+01, -1.42045078E+01
1550.5100000000068, -1.42006063E+01, -1.42041178E+01, -1.42085295E+01, -1.42022562E+01, -1.41997213E+01, -1.41995182E+01, -1.42002792E+01, -1.42015877E+01, -1.42075806E+01, -1.42036572E+01
1550.515000000007, -1.42350998E+01, -1.42486696E+01, -1.42671413E+01, -1.42629318E+01, -1.42514448E+01, -1.42454538E+01, -1.42256088E+01, -1.42203455E+01, -1.42243996E+01, -1.42198143E+01
1550.520000000007, -1.42200584E+01, -1.42172089E+01, -1.42185926E+01, -1.42183418E+01, -1.42211590E+01, -1.42195234E+01, -1.42201815E+01, -1.42168541E+01, -1.42169056E+01, -1.42181616E+01
1550.5250000000071, -1.42413235E+01, -1.42406158E+01, -1.42443581E+01, -1.42530804E+01, -1.42454233E+01, -1.42416077E+01, -1.42446175E+01, -1.42391224E+01, -1.42395077E+01, -1.42373705E+01
1550.5300000000072, -1.42733145E+01, -1.42688160E+01, -1.42736483E+01, -1.42696190E+01, -1.42663078E+01, -1.42698774E+01, -1.42674437E+01, -1.42768612E+01, -1.42723665E+01, -1.42831583E+01
1550.5350000000074, -1.42861710E+01, -1.42834702E+01, -1.42767038E+01, -1.42713346E+01, -1.42628498E+01, -1.42606306E+01, -1.42603998E+01, -1.42631521E+01, -1.42623301E+01, -1.42646856E+01
1550.5400000000075, -1.42893133E+01, -1.43078699E+01, -1.43187332E+01, -1.43161745E+01, -1.43061829E+01, -1.42941360E+01, -1.42944918E+01, -1.42898827E+01, -1.42756624E+01, -1.42728863E+01
1550.5450000000076, -1.42790070E+01, -1.42799444E+01, -1.42881708E+01, -1.42918167E+01, -1.42853975E+01, -1.42867947E+01, -1.42974634E+01, -1.43047161E+01, -1.43067732E+01, -1.43039942E+01
1550.5500000000077, -1.42832079E+01, -1.42873011E+01, -1.42857504E+01, -1.42884445E+01, -1.42961769E+01, -1.42943459E+01, -1.43133783E+01, -1.43153725E+01, -1.43232145E+01, -1.43161726E+01
1550.5550000000078, -1.43076000E+01, -1.42944784E+01, -1.42899103E+01, -1.42860031E+01, -1.42813940E+01, -1.42812901E+01, -1.42879448E+01, -1.42936602E+01, -1.43100433E+01, -1.43168945E+01
1550.560000000008, -1.42875175E+01, -1.42710295E+01, -1.42709885E+01, -1.42720041E+01, -1.42699041E+01, -1.42712507E+01, -1.42724247E+01, -1.42725201E+01, -1.42762556E+01, -1.42832680E+01
1550.565000000008, -1.42602758E+01, -1.42601595E+01, -1.42656822E+01, -1.42824955E+01, -1.42974691E+01, -1.42859049E+01, -1.42812004E+01, -1.42768431E+01, -1.42737274E+01, -1.42656260E+01
1550.5700000000081, -1.42448692E+01, -1.42415800E+01, -1.42450819E+01, -1.42411108E+01, -1.42608032E+01, -1.42755995E+01, -1.43045130E+01, -1.43105946E+01, -1.42971640E+01, -1.42892628E+01
1550.5750000000082, -1.42395058E+01, -1.42275639E+01, -1.42272854E+01, -1.42203026E+01, -1.42235794E+01, -1.42251396E+01, -1.42405281E+01, -1.42516832E+01, -1.42421112E+01, -1.42428417E+01
1550.5800000000083, -1.41892023E+01, -1.41798677E+01, -1.41800699E+01, -1.41782246E+01, -1.41765518E+01, -1.41749134E+01, -1.41817045E+01, -1.41806545E+01, -1.41816206E+01, -1.41831026E+01
1550.5850000000084, -1.41555624E+01, -1.41514673E+01, -1.41462631E+01, -1.41450071E+01, -1.41490993E+01, -1.41445618E+01, -1.41478682E+01, -1.41485043E+01, -1.41490536E+01, -1.41482344E+01
1550.5900000000086, -1.41339102E+01, -1.41361980E+01, -1.41345425E+01, -1.41292391E+01, -1.41205902E+01, -1.41209631E+01, -1.41218643E+01, -1.41316080E+01, -1.41390562E+01, -1.41356621E+01
1550.5950000000087, -1.40932417E+01, -1.40956278E+01, -1.41051455E+01, -1.40930605E+01, -1.40913801E+01, -1.40916862E+01, -1.40924406E+01, -1.40860796E+01, -1.40895596E+01, -1.40951166E+01
1550.6000000000088, -1.40373087E+01, -1.40366859E+01, -1.40371437E+01, -1.40367155E+01, -1.40374775E+01, -1.40362167E+01, -1.40369177E+01, -1.40394764E+01, -1.40472565E+01, -1.40515575E+01
1552.475, -1.34286909E+01, -1.34403334E+01, -1.34418373E+01, -1.34337244E+01, -1.34254417E+01, -1.34291620E+01, -1.34279985E+01, -1.34357548E+01, -1.34331846E+01, -1.34330873E+01
1552.48, -1.34517946E+01, -1.34529552E+01, -1.34489822E+01, -1.34503345E+01, -1.34493589E+01, -1.34534283E+01, -1.34575987E+01, -1.34536810E+01, -1.34535437E+01, -1.34588852E+01
1552.4850000000001, -1.34857273E+01, -1.34828033E+01, -1.34886799E+01, -1.34905529E+01, -1.34843922E+01, -1.34915371E+01, -1.34896832E+01, -1.34952765E+01, -1.34904737E+01, -1.34971323E+01
1552.4900000000002, -1.35313931E+01, -1.35327511E+01, -1.35219879E+01, -1.35290594E+01, -1.35282125E+01, -1.35150166E+01, -1.35215368E+01, -1.35223532E+01, -1.35241404E+01, -1.35209188E+01
1552.4950000000003, -1.35617762E+01, -1.35649805E+01, -1.35711269E+01, -1.35690708E+01, -1.35692806E+01, -1.35687532E+01, -1.35670147E+01, -1.35746479E+01, -1.35626183E+01, -1.35578117E+01
1552.5000000000005, -1.36023321E+01, -1.36142206E+01, -1.36155968E+01, -1.36099167E+01, -1.36122856E+01, -1.36201477E+01, -1.36251259E+01, -1.36155167E+01, -1.36139202E+01, -1.36156769E+01
1552.5050000000006, -1.36493092E+01, -1.36453152E+01, -1.36518202E+01, -1.36447887E+01, -1.36443338E+01, -1.36439104E+01, -1.36448603E+01, -1.36479940E+01, -1.36517706E+01, -1.36559429E+01
1552.5100000000007, -1.36960945E+01, -1.36937227E+01, -1.36963491E+01, -1.36899519E+01, -1.36910543E+01, -1.36934147E+01, -1.36878996E+01, -1.36883383E+01, -1.36900244E+01, -1.36911783E+01
1552.5150000000008, -1.37577820E+01, -1.37502899E+01, -1.37405863E+01, -1.37337503E+01, -1.37309446E+01, -1.37329569E+01, -1.37307291E+01, -1.37272768E+01, -1.37274094E+01, -1.37323475E+01
1552.520000000001, -1.37711649E+01, -1.37695723E+01, -1.37776928E+01, -1.37752142E+01, -1.37718725E+01, -1.37700615E+01, -1.37655907E+01, -1.37674618E+01, -1.37651138E+01, -1.37680540E+01
1552.525000000001, -1.38002844E+01, -1.38052216E+01, -1.38096800E+01, -1.38116026E+01, -1.38076344E+01, -1.38153858E+01, -1.38171091E+01, -1.38144913E+01, -1.38122234E+01, -1.38178043E+01
1552.530000000001, -1.38294306E+01, -1.38361654E+01, -1.38507128E+01, -1.38667040E+01, -1.38627701E+01, -1.38637600E+01, -1.38533001E+01, -1.38453016E+01, -1.38350677E+01, -1.38331242E+01
1552.5350000000012, -1.38668633E+01, -1.38547964E+01, -1.38552313E+01, -1.38539581E+01, -1.38636408E+01, -1.38749561E+01, -1.38825712E+01, -1.38841629E+01, -1.38713665E+01, -1.38593798E+01
1552.5400000000013, -1.38865871E+01, -1.38751478E+01, -1.38667355E+01, -1.38653736E+01, -1.38717480E+01, -1.38685551E+01, -1.38669481E+01, -1.38679066E+01, -1.38663721E+01, -1.38680325E+01
1552.5450000000014, -1.38877525E+01, -1.38818350E+01, -1.38778553E+01, -1.38751469E+01, -1.38843660E+01, -1.38893347E+01, -1.38958626E+01, -1.38922968E+01, -1.38881807E+01, -1.38925657E+01
1552.5500000000015, -1.39386854E+01, -1.39269114E+01, -1.39101715E+01, -1.39090652E+01, -1.39079800E+01, -1.38991508E+01, -1.38972864E+01, -1.38922329E+01, -1.38950377E+01, -1.38992910E+01
1552.5550000000017, -1.39087324E+01, -1.39102468E+01, -1.39109993E+01, -1.39202509E+01, -1.39277201E+01, -1.39443760E+01, -1.39448309E+01, -1.39392452E+01, -1.39197350E+01, -1.39208431E+01
1552.5600000000018, -1.39535952E+01, -1.39521370E+01, -1.39554472E+01, -1.39562092E+01, -1.39629097E+01, -1.39667349E+01, -1.39610806E+01, -1.39647121E+01, -1.39725771E+01, -1.39587803E+01
1552.5650000000019, -1.40065956E+01, -1.40002451E+01, -1.39978857E+01, -1.39990511E+01, -1.39972572E+01, -1.40039883E+01, -1.40103645E+01, -1.40228186E+01, -1.40261240E+01, -1.40214510E+01
1552.570000000002, -1.40927467E+01, -1.41013298E+01, -1.40989161E+01, -1.41045408E+01, -1.41177654E+01, -1.41177616E+01, -1.41069880E+01, -1.40967045E+01, -1.40924196E+01, -1.40915251E+01
1552.575000000002, -1.42196779E+01, -1.42289467E+01, -1.42432909E+01, -1.42406445E+01, -1.42382660E+01, -1.42390604E+01, -1.42340202E+01, -1.42285662E+01, -1.42255230E+01, -1.42260246E+01
1552.5800000000022, -1.43543224E+01, -1.43652620E+01, -1.43779335E+01, -1.43771267E+01, -1.43833075E+01, -1.43826609E+01, -1.43799067E+01, -1.43704090E+01, -1.43618612E+01, -1.43580332E+01
1552.5850000000023, -1.45187473E+01, -1.45296459E+01, -1.45380545E+01, -1.45497208E+01, -1.45464382E+01, -1.45372248E+01, -1.45274010E+01, -1.45174809E+01, -1.45186930E+01, -1.45159235E+01
1552.5900000000024, -1.46009951E+01, -1.45925455E+01, -1.45902910E+01, -1.45889025E+01, -1.45932550E+01, -1.45964689E+01, -1.46044836E+01, -1.46213913E+01, -1.46249065E+01, -1.46239624E+01
1552.5950000000025, -1.46088190E+01, -1.46146278E+01, -1.46169405E+01, -1.46114225E+01, -1.46194162E+01, -1.46213675E+01, -1.46116266E+01, -1.46129847E+01, -1.46113968E+01, -1.46090641E+01
1552.6000000000026, -1.45352678E+01, -1.45318174E+01, -1.45324440E+01, -1.45332479E+01, -1.45335417E+01, -1.45425396E+01, -1.45420923E+01, -1.45475988E+01, -1.45567904E+01, -1.45567141E+01
1552.6050000000027, -1.44221640E+01, -1.44102898E+01, -1.43988047E+01, -1.43984671E+01, -1.43946486E+01, -1.43880854E+01, -1.43805199E+01, -1.43801470E+01, -1.43857965E+01, -1.43923454E+01
1552.6100000000029, -1.42565174E+01, -1.42529917E+01, -1.42518454E+01, -1.42586956E+01, -1.42734604E+01, -1.42615232E+01, -1.42624607E+01, -1.42560310E+01, -1.42504835E+01, -1.42457809E+01
1552.615000000003, -1.41283321E+01, -1.41230860E+01, -1.41180906E+01, -1.41160889E+01, -1.41156826E+01, -1.41162176E+01, -1.41166105E+01, -1.41205349E+01, -1.41246243E+01, -1.41335726E+01
1552.620000000003, -1.40392799E+01, -1.40438976E+01, -1.40433311E+01, -1.40520229E+01, -1.40512247E+01, -1.40416059E+01, -1.40411863E+01, -1.40483427E+01, -1.40416574E+01, -1.40292149E+01
1552.6250000000032, -1.40034714E+01, -1.40052519E+01, -1.39895067E+01, -1.39837990E+01, -1.39791555E+01, -1.39736624E+01, -1.39676905E+01, -1.39748020E+01, -1.39739227E+01, -1.39725599E+01
1552.6300000000033, -1.39420195E+01, -1.39458704E+01, -1.39518051E+01, -1.39607935E+01, -1.39662266E+01, -1.39597807E+01, -1.39573145E+01, -1.39517431E+01, -1.39497395E+01, -1.39482937E+01
1552.6350000000034, -1.39664631E+01, -1.39646130E+01, -1.39517384E+01, -1.39421749E+01, -1.39414062E+01, -1.39458065E+01, -1.39490728E+01, -1.39504728E+01, -1.39412956E+01, -1.39449949E+01
1552.6400000000035, -1.39195251E+01, -1.39216518E+01, -1.39203873E+01, -1.39209309E+01, -1.39215384E+01, -1.39241133E+01, -1.39258413E+01, -1.39275284E+01, -1.39378242E+01, -1.39420242E+01
1552.6450000000036, -1.39252872E+01, -1.39247818E+01, -1.39199524E+01, -1.39210892E+01, -1.39296494E+01, -1.39390907E+01, -1.39443960E+01, -1.39364805E+01, -1.39311142E+01, -1.39308386E+01
1552.6500000000037, -1.39200592E+01, -1.39185705E+01, -1.39265528E+01, -1.39258585E+01, -1.39270258E+01, -1.39249668E+01, -1.39164944E+01, -1.39138632E+01, -1.39105692E+01, -1.39127855E+01
1552.6550000000038, -1.39093256E+01, -1.39073610E+01, -1.39068499E+01, -1.39059572E+01, -1.38999157E+01, -1.39020243E+01, -1.39051075E+01, -1.39052458E+01, -1.39034052E+01, -1.39033880E+01
1552.660000000004, -1.38901749E+01, -1.39003716E+01, -1.38970613E+01, -1.39000216E+01, -1.38943720E+01, -1.39019089E+01, -1.38980322E+01, -1.38943624E+01, -1.38990040E+01, -1.38904438E+01
1552.665000000004, -1.38736286E+01, -1.38796978E+01, -1.38826246E+01, -1.38912563E+01, -1.38889723E+01, -1.38787642E+01, -1.38778687E+01, -1.38727293E+01, -1.38775721E+01, -1.38783188E+01
1552.6700000000042, -1.38437757E+01, -1.38467560E+01, -1.38499146E+01, -1.38554144E+01, -1.38543940E+01, -1.38519135E+01, -1.38512564E+01, -1.38542624E+01, -1.38536520E+01, -1.38621235E+01
1552.6750000000043, -1.38324194E+01, -1.38404293E+01, -1.38405638E+01, -1.38362188E+01, -1.38410263E+01, -1.38449240E+01, -1.38347158E+01, -1.38303785E+01, -1.38278465E+01, -1.38247414E+01
1552.6800000000044, -1.37958736E+01, -1.38007021E+01, -1.38024607E+01, -1.38052931E+01, -1.38083448E+01, -1.38173494E+01, -1.38181982E+01, -1.38186054E+01, -1.38170338E+01, -1.38138733E+01
1552.6850000000045, -1.37764521E+01, -1.37678041E+01, -1.37632513E+01, -1.37648888E+01, -1.37655334E+01, -1.37748470E+01, -1.37852793E+01, -1.38005619E+01, -1.37904558E+01, -1.37814999E+01
1552.6900000000046, -1.37285118E+01, -1.37318516E+01, -1.37363472E+01, -1.37379589E+01, -1.37418423E+01, -1.37480431E+01, -1.37468309E+01, -1.37379656E+01, -1.37384968E+01, -1.37358685E+01
1552.6950000000047, -1.37092152E+01, -1.37089396E+01, -1.37041035E+01, -1.37008104E+01, -1.36989737E+01, -1.36951036E+01, -1.36947422E+01, -1.37068787E+01, -1.37004662E+01, -1.37018347E+01
1552.7000000000048, -1.36821184E+01, -1.36678457E+01, -1.36704521E+01, -1.36820793E+01, -1.36788454E+01, -1.36772432E+01, -1.36673231E+01, -1.36646004E+01, -1.36618347E+01, -1.36657171E+01
1552.705000000005, -1.36440630E+01, -1.36465302E+01, -1.36454659E+01, -1.36449604E+01, -1.36442690E+01, -1.36433544E+01, -1.36518230E+01, -1.36494932E+01, -1.36426573E+01, -1.36427088E+01
1552.710000000005, -1.36210709E+01, -1.36245108E+01, -1.36269398E+01, -1.36266651E+01, -1.36349268E+01, -1.36298666E+01, -1.36314135E+01, -1.36310959E+01, -1.36238108E+01, -1.36218786E+01
1552.7150000000051, -1.36235991E+01, -1.36402760E+01, -1.36351843E+01, -1.36250725E+01, -1.36109362E+01, -1.36022816E+01, -1.36006613E+01, -1.35999975E+01, -1.36023779E+01, -1.36084051E+01
1552.7200000000053, -1.35859661E+01, -1.35880146E+01, -1.35847607E+01, -1.35902319E+01, -1.35990553E+01, -1.35984707E+01, -1.36000195E+01, -1.36003084E+01, -1.35918236E+01, -1.35945415E+01
1552.7250000000054, -1.35859556E+01, -1.35809374E+01, -1.35757418E+01, -1.35772295E+01, -1.35792284E+01, -1.35796795E+01, -1.35841589E+01, -1.35908136E+01, -1.35923872E+01, -1.35941200E+01
1552.7300000000055, -1.35866289E+01, -1.35778894E+01, -1.35737867E+01, -1.35722361E+01, -1.35675478E+01, -1.35650997E+01, -1.35636854E+01, -1.35636406E+01, -1.35711145E+01, -1.35797949E+01
1552.7350000000056, -1.35689001E+01, -1.35672340E+01, -1.35689468E+01, -1.35792255E+01, -1.35899267E+01, -1.35903072E+01, -1.35861969E+01, -1.35809507E+01, -1.35752316E+01, -1.35807228E+01
1552.7400000000057, -1.35871811E+01, -1.35875597E+01, -1.35903492E+01, -1.35848122E+01, -1.35946131E+01, -1.35895958E+01, -1.35831099E+01, -1.35831861E+01, -1.35828104E+01, -1.35818386E+01
1552.7450000000058, -1.35932293E+01, -1.35929089E+01, -1.35991545E+01, -1.36071339E+01, -1.36136427E+01, -1.36179905E+01, -1.36056871E+01, -1.35996771E+01, -1.35923204E+01, -1.35948925E+01
1552.750000000006, -1.36071510E+01, -1.36078672E+01, -1.36057053E+01, -1.36045160E+01, -1.36093884E+01, -1.36097651E+01, -1.36131630E+01, -1.36175308E+01, -1.36216478E+01, -1.36166143E+01
1552.755000000006, -1.36225719E+01, -1.36233616E+01, -1.36293850E+01, -1.36291113E+01, -1.36231165E+01, -1.36299448E+01, -1.36260147E+01, -1.36255169E+01, -1.36220942E+01, -1.36231680E+01
1552.7600000000061, -1.36546822E+01, -1.36504002E+01, -1.36415024E+01, -1.36400938E+01, -1.36445589E+01, -1.36509914E+01, -1.36443529E+01, -1.36402512E+01, -1.36366167E+01, -1.36371965E+01
1552.7650000000062, -1.36675596E+01, -1.36608677E+01, -1.36563616E+01, -1.36533632E+01, -1.36522636E+01, -1.36516590E+01, -1.36520662E+01, -1.36521902E+01, -1.36515894E+01, -1.36546001E+01
1552.7700000000063, -1.36861343E+01, -1.36809559E+01, -1.36783533E+01, -1.36755085E+01, -1.36739817E+01, -1.36738901E+01, -1.36715031E+01, -1.36718559E+01, -1.36729126E+01, -1.36791668E+01
1552.7750000000065, -1.37036390E+01, -1.37023630E+01, -1.37000160E+01, -1.36988230E+01, -1.37005758E+01, -1.36976233E+01, -1.37014418E+01, -1.37021313E+01, -1.37077150E+01, -1.37089748E+01
1552.7800000000066, -1.37233171E+01, -1.37235756E+01, -1.37288113E+01, -1.37231312E+01, -1.37233839E+01, -1.37259293E+01, -1.37346401E+01, -1.37434454E+01, -1.37402697E+01, -1.37358198E+01
1552.7850000000067, -1.37438831E+01, -1.37506685E+01, -1.37592649E+01, -1.37640400E+01, -1.37644520E+01, -1.37539864E+01, -1.37574797E+01, -1.37568216E+01, -1.37528868E+01, -1.37438498E+01
1552.7900000000068, -1.37759542E+01, -1.37806950E+01, -1.37772913E+01, -1.37728157E+01, -1.37776804E+01, -1.37759628E+01, -1.37672596E+01, -1.37754335E+01, -1.37733221E+01, -1.37757063E+01
1552.795000000007, -1.37888718E+01, -1.37878799E+01, -1.37900190E+01, -1.37967596E+01, -1.37930269E+01, -1.37854471E+01, -1.37822418E+01, -1.37793865E+01, -1.37802429E+01, -1.37843857E+01
1552.800000000007, -1.38007498E+01, -1.38102722E+01, -1.38058662E+01, -1.38109627E+01, -1.38019037E+01, -1.37957973E+01, -1.37984715E+01, -1.37998924E+01, -1.38008709E+01, -1.38052454E+01
1552.805000000007, -1.38328333E+01, -1.38352566E+01, -1.38316164E+01, -1.38273611E+01, -1.38267164E+01, -1.38226900E+01, -1.38241167E+01, -1.38180170E+01, -1.38168087E+01, -1.38174314E+01
1552.8100000000072, -1.38384676E+01, -1.38384581E+01, -1.38317890E+01, -1.38336639E+01, -1.38342972E+01, -1.38393860E+01, -1.38333626E+01, -1.38361292E+01, -1.38355827E+01, -1.38387613E+01
1552.8150000000073, -1.38358393E+01, -1.38345041E+01, -1.38354387E+01, -1.38403091E+01, -1.38465185E+01, -1.38556013E+01, -1.38495436E+01, -1.38377628E+01, -1.38501253E+01, -1.38530416E+01
1552.8200000000074, -1.38369026E+01, -1.38369122E+01, -1.38341970E+01, -1.38494511E+01, -1.38377485E+01, -1.38300438E+01, -1.38277731E+01, -1.38287840E+01, -1.38287764E+01, -1.38303013E+01
1552.8250000000075, -1.38447914E+01, -1.38355131E+01, -1.38332596E+01, -1.38371468E+01, -1.38299456E+01, -1.38288116E+01, -1.38222275E+01, -1.38200045E+01, -1.38201180E+01, -1.38191929E+01
1552.8300000000077, -1.38341265E+01, -1.38317108E+01, -1.38344994E+01, -1.38309841E+01, -1.38383074E+01, -1.38316450E+01, -1.38307266E+01, -1.38226051E+01, -1.38294373E+01, -1.38268147E+01
1552.8350000000078, -1.38185101E+01, -1.38206968E+01, -1.38203812E+01, -1.38237095E+01, -1.38277750E+01, -1.38300228E+01, -1.38300819E+01, -1.38302746E+01, -1.38332405E+01, -1.38352365E+01
1552.8400000000079, -1.38209944E+01, -1.38163710E+01, -1.38169203E+01, -1.38129339E+01, -1.38175278E+01, -1.38177681E+01, -1.38180189E+01, -1.38191261E+01, -1.38167524E+01, -1.38203869E+01
1552.845000000008, -1.38097773E+01, -1.38121519E+01, -1.38152580E+01, -1.38236980E+01, -1.38202991E+01, -1.38193655E+01, -1.38157387E+01, -1.38132286E+01, -1.38179951E+01, -1.38193417E+01
1552.850000000008, -1.37965565E+01, -1.37917709E+01, -1.37925825E+01, -1.37981882E+01, -1.38023109E+01, -1.38058596E+01, -1.38128395E+01, -1.38089628E+01, -1.38109598E+01, -1.38083982E+01
1552.8550000000082, -1.37756243E+01, -1.37759085E+01, -1.37792978E+01, -1.37836094E+01, -1.37825422E+01, -1.37843876E+01, -1.37877235E+01, -1.37856932E+01, -1.37865591E+01, -1.37962112E+01
1552.8600000000083, -1.37645454E+01, -1.37643137E+01, -1.37700386E+01, -1.37696705E+01, -1.37746792E+01, -1.37762890E+01, -1.37759666E+01, -1.37786055E+01, -1.37797613E+01, -1.37791147E+01
1552.8650000000084, -1.37434740E+01, -1.37518883E+01, -1.37628803E+01, -1.37682476E+01, -1.37656202E+01, -1.37576399E+01, -1.37504921E+01, -1.37469473E+01, -1.37455378E+01, -1.37498531E+01
1552.8700000000085, -1.37260733E+01, -1.37242622E+01, -1.37241144E+01, -1.37313890E+01, -1.37297773E+01, -1.37367201E+01, -1.37513590E+01, -1.37545834E+01, -1.37240086E+01, -1.37182112E+01
1552.8750000000086, -1.36919870E+01, -1.36938553E+01, -1.36996059E+01, -1.37137318E+01, -1.37091608E+01, -1.37087975E+01, -1.37042379E+01, -1.36981373E+01, -1.36973524E+01, -1.36926689E+01
1552.8800000000087, -1.37014980E+01, -1.36936655E+01, -1.36911783E+01, -1.36861324E+01, -1.36910162E+01, -1.36846962E+01, -1.36879768E+01, -1.36931314E+01, -1.36946259E+01, -1.36956367E+01
1554.955, -1.41302452E+01, -1.41321554E+01, -1.41272106E+01, -1.41289158E+01, -1.41313257E+01, -1.41306143E+01, -1.41341133E+01, -1.41369181E+01, -1.41348572E+01, -1.41360579E+01
1554.96, -1.41436472E+01, -1.41467085E+01, -1.41431141E+01, -1.41407118E+01, -1.41400642E+01, -1.41392994E+01, -1.41409817E+01, -1.41409540E+01, -1.41441345E+01, -1.41433783E+01
1554.9650000000001, -1.41337633E+01, -1.41317368E+01, -1.41372213E+01, -1.41373682E+01, -1.41363173E+01, -1.41318445E+01, -1.41334219E+01, -1.41300459E+01, -1.41276417E+01, -1.41263943E+01
1554.9700000000003, -1.41278877E+01, -1.41293755E+01, -1.41312008E+01, -1.41272287E+01, -1.41284704E+01, -1.41231050E+01, -1.41249857E+01, -1.41214333E+01, -1.41200781E+01, -1.41230564E+01
1554.9750000000004, -1.41214676E+01, -1.41156368E+01, -1.41121893E+01, -1.41118002E+01, -1.41168861E+01, -1.41163025E+01, -1.41112261E+01, -1.41103468E+01, -1.41099672E+01, -1.41096630E+01
1554.9800000000005, -1.41003599E+01, -1.41044121E+01, -1.41034002E+01, -1.41038380E+01, -1.41024294E+01, -1.41035891E+01, -1.41040945E+01, -1.41030674E+01, -1.41010256E+01, -1.41024094E+01
1554.9850000000006, -1.40989704E+01, -1.41000099E+01, -1.41032238E+01, -1.41067123E+01, -1.41088572E+01, -1.41082020E+01, -1.41124182E+01, -1.41073418E+01, -1.41057796E+01, -1.41104946E+01
1554.9900000000007, -1.40719891E+01, -1.40760546E+01, -1.40741415E+01, -1.40703230E+01, -1.40737925E+01, -1.40739689E+01, -1.40754118E+01, -1.40729399E+01, -1.40731335E+01, -1.40761366E+01
1554.9950000000008, -1.40769711E+01, -1.40721998E+01, -1.40750399E+01, -1.40743494E+01, -1.40733080E+01, -1.40700016E+01, -1.40714827E+01, -1.40685873E+01, -1.40705585E+01, -1.40712576E+01
1555.000000000001, -1.40267096E+01, -1.40253477E+01, -1.40220251E+01, -1.40388584E+01, -1.40277395E+01, -1.40267868E+01, -1.40236778E+01, -1.40249214E+01, -1.40228415E+01, -1.40237226E+01
1555.005000000001, -1.39996643E+01, -1.39976997E+01, -1.40008678E+01, -1.40078087E+01, -1.40021353E+01, -1.40052271E+01, -1.40045700E+01, -1.40083361E+01, -1.40096493E+01, -1.40054379E+01
1555.0100000000011, -1.39770403E+01, -1.39748392E+01, -1.39769020E+01, -1.39747629E+01, -1.39762383E+01, -1.39761696E+01, -1.39744329E+01, -1.39721298E+01, -1.39750452E+01, -1.39769993E+01
1555.0150000000012, -1.39571018E+01, -1.39597006E+01, -1.39586849E+01, -1.39591389E+01, -1.39591074E+01, -1.39572439E+01, -1.39564476E+01, -1.39573011E+01, -1.39558620E+01, -1.39559383E+01
1555.0200000000013, -1.39411392E+01, -1.39398479E+01, -1.39406033E+01, -1.39379387E+01, -1.39388618E+01, -1.39379082E+01, -1.39416838E+01, -1.39403973E+01, -1.39402056E+01, -1.39403028E+01
1555.0250000000015, -1.39252119E+01, -1.39375334E+01, -1.39309626E+01, -1.39285345E+01, -1.39269981E+01, -1.39296618E+01, -1.39274197E+01, -1.39229441E+01, -1.39214468E+01, -1.39330950E+01
1555.0300000000016, -1.39175367E+01, -1.39217148E+01, -1.39203701E+01, -1.39193115E+01, -1.39201937E+01, -1.39170227E+01, -1.39205503E+01, -1.39198065E+01, -1.39207172E+01, -1.39230204E+01
1555.0350000000017, -1.39211063E+01, -1.39139013E+01, -1.39132214E+01, -1.39119873E+01, -1.39113932E+01, -1.39144211E+01, -1.39134712E+01, -1.39126396E+01, -1.39116554E+01, -1.39120188E+01
1555.0400000000018, -1.39077215E+01, -1.39080372E+01, -1.39163160E+01, -1.39103022E+01, -1.39115906E+01, -1.39077682E+01, -1.39079466E+01, -1.39090166E+01, -1.39095993E+01, -1.39095259E+01
1555.045000000002, -1.39157534E+01, -1.39141951E+01, -1.39177294E+01, -1.39172106E+01, -1.39140472E+01, -1.39156027E+01, -1.39116192E+01, -1.39116096E+01, -1.39068117E+01, -1.39069500E+01
1555.050000000002, -1.39183502E+01, -1.39179468E+01, -1.39165592E+01, -1.39184179E+01, -1.39199667E+01, -1.39196978E+01, -1.39206133E+01, -1.39174585E+01, -1.39196281E+01, -1.39207163E+01
1555.055000000002, -1.39325361E+01, -1.39326963E+01, -1.39309034E+01, -1.39340162E+01, -1.39344997E+01, -1.39389954E+01, -1.39395819E+01, -1.39357796E+01, -1.39376078E+01, -1.39385443E+01
1555.0600000000022, -1.39574537E+01, -1.39515247E+01, -1.39493008E+01, -1.39506283E+01, -1.39511251E+01, -1.39491816E+01, -1.39488811E+01, -1.39491367E+01, -1.39502068E+01, -1.39501438E+01
1555.0650000000023, -1.39739103E+01, -1.39731436E+01, -1.39740028E+01, -1.39736004E+01, -1.39736404E+01, -1.39731903E+01, -1.39706125E+01, -1.39715042E+01, -1.39731035E+01, -1.39723577E+01
1555.0700000000024, -1.40643826E+01, -1.40869331E+01, -1.41118021E+01, -1.40901976E+01, -1.40642443E+01, -1.40391750E+01, -1.40333376E+01, -1.40098495E+01, -1.39937267E+01, -1.39954367E+01
1555.0750000000025, -1.40240803E+01, -1.40228539E+01, -1.40243149E+01, -1.40241823E+01, -1.40254822E+01, -1.40263033E+01, -1.40266199E+01, -1.40257435E+01, -1.40255766E+01, -1.40244217E+01
1555.0800000000027, -1.40598373E+01, -1.40537529E+01, -1.40560865E+01, -1.40532780E+01, -1.40529985E+01, -1.40502996E+01, -1.40546074E+01, -1.40538168E+01, -1.40525398E+01, -1.40514727E+01
1555.0850000000028, -1.40767441E+01, -1.40750504E+01, -1.40775280E+01, -1.40751104E+01, -1.40791159E+01, -1.40797110E+01, -1.40844660E+01, -1.40821810E+01, -1.40812206E+01, -1.40803318E+01
1555.0900000000029, -1.41096239E+01, -1.41055622E+01, -1.41078062E+01, -1.41060610E+01, -1.41068287E+01, -1.41102571E+01, -1.41068506E+01, -1.41080322E+01, -1.41128979E+01, -1.41121721E+01
1555.095000000003, -1.41356955E+01, -1.41363544E+01, -1.41334066E+01, -1.41332436E+01, -1.41345177E+01, -1.41322231E+01, -1.41327095E+01, -1.41301861E+01, -1.41308994E+01, -1.41340666E+01
1555.100000000003, -1.41486807E+01, -1.41484127E+01, -1.41499701E+01, -1.41476393E+01, -1.41468201E+01, -1.41467886E+01, -1.41478148E+01, -1.41525602E+01, -1.41504354E+01, -1.41513863E+01
1555.1050000000032, -1.41708307E+01, -1.41694918E+01, -1.41717005E+01, -1.41701822E+01, -1.41728973E+01, -1.41739016E+01, -1.41761589E+01, -1.41748724E+01, -1.41788197E+01, -1.41782207E+01
1555.1100000000033, -1.41983356E+01, -1.41974449E+01, -1.41984758E+01, -1.41968594E+01, -1.41987133E+01, -1.42001801E+01, -1.42008276E+01, -1.41972485E+01, -1.42016783E+01, -1.41993256E+01
1555.1150000000034, -1.42131500E+01, -1.42140484E+01, -1.42162991E+01, -1.42140751E+01, -1.42143221E+01, -1.42152262E+01, -1.42158861E+01, -1.42168198E+01, -1.42179928E+01, -1.42159033E+01
1555.1200000000035, -1.42306881E+01, -1.42282066E+01, -1.42284002E+01, -1.42291708E+01, -1.42299147E+01, -1.42251110E+01, -1.42267084E+01, -1.42273788E+01, -1.42315626E+01, -1.42277422E+01
1555.1250000000036, -1.42307405E+01, -1.42298985E+01, -1.42309637E+01, -1.42301435E+01, -1.42301521E+01, -1.42351990E+01, -1.42381296E+01, -1.42322693E+01, -1.42293463E+01, -1.42260504E+01
1555.1300000000037, -1.42283726E+01, -1.42285147E+01, -1.42266111E+01, -1.42287340E+01, -1.42259254E+01, -1.42221861E+01, -1.42205019E+01, -1.42240896E+01, -1.42258291E+01, -1.42282534E+01
1555.1350000000039, -1.42236509E+01, -1.42226648E+01, -1.42237806E+01, -1.42237244E+01, -1.42247410E+01, -1.42230444E+01, -1.42240610E+01, -1.42213163E+01, -1.42228689E+01, -1.42232761E+01
1555.140000000004, -1.42139244E+01, -1.42160215E+01, -1.42140198E+01, -1.42144051E+01, -1.42149849E+01, -1.42157869E+01, -1.42141809E+01, -1.42160892E+01, -1.42198553E+01, -1.42204638E+01
1555.145000000004, -1.42046375E+01, -1.42044849E+01, -1.42094851E+01, -1.42083340E+01, -1.42064896E+01, -1.42080889E+01, -1.42118893E+01, -1.42117386E+01, -1.42089205E+01, -1.42091970E+01
1555.1500000000042, -1.41833649E+01, -1.41813354E+01, -1.41794825E+01, -1.41821995E+01, -1.41815567E+01, -1.41810722E+01, -1.41820135E+01, -1.41861382E+01, -1.41868649E+01, -1.41860361E+01
1555.1550000000043, -1.41609888E+01, -1.41626453E+01, -1.41653767E+01, -1.41666737E+01, -1.41633444E+01, -1.41640911E+01, -1.41662827E+01, -1.41664085E+01, -1.41619148E+01, -1.41620712E+01
1555.1600000000044, -1.41435614E+01, -1.41413937E+01, -1.41415224E+01, -1.41387167E+01, -1.41394243E+01, -1.41365852E+01, -1.41356411E+01, -1.41312799E+01, -1.41329632E+01, -1.41330462E+01
1555.1650000000045, -1.41090479E+01, -1.41065302E+01, -1.41079350E+01, -1.41090202E+01, -1.41078444E+01, -1.41047440E+01, -1.41073828E+01, -1.41051340E+01, -1.41049414E+01, -1.41056185E+01
1555.1700000000046, -1.40831718E+01, -1.40848341E+01, -1.40866795E+01, -1.40847969E+01, -1.40816784E+01, -1.40801888E+01, -1.40828590E+01, -1.40878487E+01, -1.40871019E+01, -1.40817356E+01
1555.1750000000047, -1.40451689E+01, -1.40457411E+01, -1.40463266E+01, -1.40472565E+01, -1.40469027E+01, -1.40465298E+01, -1.40514612E+01, -1.40484924E+01, -1.40513992E+01, -1.40501957E+01
1555.1800000000048, -1.40214291E+01, -1.40210629E+01, -1.40178328E+01, -1.40202494E+01, -1.40201302E+01, -1.40210228E+01, -1.40197887E+01, -1.40181427E+01, -1.40185289E+01, -1.40199051E+01
1555.185000000005, -1.39924145E+01, -1.39926720E+01, -1.39950962E+01, -1.39980135E+01, -1.39968729E+01, -1.39967670E+01, -1.39947224E+01, -1.39960642E+01, -1.39973822E+01, -1.39962091E+01
1555.190000000005, -1.39661169E+01, -1.39665327E+01, -1.39658289E+01, -1.39669600E+01, -1.39659462E+01, -1.39678879E+01, -1.39723845E+01, -1.39689598E+01, -1.39697475E+01, -1.39703722E+01
1555.1950000000052, -1.39338017E+01, -1.39313879E+01, -1.39350452E+01, -1.39329691E+01, -1.39310102E+01, -1.39319582E+01, -1.39347324E+01, -1.39331207E+01, -1.39357700E+01, -1.39344826E+01
1555.2000000000053, -1.39122829E+01, -1.39106340E+01, -1.39093494E+01, -1.39092760E+01, -1.39087038E+01, -1.39072828E+01, -1.39083614E+01, -1.39087172E+01, -1.39080744E+01, -1.39098577E+01
1555.2050000000054, -1.38879604E+01, -1.38862810E+01, -1.38884916E+01, -1.38874025E+01, -1.38907318E+01, -1.38876820E+01, -1.38889456E+01, -1.38898897E+01, -1.38884068E+01, -1.38877840E+01
1555.2100000000055, -1.38717699E+01, -1.38695536E+01, -1.38680592E+01, -1.38705368E+01, -1.38701649E+01, -1.38720818E+01, -1.38684626E+01, -1.38686790E+01, -1.38698483E+01, -1.38711967E+01
1555.2150000000056, -1.38540506E+01, -1.38523521E+01, -1.38532419E+01, -1.38496065E+01, -1.38526096E+01, -1.38537817E+01, -1.38550692E+01, -1.38536615E+01, -1.38526936E+01, -1.38523302E+01
1555.2200000000057, -1.38455362E+01, -1.38470411E+01, -1.38458595E+01, -1.38467245E+01, -1.38461971E+01, -1.38474827E+01, -1.38472281E+01, -1.38459024E+01, -1.38470144E+01, -1.38519249E+01
1555.2250000000058, -1.38429813E+01, -1.38452969E+01, -1.38444853E+01, -1.38450613E+01, -1.38441267E+01, -1.38421755E+01, -1.38448353E+01, -1.38434553E+01, -1.38466606E+01, -1.38464651E+01
1555.230000000006, -1.38451328E+01, -1.38474350E+01, -1.38448229E+01, -1.38485899E+01, -1.38467703E+01, -1.38472433E+01, -1.38453732E+01, -1.38471985E+01, -1.38482828E+01, -1.38469725E+01
1555.235000000006, -1.38418760E+01, -1.38427563E+01, -1.38433170E+01, -1.38412371E+01, -1.38433685E+01, -1.38401270E+01, -1.38424025E+01, -1.38448477E+01, -1.38439798E+01, -1.38429623E+01
1555.2400000000061, -1.38453598E+01, -1.38455229E+01, -1.38461628E+01, -1.38478050E+01, -1.38480349E+01, -1.38455162E+01, -1.38467264E+01, -1.38483334E+01, -1.38471260E+01, -1.38479242E+01
1555.2450000000063, -1.38499603E+01, -1.38488779E+01, -1.38493528E+01, -1.38492088E+01, -1.38500938E+01, -1.38493347E+01, -1.38504801E+01, -1.38511877E+01, -1.38515978E+01, -1.38492355E+01
1555.2500000000064, -1.38617802E+01, -1.38597927E+01, -1.38613873E+01, -1.38594694E+01, -1.38608932E+01, -1.38602734E+01, -1.38641539E+01, -1.38610306E+01, -1.38616848E+01, -1.38608351E+01
1555.2550000000065, -1.38695087E+01, -1.38710184E+01, -1.38744268E+01, -1.38724661E+01, -1.38710356E+01, -1.38717003E+01, -1.38752327E+01, -1.38714895E+01, -1.38734446E+01, -1.38740015E+01
1555.2600000000066, -1.38906879E+01, -1.38902979E+01, -1.38910227E+01, -1.38901396E+01, -1.38932571E+01, -1.38934479E+01, -1.38916855E+01, -1.38913755E+01, -1.38937597E+01, -1.38925838E+01
1555.2650000000067, -1.39089956E+01, -1.39088640E+01, -1.39097748E+01, -1.39094276E+01, -1.39089985E+01, -1.39092522E+01, -1.39089546E+01, -1.39087639E+01, -1.39069214E+01, -1.39094448E+01
1555.2700000000068, -1.39274998E+01, -1.39271040E+01, -1.39269142E+01, -1.39273357E+01, -1.39266567E+01, -1.39267654E+01, -1.39303093E+01, -1.39297695E+01, -1.39314661E+01, -1.39278536E+01
1555.275000000007, -1.39501686E+01, -1.39514742E+01, -1.39527559E+01, -1.39503593E+01, -1.39481945E+01, -1.39488182E+01, -1.39497509E+01, -1.39477377E+01, -1.39467287E+01, -1.39469309E+01
1555.280000000007, -1.39707680E+01, -1.39689579E+01, -1.39692297E+01, -1.39683342E+01, -1.39695387E+01, -1.39699440E+01, -1.39680738E+01, -1.39694014E+01, -1.39717722E+01, -1.39715862E+01
1555.2850000000071, -1.39879637E+01, -1.39902143E+01, -1.39892626E+01, -1.39895544E+01, -1.39899397E+01, -1.39876413E+01, -1.39871445E+01, -1.39868956E+01, -1.39881887E+01, -1.39875584E+01
1555.2900000000072, -1.40042295E+01, -1.40042944E+01, -1.40058374E+01, -1.40031748E+01, -1.40016975E+01, -1.40085192E+01, -1.40048065E+01, -1.40017262E+01, -1.40024652E+01, -1.40068293E+01
1555.2950000000073, -1.40226383E+01, -1.40213041E+01, -1.40217352E+01, -1.40193014E+01, -1.40184298E+01, -1.40190887E+01, -1.40209999E+01, -1.40222969E+01, -1.40198355E+01, -1.40244541E+01
1555.3000000000075, -1.40330162E+01, -1.40348148E+01, -1.40350113E+01, -1.40333824E+01, -1.40329523E+01, -1.40331469E+01, -1.40319996E+01, -1.40314531E+01, -1.40308361E+01, -1.40332518E+01
1555.3050000000076, -1.40472441E+01, -1.40430260E+01, -1.40478163E+01, -1.40460033E+01, -1.40464058E+01, -1.40411453E+01, -1.40425224E+01, -1.40451880E+01, -1.40449724E+01, -1.40485659E+01
1555.3100000000077, -1.40723877E+01, -1.40623121E+01, -1.40792904E+01, -1.40789804E+01, -1.40593348E+01, -1.40583153E+01, -1.40601978E+01, -1.40567093E+01, -1.40554762E+01, -1.40570412E+01
1555.3150000000078, -1.40650187E+01, -1.40699244E+01, -1.40675373E+01, -1.40720577E+01, -1.40655928E+01, -1.40665464E+01, -1.40668335E+01, -1.40649061E+01, -1.40659103E+01, -1.40650301E+01
1555.320000000008, -1.40637655E+01, -1.40661097E+01, -1.40726576E+01, -1.40676918E+01, -1.40645494E+01, -1.40652103E+01, -1.40661640E+01, -1.40663557E+01, -1.40655451E+01, -1.40658760E+01
1555.325000000008, -1.40682392E+01, -1.40686369E+01, -1.40689192E+01, -1.40683117E+01, -1.40714779E+01, -1.40720787E+01, -1.40706749E+01, -1.40709839E+01, -1.40739889E+01, -1.40729904E+01
1555.330000000008, -1.40669184E+01, -1.40674572E+01, -1.40670013E+01, -1.40641432E+01, -1.40659876E+01, -1.40671339E+01, -1.40656290E+01, -1.40673866E+01, -1.40674906E+01, -1.40682716E+01
1555.3350000000082, -1.40608587E+01, -1.40570679E+01, -1.40583868E+01, -1.40593529E+01, -1.40591974E+01, -1.40591507E+01, -1.40600843E+01, -1.40600462E+01, -1.40587130E+01, -1.40605698E+01
1555.3400000000083, -1.40512114E+01, -1.40520658E+01, -1.40518532E+01, -1.40512314E+01, -1.40489721E+01, -1.40504942E+01, -1.40499392E+01, -1.40495777E+01, -1.40490894E+01, -1.40486059E+01
1555.3450000000084, -1.40418406E+01, -1.40446796E+01, -1.40397778E+01, -1.40378180E+01, -1.40404854E+01, -1.40410080E+01, -1.40406256E+01, -1.40384722E+01, -1.40399866E+01, -1.40421686E+01
1555.3500000000085, -1.40342684E+01, -1.40330505E+01, -1.40300369E+01, -1.40289230E+01, -1.40295734E+01, -1.40291996E+01, -1.40315619E+01, -1.40310745E+01, -1.40309839E+01, -1.40317745E+01
1555.3550000000087, -1.40195656E+01, -1.40182209E+01, -1.40185919E+01, -1.40206175E+01, -1.40204906E+01, -1.40209732E+01, -1.40170279E+01, -1.40163536E+01, -1.40193615E+01, -1.40206480E+01
1555.3600000000088, -1.40031338E+01, -1.40063820E+01, -1.40061646E+01, -1.40045795E+01, -1.40075941E+01, -1.40056362E+01, -1.40051651E+01, -1.40041246E+01, -1.40053139E+01, -1.40049171E+01
