wavelength_nm ,power_reading_0_dbm ,power_reading_1_dbm ,power_reading_2_dbm ,power_reading_3_dbm ,power_reading_4_dbm ,power_reading_5_dbm ,power_reading_6_dbm ,power_reading_7_dbm ,power_reading_8_dbm ,power_reading_9_dbm 
1550.195, -1.39163847E+01, -1.39125299E+01, -1.38906870E+01, -1.38594751E+01, -1.38419437E+01, -1.38322134E+01, -1.38274508E+01, -1.38301458E+01, -1.38355885E+01, -1.38403578E+01
1550.2, -1.38641653E+01, -1.38652077E+01, -1.38767328E+01, -1.38884506E+01, -1.38969936E+01, -1.38965158E+01, -1.38820772E+01, -1.38681965E+01, -1.38533049E+01, -1.38519459E+01
1550.2050000000002, -1.38685246E+01, -1.38619776E+01, -1.38696213E+01, -1.38873587E+01, -1.38981676E+01, -1.38982811E+01, -1.39063320E+01, -1.39104156E+01, -1.39032469E+01, -1.38930035E+01
1550.2100000000003, -1.38959780E+01, -1.38871851E+01, -1.38938637E+01, -1.39169006E+01, -1.39193201E+01, -1.39085550E+01, -1.39164305E+01, -1.39240942E+01, -1.39124031E+01, -1.38955259E+01
1550.2150000000004, -1.39173412E+01, -1.39167490E+01, -1.39152565E+01, -1.39055510E+01, -1.39008656E+01, -1.39044523E+01, -1.39042377E+01, -1.38993521E+01, -1.39032049E+01, -1.39103994E+01
1550.2200000000005, -1.39633436E+01, -1.39741764E+01, -1.39703255E+01, -1.39629202E+01, -1.39394073E+01, -1.39265642E+01, -1.39422998E+01, -1.39756269E+01, -1.40138779E+01, -1.40012655E+01
1550.2250000000006, -1.39790268E+01, -1.39676085E+01, -1.39565163E+01, -1.39449272E+01, -1.39575663E+01, -1.39682379E+01, -1.39815865E+01, -1.39921503E+01, -1.40048065E+01, -1.39845161E+01
1550.2300000000007, -1.39970121E+01, -1.40073290E+01, -1.40152006E+01, -1.40217943E+01, -1.40240536E+01, -1.40222006E+01, -1.40066833E+01, -1.39858503E+01, -1.39615631E+01, -1.39546623E+01
1550.2350000000008, -1.39916286E+01, -1.39833689E+01, -1.39819984E+01, -1.39866323E+01, -1.39934940E+01, -1.40057840E+01, -1.40155487E+01, -1.40008459E+01, -1.40012074E+01, -1.39968309E+01
1550.240000000001, -1.40383844E+01, -1.40217171E+01, -1.40084047E+01, -1.40071383E+01, -1.39999151E+01, -1.40044794E+01, -1.40209732E+01, -1.40332766E+01, -1.40325623E+01, -1.40310898E+01
1550.245000000001, -1.40517273E+01, -1.40589170E+01, -1.40654812E+01, -1.40685158E+01, -1.40622482E+01, -1.40446815E+01, -1.40292511E+01, -1.40235615E+01, -1.40156088E+01, -1.40172262E+01
1550.2500000000011, -1.40524082E+01, -1.40778151E+01, -1.40892496E+01, -1.40759573E+01, -1.40627651E+01, -1.40561085E+01, -1.40509977E+01, -1.40519609E+01, -1.40477610E+01, -1.40449371E+01
1550.2550000000012, -1.40567617E+01, -1.40577211E+01, -1.40620871E+01, -1.40610905E+01, -1.40624266E+01, -1.40691795E+01, -1.40899782E+01, -1.41031895E+01, -1.41038799E+01, -1.41002245E+01
1550.2600000000014, -1.41104832E+01, -1.41025476E+01, -1.40965376E+01, -1.40951128E+01, -1.40881968E+01, -1.40934296E+01, -1.40952311E+01, -1.40850477E+01, -1.40815773E+01, -1.40726595E+01
1550.2650000000015, -1.40844698E+01, -1.40846491E+01, -1.40873652E+01, -1.40941706E+01, -1.41014690E+01, -1.41246948E+01, -1.41462049E+01, -1.41317673E+01, -1.41199465E+01, -1.41023970E+01
1550.2700000000016, -1.41151180E+01, -1.41221228E+01, -1.41344604E+01, -1.41462097E+01, -1.41469374E+01, -1.41279688E+01, -1.41109648E+01, -1.41004219E+01, -1.40934505E+01, -1.40923052E+01
1550.2750000000017, -1.41164513E+01, -1.41107006E+01, -1.41071415E+01, -1.41086836E+01, -1.41092329E+01, -1.41082993E+01, -1.41199589E+01, -1.41213598E+01, -1.41249104E+01, -1.41346731E+01
1550.2800000000018, -1.41028442E+01, -1.40999155E+01, -1.41038208E+01, -1.41094351E+01, -1.41139736E+01, -1.41059446E+01, -1.41087532E+01, -1.41102867E+01, -1.41115074E+01, -1.41171827E+01
1550.285000000002, -1.41208315E+01, -1.41532249E+01, -1.41530609E+01, -1.41426296E+01, -1.41256409E+01, -1.41156607E+01, -1.41306162E+01, -1.41340742E+01, -1.41156521E+01, -1.41182880E+01
1550.290000000002, -1.41192579E+01, -1.41384344E+01, -1.41574669E+01, -1.41533060E+01, -1.41451321E+01, -1.41283560E+01, -1.41083260E+01, -1.41016865E+01, -1.41017733E+01, -1.41075897E+01
1550.2950000000021, -1.40929623E+01, -1.40896540E+01, -1.40917835E+01, -1.40882454E+01, -1.40924463E+01, -1.40959787E+01, -1.41054182E+01, -1.41089125E+01, -1.41163740E+01, -1.41330385E+01
1550.3000000000022, -1.41134462E+01, -1.41193790E+01, -1.41237373E+01, -1.41222010E+01, -1.40967035E+01, -1.40830641E+01, -1.40777674E+01, -1.40791264E+01, -1.40822144E+01, -1.40842514E+01
1550.3050000000023, -1.40759411E+01, -1.40675936E+01, -1.40634289E+01, -1.40697184E+01, -1.40757427E+01, -1.40808067E+01, -1.41016140E+01, -1.41057348E+01, -1.40968695E+01, -1.40893812E+01
1550.3100000000024, -1.40943947E+01, -1.40864124E+01, -1.40743055E+01, -1.40655031E+01, -1.40655403E+01, -1.40596676E+01, -1.40544977E+01, -1.40512114E+01, -1.40491295E+01, -1.40497484E+01
1550.3150000000026, -1.40427990E+01, -1.40395889E+01, -1.40409031E+01, -1.40435143E+01, -1.40501871E+01, -1.40609665E+01, -1.40559883E+01, -1.40617189E+01, -1.40689459E+01, -1.40726719E+01
1550.3200000000027, -1.40178804E+01, -1.40197916E+01, -1.40200214E+01, -1.40179167E+01, -1.40136089E+01, -1.40111380E+01, -1.40111494E+01, -1.40075827E+01, -1.40084276E+01, -1.40082235E+01
1550.3250000000028, -1.40154982E+01, -1.40332012E+01, -1.40308523E+01, -1.40257883E+01, -1.40241823E+01, -1.40313253E+01, -1.40278845E+01, -1.40187521E+01, -1.40138617E+01, -1.40113773E+01
1550.3300000000029, -1.40016289E+01, -1.40032692E+01, -1.39881964E+01, -1.39976234E+01, -1.39895916E+01, -1.39965019E+01, -1.39916182E+01, -1.39932919E+01, -1.40042334E+01, -1.40074978E+01
1550.335000000003, -1.39810972E+01, -1.39875307E+01, -1.39804668E+01, -1.39798050E+01, -1.39780560E+01, -1.39800606E+01, -1.39881811E+01, -1.39825401E+01, -1.39966278E+01, -1.40227842E+01
1550.340000000003, -1.39808798E+01, -1.39898596E+01, -1.39867916E+01, -1.39919529E+01, -1.39999790E+01, -1.40167036E+01, -1.40196667E+01, -1.40186625E+01, -1.40134821E+01, -1.40052967E+01
1550.3450000000032, -1.41334076E+01, -1.40611925E+01, -1.40378952E+01, -1.40290880E+01, -1.40063143E+01, -1.39971809E+01, -1.40029459E+01, -1.40096712E+01, -1.39959021E+01, -1.39904146E+01
1550.3500000000033, -1.40422001E+01, -1.40458822E+01, -1.40441637E+01, -1.40398397E+01, -1.40344248E+01, -1.40398827E+01, -1.40348864E+01, -1.40262861E+01, -1.40241976E+01, -1.40211706E+01
1550.3550000000034, -1.40478630E+01, -1.40444927E+01, -1.40443907E+01, -1.40451918E+01, -1.40482988E+01, -1.40430660E+01, -1.40415707E+01, -1.40519018E+01, -1.40589027E+01, -1.40668144E+01
1550.3600000000035, -1.40888395E+01, -1.40872040E+01, -1.40866766E+01, -1.40889740E+01, -1.40989237E+01, -1.40980206E+01, -1.40982466E+01, -1.40958071E+01, -1.41096458E+01, -1.41282120E+01
1550.3650000000036, -1.41557407E+01, -1.41637716E+01, -1.41528645E+01, -1.41623764E+01, -1.41624622E+01, -1.41651554E+01, -1.41700516E+01, -1.41985846E+01, -1.41710196E+01, -1.41684361E+01
1550.3700000000038, -1.42291765E+01, -1.42243814E+01, -1.42298470E+01, -1.42293892E+01, -1.42264290E+01, -1.42202234E+01, -1.42182531E+01, -1.42197838E+01, -1.42234917E+01, -1.42199011E+01
1550.3750000000039, -1.43302412E+01, -1.43284750E+01, -1.43306322E+01, -1.43423548E+01, -1.43378000E+01, -1.43392906E+01, -1.43364258E+01, -1.43438311E+01, -1.43458357E+01, -1.43413153E+01
1550.380000000004, -1.44109287E+01, -1.44105434E+01, -1.44186325E+01, -1.44249954E+01, -1.44307766E+01, -1.44215832E+01, -1.44262543E+01, -1.44184580E+01, -1.44145575E+01, -1.44132957E+01
1550.385000000004, -1.45025263E+01, -1.45002651E+01, -1.45042858E+01, -1.45033932E+01, -1.45012560E+01, -1.44998522E+01, -1.45132256E+01, -1.45154772E+01, -1.45017500E+01, -1.44956293E+01
1550.3900000000042, -1.45852108E+01, -1.45881424E+01, -1.45867672E+01, -1.45932856E+01, -1.46010904E+01, -1.45955191E+01, -1.45898333E+01, -1.45887928E+01, -1.45982466E+01, -1.46064329E+01
1550.3950000000043, -1.46832199E+01, -1.46824636E+01, -1.46939964E+01, -1.46904449E+01, -1.47006283E+01, -1.46963787E+01, -1.46908102E+01, -1.46945896E+01, -1.46983347E+01, -1.47014818E+01
1550.4000000000044, -1.47682934E+01, -1.47712574E+01, -1.47772408E+01, -1.47576790E+01, -1.47687092E+01, -1.47698812E+01, -1.47708216E+01, -1.47622414E+01, -1.47732830E+01, -1.47671566E+01
1550.4050000000045, -1.48028603E+01, -1.48074102E+01, -1.48049421E+01, -1.48123121E+01, -1.48056250E+01, -1.48066206E+01, -1.47984028E+01, -1.48038378E+01, -1.48029671E+01, -1.48076134E+01
1550.4100000000046, -1.48246450E+01, -1.48157597E+01, -1.48294449E+01, -1.48184605E+01, -1.48242607E+01, -1.48227215E+01, -1.48212681E+01, -1.48250694E+01, -1.48295927E+01, -1.48254004E+01
1550.4150000000047, -1.48344755E+01, -1.48414249E+01, -1.48359690E+01, -1.48265285E+01, -1.48413620E+01, -1.48368444E+01, -1.48356228E+01, -1.48412590E+01, -1.48386049E+01, -1.48414965E+01
1550.4200000000048, -1.48398552E+01, -1.48281898E+01, -1.48319187E+01, -1.48378677E+01, -1.48269720E+01, -1.48332443E+01, -1.48617115E+01, -1.48715906E+01, -1.48354187E+01, -1.48415661E+01
1550.425000000005, -1.48368235E+01, -1.48346682E+01, -1.48338280E+01, -1.48310900E+01, -1.48390732E+01, -1.48364401E+01, -1.48354282E+01, -1.48416548E+01, -1.48403244E+01, -1.48353643E+01
1550.430000000005, -1.48583536E+01, -1.48540840E+01, -1.48580637E+01, -1.48576593E+01, -1.48591566E+01, -1.48575325E+01, -1.48584013E+01, -1.48649817E+01, -1.48876076E+01, -1.48915062E+01
1550.4350000000052, -1.48984327E+01, -1.48985453E+01, -1.48970060E+01, -1.48996754E+01, -1.48951044E+01, -1.48992958E+01, -1.48901567E+01, -1.48947496E+01, -1.48917732E+01, -1.48903008E+01
1550.4400000000053, -1.49199562E+01, -1.49143820E+01, -1.49197044E+01, -1.49238529E+01, -1.49187241E+01, -1.49136515E+01, -1.49123230E+01, -1.49149342E+01, -1.49158335E+01, -1.49138556E+01
1550.4450000000054, -1.49202614E+01, -1.49223938E+01, -1.49213734E+01, -1.49126492E+01, -1.49161777E+01, -1.49148207E+01, -1.49191313E+01, -1.49109936E+01, -1.49229641E+01, -1.49187860E+01
1550.4500000000055, -1.48734922E+01, -1.48688965E+01, -1.48753042E+01, -1.48817091E+01, -1.48768415E+01, -1.48698473E+01, -1.48694906E+01, -1.48725176E+01, -1.48825693E+01, -1.48731108E+01
1550.4550000000056, -1.47991982E+01, -1.47994032E+01, -1.48107166E+01, -1.48128710E+01, -1.48128614E+01, -1.48094378E+01, -1.48064051E+01, -1.48055687E+01, -1.48009806E+01, -1.48023958E+01
1550.4600000000057, -1.46948614E+01, -1.46850748E+01, -1.46819477E+01, -1.46904125E+01, -1.46926899E+01, -1.46803589E+01, -1.46842413E+01, -1.46868906E+01, -1.46874790E+01, -1.46840410E+01
1550.4650000000058, -1.45731287E+01, -1.45727501E+01, -1.45807276E+01, -1.45755672E+01, -1.45766115E+01, -1.45769815E+01, -1.45760069E+01, -1.45773945E+01, -1.45838270E+01, -1.45931902E+01
1550.470000000006, -1.44920292E+01, -1.44773111E+01, -1.44727449E+01, -1.44898186E+01, -1.44955826E+01, -1.44815273E+01, -1.44893818E+01, -1.44853811E+01, -1.44881334E+01, -1.44897804E+01
1550.475000000006, -1.43674746E+01, -1.43676481E+01, -1.43751678E+01, -1.43685751E+01, -1.43635664E+01, -1.43591194E+01, -1.43649569E+01, -1.43614950E+01, -1.43640194E+01, -1.43645706E+01
1550.4800000000062, -1.42569990E+01, -1.42605686E+01, -1.42780743E+01, -1.42871962E+01, -1.42991581E+01, -1.42960892E+01, -1.42895269E+01, -1.42819014E+01, -1.42722092E+01, -1.42761517E+01
1550.4850000000063, -1.41938953E+01, -1.41957016E+01, -1.41977596E+01, -1.41940575E+01, -1.41974907E+01, -1.41989775E+01, -1.41973763E+01, -1.41928596E+01, -1.41943798E+01, -1.41969833E+01
1550.4900000000064, -1.41530008E+01, -1.41538296E+01, -1.41669941E+01, -1.41634369E+01, -1.41747808E+01, -1.41625452E+01, -1.41562157E+01, -1.41405020E+01, -1.41328564E+01, -1.41356773E+01
1550.4950000000065, -1.41158133E+01, -1.41255035E+01, -1.41299763E+01, -1.41498823E+01, -1.41602001E+01, -1.41600218E+01, -1.41512375E+01, -1.41294899E+01, -1.41155519E+01, -1.41076193E+01
1550.5000000000066, -1.40847712E+01, -1.40857878E+01, -1.40894747E+01, -1.40892868E+01, -1.40923395E+01, -1.40997467E+01, -1.41205101E+01, -1.41317215E+01, -1.41239319E+01, -1.41167316E+01
1550.5050000000067, -1.41165257E+01, -1.40891867E+01, -1.40857487E+01, -1.41008940E+01, -1.41408110E+01, -1.41132593E+01, -1.41002312E+01, -1.41138468E+01, -1.41178036E+01, -1.41181030E+01
1550.5100000000068, -1.41031771E+01, -1.40848970E+01, -1.40757570E+01, -1.40712738E+01, -1.40682478E+01, -1.40689621E+01, -1.40845385E+01, -1.40997400E+01, -1.41091213E+01, -1.40922976E+01
1550.515000000007, -1.40968714E+01, -1.41199074E+01, -1.41286535E+01, -1.41125956E+01, -1.40972748E+01, -1.41084757E+01, -1.41059055E+01, -1.40925970E+01, -1.40766850E+01, -1.40790405E+01
1550.520000000007, -1.41305952E+01, -1.41376677E+01, -1.41308060E+01, -1.41123781E+01, -1.40979109E+01, -1.40963659E+01, -1.41007252E+01, -1.40989933E+01, -1.41015978E+01, -1.40983171E+01
1550.5250000000071, -1.41195154E+01, -1.41180401E+01, -1.41233721E+01, -1.41170692E+01, -1.41186094E+01, -1.41230497E+01, -1.41137047E+01, -1.41154909E+01, -1.41162348E+01, -1.41226826E+01
1550.5300000000072, -1.41997147E+01, -1.41836557E+01, -1.41509638E+01, -1.41305408E+01, -1.41293068E+01, -1.41348419E+01, -1.41342783E+01, -1.41349602E+01, -1.41297665E+01, -1.41294651E+01
1550.5350000000074, -1.41434517E+01, -1.41531382E+01, -1.41616592E+01, -1.41560316E+01, -1.41561041E+01, -1.41577854E+01, -1.41572227E+01, -1.41650333E+01, -1.41719551E+01, -1.41703653E+01
1550.5400000000075, -1.41484566E+01, -1.41560478E+01, -1.41562672E+01, -1.41591911E+01, -1.41668329E+01, -1.41708555E+01, -1.41623716E+01, -1.41667080E+01, -1.41898432E+01, -1.41984911E+01
1550.5450000000076, -1.41824036E+01, -1.41776371E+01, -1.41868362E+01, -1.42040443E+01, -1.42118559E+01, -1.42048502E+01, -1.41858721E+01, -1.41840324E+01, -1.41881123E+01, -1.41813192E+01
1550.5500000000077, -1.41732092E+01, -1.41775284E+01, -1.42011719E+01, -1.42110081E+01, -1.41901350E+01, -1.41916962E+01, -1.41896172E+01, -1.41901569E+01, -1.41856337E+01, -1.41751242E+01
1550.5550000000078, -1.41715374E+01, -1.41749840E+01, -1.41731424E+01, -1.41743460E+01, -1.41776457E+01, -1.41802177E+01, -1.41795053E+01, -1.41710682E+01, -1.41665268E+01, -1.41618252E+01
1550.560000000008, -1.41590996E+01, -1.41605005E+01, -1.41573639E+01, -1.41670237E+01, -1.41715136E+01, -1.41809502E+01, -1.41851940E+01, -1.41840630E+01, -1.41688509E+01, -1.41764002E+01
1550.565000000008, -1.41717606E+01, -1.41734972E+01, -1.41804247E+01, -1.41695089E+01, -1.41714077E+01, -1.41658745E+01, -1.41703939E+01, -1.41630106E+01, -1.41430426E+01, -1.41435289E+01
1550.5700000000081, -1.41417265E+01, -1.41246319E+01, -1.41225681E+01, -1.41165485E+01, -1.41105709E+01, -1.41133099E+01, -1.41108294E+01, -1.41134901E+01, -1.41113100E+01, -1.41173439E+01
1550.5750000000082, -1.40999260E+01, -1.41033812E+01, -1.40935478E+01, -1.40881424E+01, -1.40901823E+01, -1.40977850E+01, -1.41113739E+01, -1.41120777E+01, -1.41099424E+01, -1.41014605E+01
1550.5800000000083, -1.40685644E+01, -1.40630226E+01, -1.40649014E+01, -1.40700245E+01, -1.40639429E+01, -1.40604830E+01, -1.40570478E+01, -1.40615788E+01, -1.40611687E+01, -1.40649176E+01
1550.5850000000084, -1.40427828E+01, -1.40698767E+01, -1.40775690E+01, -1.40706892E+01, -1.40487823E+01, -1.40536613E+01, -1.40553503E+01, -1.40383892E+01, -1.40272036E+01, -1.40284472E+01
1550.5900000000086, -1.39975624E+01, -1.39978943E+01, -1.39991026E+01, -1.40032339E+01, -1.39978619E+01, -1.39960346E+01, -1.39951973E+01, -1.39933596E+01, -1.39916849E+01, -1.39884872E+01
1550.5950000000087, -1.39915972E+01, -1.40137672E+01, -1.40303516E+01, -1.39870796E+01, -1.39662123E+01, -1.39727468E+01, -1.40073309E+01, -1.40040798E+01, -1.40105152E+01, -1.39899254E+01
1550.6000000000088, -1.39256496E+01, -1.39144430E+01, -1.39158821E+01, -1.39186096E+01, -1.39191351E+01, -1.39154196E+01, -1.39148903E+01, -1.39173717E+01, -1.39350424E+01, -1.39333363E+01
1552.575, -1.41415348E+01, -1.41522694E+01, -1.41384697E+01, -1.41362715E+01, -1.41237392E+01, -1.41241379E+01, -1.41278696E+01, -1.41281815E+01, -1.41249962E+01, -1.41309366E+01
1552.5800000000002, -1.42539959E+01, -1.42515316E+01, -1.42520609E+01, -1.42600164E+01, -1.42844172E+01, -1.43025665E+01, -1.43080873E+01, -1.43037653E+01, -1.42957020E+01, -1.42783146E+01
1552.5850000000003, -1.44156132E+01, -1.43942995E+01, -1.43841028E+01, -1.43920689E+01, -1.43930588E+01, -1.43893394E+01, -1.43808403E+01, -1.43789778E+01, -1.43844433E+01, -1.43892612E+01
1552.5900000000004, -1.44212322E+01, -1.44287252E+01, -1.44442263E+01, -1.44616032E+01, -1.44693365E+01, -1.44628315E+01, -1.44414091E+01, -1.44419117E+01, -1.44401226E+01, -1.44300213E+01
1552.5950000000005, -1.43819523E+01, -1.43801556E+01, -1.43817081E+01, -1.43852930E+01, -1.43942213E+01, -1.44003782E+01, -1.44022188E+01, -1.44284506E+01, -1.44331894E+01, -1.44265423E+01
1552.6000000000006, -1.42942648E+01, -1.42822008E+01, -1.42785034E+01, -1.42832470E+01, -1.42875118E+01, -1.42923088E+01, -1.43064470E+01, -1.43143091E+01, -1.43330641E+01, -1.43398218E+01
1552.6050000000007, -1.41276731E+01, -1.41330280E+01, -1.41608906E+01, -1.41818027E+01, -1.41766243E+01, -1.41648560E+01, -1.41508989E+01, -1.41541824E+01, -1.41515007E+01, -1.41401072E+01
1552.6100000000008, -1.40121555E+01, -1.40081234E+01, -1.40077143E+01, -1.40057907E+01, -1.40016079E+01, -1.39969864E+01, -1.39987288E+01, -1.39937859E+01, -1.39933977E+01, -1.39949179E+01
1552.615000000001, -1.39174433E+01, -1.39648151E+01, -1.39749880E+01, -1.39862871E+01, -1.39836273E+01, -1.39480963E+01, -1.39209919E+01, -1.39070368E+01, -1.39018784E+01, -1.38969173E+01
1552.620000000001, -1.38286552E+01, -1.38282690E+01, -1.38291674E+01, -1.38311863E+01, -1.38256140E+01, -1.38208284E+01, -1.38125992E+01, -1.38146648E+01, -1.38143425E+01, -1.38081627E+01
1552.6250000000011, -1.37690954E+01, -1.37678509E+01, -1.37652149E+01, -1.37570295E+01, -1.37619390E+01, -1.37593889E+01, -1.37590122E+01, -1.37589359E+01, -1.37626448E+01, -1.37687206E+01
1552.6300000000012, -1.37362852E+01, -1.37373781E+01, -1.37397699E+01, -1.37411337E+01, -1.37456970E+01, -1.37511234E+01, -1.37557030E+01, -1.37580194E+01, -1.37529249E+01, -1.37545652E+01
1552.6350000000014, -1.37382822E+01, -1.37351122E+01, -1.37342396E+01, -1.37334948E+01, -1.37331123E+01, -1.37345448E+01, -1.37305708E+01, -1.37335424E+01, -1.37291584E+01, -1.37293873E+01
1552.6400000000015, -1.37287855E+01, -1.37295418E+01, -1.37295914E+01, -1.37392092E+01, -1.37424593E+01, -1.37291698E+01, -1.37404690E+01, -1.37419481E+01, -1.37433891E+01, -1.37357817E+01
1552.6450000000016, -1.37388926E+01, -1.37325735E+01, -1.37293053E+01, -1.37264910E+01, -1.37346020E+01, -1.37304134E+01, -1.37297935E+01, -1.37263889E+01, -1.37231979E+01, -1.37209158E+01
1552.6500000000017, -1.37164545E+01, -1.37162752E+01, -1.37164478E+01, -1.37235298E+01, -1.37232342E+01, -1.37275181E+01, -1.37227383E+01, -1.37315493E+01, -1.37282362E+01, -1.37304754E+01
1552.6550000000018, -1.37131166E+01, -1.37142820E+01, -1.37100477E+01, -1.37143631E+01, -1.37186766E+01, -1.37271538E+01, -1.37340984E+01, -1.37348423E+01, -1.37343807E+01, -1.37220440E+01
1552.660000000002, -1.36847811E+01, -1.36817274E+01, -1.36852560E+01, -1.36835155E+01, -1.36823111E+01, -1.36836834E+01, -1.36829014E+01, -1.36819468E+01, -1.36823158E+01, -1.36924524E+01
1552.665000000002, -1.36915379E+01, -1.36791887E+01, -1.36741705E+01, -1.36684294E+01, -1.36706743E+01, -1.36697617E+01, -1.36734447E+01, -1.36719017E+01, -1.36858187E+01, -1.36912680E+01
1552.6700000000021, -1.36316881E+01, -1.36342630E+01, -1.36407318E+01, -1.36361589E+01, -1.36347818E+01, -1.36318483E+01, -1.36363697E+01, -1.36385880E+01, -1.36428766E+01, -1.36361885E+01
1552.6750000000022, -1.36030903E+01, -1.36074972E+01, -1.36079636E+01, -1.36105251E+01, -1.36098032E+01, -1.36105757E+01, -1.36072397E+01, -1.36048384E+01, -1.36042662E+01, -1.36009636E+01
1552.6800000000023, -1.35820017E+01, -1.35797215E+01, -1.35811901E+01, -1.35973206E+01, -1.36187477E+01, -1.36110315E+01, -1.35915861E+01, -1.35920925E+01, -1.35940409E+01, -1.35962496E+01
1552.6850000000024, -1.35273075E+01, -1.35403509E+01, -1.35453968E+01, -1.35473642E+01, -1.35394630E+01, -1.35331163E+01, -1.35436296E+01, -1.35549011E+01, -1.35497665E+01, -1.35406866E+01
1552.6900000000026, -1.35013151E+01, -1.35039854E+01, -1.35023994E+01, -1.35036039E+01, -1.34980698E+01, -1.35010519E+01, -1.35079393E+01, -1.35178432E+01, -1.35070982E+01, -1.35028114E+01
1552.6950000000027, -1.34715433E+01, -1.34699411E+01, -1.34742737E+01, -1.34717283E+01, -1.34761782E+01, -1.34797287E+01, -1.34766550E+01, -1.34753323E+01, -1.34788055E+01, -1.34713392E+01
1552.7000000000028, -1.34590502E+01, -1.34492121E+01, -1.34491282E+01, -1.34477654E+01, -1.34510975E+01, -1.34487972E+01, -1.34504900E+01, -1.34466162E+01, -1.34478703E+01, -1.34476480E+01
1552.7050000000029, -1.34211674E+01, -1.34203138E+01, -1.34291334E+01, -1.34316921E+01, -1.34221945E+01, -1.34192276E+01, -1.34164276E+01, -1.34330492E+01, -1.34235773E+01, -1.34293165E+01
1552.710000000003, -1.34083614E+01, -1.34039221E+01, -1.34267483E+01, -1.34204950E+01, -1.34170694E+01, -1.33986654E+01, -1.34041977E+01, -1.34044676E+01, -1.34044952E+01, -1.34012165E+01
1552.715000000003, -1.34007187E+01, -1.33943605E+01, -1.34169836E+01, -1.34059200E+01, -1.33928633E+01, -1.33996878E+01, -1.33976727E+01, -1.34056425E+01, -1.33881254E+01, -1.33906889E+01
1552.7200000000032, -1.33749495E+01, -1.33807096E+01, -1.33931007E+01, -1.33850784E+01, -1.33728027E+01, -1.33693867E+01, -1.33766317E+01, -1.33724031E+01, -1.33770485E+01, -1.33739815E+01
1552.7250000000033, -1.33585196E+01, -1.33579321E+01, -1.33671684E+01, -1.33555498E+01, -1.33549347E+01, -1.33549452E+01, -1.33613882E+01, -1.33571196E+01, -1.33537903E+01, -1.33528919E+01
1552.7300000000034, -1.33514004E+01, -1.33527803E+01, -1.33516178E+01, -1.33604879E+01, -1.33606796E+01, -1.33532333E+01, -1.33547926E+01, -1.33640776E+01, -1.33541679E+01, -1.33574591E+01
1552.7350000000035, -1.33685503E+01, -1.33748178E+01, -1.33630352E+01, -1.33605156E+01, -1.33704109E+01, -1.33674240E+01, -1.33657827E+01, -1.33636217E+01, -1.33637371E+01, -1.33712273E+01
1552.7400000000036, -1.33843460E+01, -1.33915939E+01, -1.33771267E+01, -1.33830776E+01, -1.33741131E+01, -1.33775034E+01, -1.33765078E+01, -1.33791113E+01, -1.33745317E+01, -1.33916140E+01
1552.7450000000038, -1.33930550E+01, -1.33791876E+01, -1.34012537E+01, -1.34144907E+01, -1.34168301E+01, -1.33946562E+01, -1.33905087E+01, -1.33813467E+01, -1.33840504E+01, -1.33869343E+01
1552.7500000000039, -1.33932915E+01, -1.34040556E+01, -1.33972330E+01, -1.34018373E+01, -1.33995752E+01, -1.34057102E+01, -1.33931961E+01, -1.33919172E+01, -1.33900013E+01, -1.33963070E+01
1552.755000000004, -1.34393406E+01, -1.34320288E+01, -1.34379148E+01, -1.34252977E+01, -1.34148073E+01, -1.34111862E+01, -1.34288073E+01, -1.34336767E+01, -1.34302683E+01, -1.34225597E+01
1552.760000000004, -1.34452925E+01, -1.34345140E+01, -1.34339056E+01, -1.34335108E+01, -1.34340696E+01, -1.34319820E+01, -1.34317684E+01, -1.34344749E+01, -1.34350328E+01, -1.34438257E+01
1552.7650000000042, -1.34513102E+01, -1.34496670E+01, -1.34490786E+01, -1.34482670E+01, -1.34442406E+01, -1.34461432E+01, -1.34426193E+01, -1.34455442E+01, -1.34470711E+01, -1.34457178E+01
1552.7700000000043, -1.34735842E+01, -1.34684172E+01, -1.34679794E+01, -1.34671755E+01, -1.34717665E+01, -1.34674950E+01, -1.34681826E+01, -1.34698038E+01, -1.34710569E+01, -1.34716902E+01
1552.7750000000044, -1.35162163E+01, -1.35075388E+01, -1.35000639E+01, -1.35017271E+01, -1.34966135E+01, -1.35000744E+01, -1.34942122E+01, -1.34966440E+01, -1.35012283E+01, -1.35067768E+01
1552.7800000000045, -1.35267363E+01, -1.35294533E+01, -1.35266886E+01, -1.35343952E+01, -1.35239439E+01, -1.35259905E+01, -1.35185299E+01, -1.35279284E+01, -1.35385571E+01, -1.35360613E+01
1552.7850000000046, -1.35572376E+01, -1.35611820E+01, -1.35465822E+01, -1.35495672E+01, -1.35374708E+01, -1.35429268E+01, -1.35451202E+01, -1.35502205E+01, -1.35467691E+01, -1.35561571E+01
1552.7900000000047, -1.35657063E+01, -1.35769854E+01, -1.35721407E+01, -1.35660048E+01, -1.35632935E+01, -1.35634727E+01, -1.35583382E+01, -1.35609541E+01, -1.35565548E+01, -1.35546827E+01
1552.7950000000048, -1.35741014E+01, -1.35690708E+01, -1.35773039E+01, -1.35737514E+01, -1.35762100E+01, -1.35721216E+01, -1.35704336E+01, -1.35722008E+01, -1.35711784E+01, -1.35722837E+01
1552.800000000005, -1.35857601E+01, -1.35821619E+01, -1.35810366E+01, -1.35815563E+01, -1.35845146E+01, -1.35850229E+01, -1.35803585E+01, -1.35829391E+01, -1.35834980E+01, -1.35832291E+01
1552.805000000005, -1.36239471E+01, -1.36215839E+01, -1.36152849E+01, -1.36161976E+01, -1.36218662E+01, -1.36133881E+01, -1.36052189E+01, -1.36018353E+01, -1.36017046E+01, -1.36039276E+01
1552.8100000000052, -1.36066694E+01, -1.36091642E+01, -1.36080923E+01, -1.36102686E+01, -1.36133785E+01, -1.36219063E+01, -1.36352386E+01, -1.36465893E+01, -1.36388006E+01, -1.36357040E+01
1552.8150000000053, -1.36164303E+01, -1.36247311E+01, -1.36452656E+01, -1.36459026E+01, -1.36328497E+01, -1.36419697E+01, -1.36425858E+01, -1.36373768E+01, -1.36334743E+01, -1.36324768E+01
1552.8200000000054, -1.36146135E+01, -1.36093378E+01, -1.36106892E+01, -1.36074419E+01, -1.36060190E+01, -1.36077919E+01, -1.36100883E+01, -1.36174040E+01, -1.36165800E+01, -1.36198845E+01
1552.8250000000055, -1.36229115E+01, -1.36150141E+01, -1.36113129E+01, -1.36159277E+01, -1.36161280E+01, -1.36188002E+01, -1.36107492E+01, -1.36118040E+01, -1.36092958E+01, -1.36107407E+01
1552.8300000000056, -1.36159983E+01, -1.36239176E+01, -1.36190701E+01, -1.36156368E+01, -1.36135683E+01, -1.36304302E+01, -1.36482267E+01, -1.36527710E+01, -1.36479750E+01, -1.36394253E+01
1552.8350000000057, -1.35979128E+01, -1.36015444E+01, -1.35965223E+01, -1.35915070E+01, -1.35877447E+01, -1.35893021E+01, -1.35954838E+01, -1.36125650E+01, -1.36206198E+01, -1.36317492E+01
1552.8400000000058, -1.35986223E+01, -1.37601385E+01, -1.38611126E+01, -1.40356007E+01, -1.38911438E+01, -1.38088303E+01, -1.37332869E+01, -1.36169529E+01, -1.35911188E+01, -1.35900011E+01
1552.845000000006, -1.35596056E+01, -1.35711775E+01, -1.35690231E+01, -1.35819931E+01, -1.35774622E+01, -1.35730858E+01, -1.35782194E+01, -1.35943346E+01, -1.35911980E+01, -1.35964231E+01
1552.850000000006, -1.35516157E+01, -1.35626497E+01, -1.35729485E+01, -1.35746183E+01, -1.35821629E+01, -1.35859394E+01, -1.35613909E+01, -1.35490332E+01, -1.35523663E+01, -1.35522480E+01
1552.8550000000062, -1.35453768E+01, -1.35452986E+01, -1.35419893E+01, -1.35289707E+01, -1.35321798E+01, -1.35389509E+01, -1.35349379E+01, -1.35261860E+01, -1.35239735E+01, -1.35237665E+01
1552.8600000000063, -1.35029774E+01, -1.35055313E+01, -1.35069799E+01, -1.35067072E+01, -1.35047493E+01, -1.35024691E+01, -1.35098114E+01, -1.35232363E+01, -1.35288334E+01, -1.35329885E+01
1552.8650000000064, -1.34730473E+01, -1.34687462E+01, -1.34698534E+01, -1.34714947E+01, -1.34818201E+01, -1.34887190E+01, -1.34940462E+01, -1.35107422E+01, -1.35147438E+01, -1.35067263E+01
1552.8700000000065, -1.34795046E+01, -1.34676971E+01, -1.34667654E+01, -1.34661255E+01, -1.34633236E+01, -1.34539213E+01, -1.34550924E+01, -1.34564962E+01, -1.34496679E+01, -1.34585390E+01
1552.8750000000066, -1.34436522E+01, -1.34497929E+01, -1.34507895E+01, -1.34581318E+01, -1.34574442E+01, -1.34470892E+01, -1.34333572E+01, -1.34273729E+01, -1.34310751E+01, -1.34274225E+01
1552.8800000000067, -1.33912783E+01, -1.33949509E+01, -1.34032516E+01, -1.34101133E+01, -1.34115887E+01, -1.34029255E+01, -1.34008722E+01, -1.34015903E+01, -1.34145212E+01, -1.34230394E+01
1552.8850000000068, -1.33693390E+01, -1.33808622E+01, -1.33788748E+01, -1.33718252E+01, -1.33798723E+01, -1.33803005E+01, -1.33734303E+01, -1.33821259E+01, -1.33946953E+01, -1.33861723E+01
1552.890000000007, -1.33279400E+01, -1.33300171E+01, -1.33318510E+01, -1.33351240E+01, -1.33294249E+01, -1.33317928E+01, -1.33414259E+01, -1.33526011E+01, -1.33517027E+01, -1.33519478E+01
1552.895000000007, -1.33213587E+01, -1.33212929E+01, -1.33153763E+01, -1.33118553E+01, -1.33196983E+01, -1.33245115E+01, -1.33268595E+01, -1.33179455E+01, -1.33167458E+01, -1.33127069E+01
1552.9000000000071, -1.32774572E+01, -1.32783756E+01, -1.32759352E+01, -1.32741508E+01, -1.32742538E+01, -1.32787209E+01, -1.32779484E+01, -1.32775955E+01, -1.32780886E+01, -1.32861872E+01
1552.9050000000072, -1.32680492E+01, -1.32835245E+01, -1.32685785E+01, -1.32556486E+01, -1.32513905E+01, -1.32467957E+01, -1.32459660E+01, -1.32483425E+01, -1.32503290E+01, -1.32570715E+01
1552.9100000000074, -1.32397375E+01, -1.32440577E+01, -1.32517881E+01, -1.32456064E+01, -1.32465467E+01, -1.32525444E+01, -1.32488537E+01, -1.32491951E+01, -1.32407131E+01, -1.32446747E+01
1552.9150000000075, -1.32034731E+01, -1.32028074E+01, -1.32033634E+01, -1.31998873E+01, -1.32011366E+01, -1.32059116E+01, -1.32084160E+01, -1.32086258E+01, -1.32060852E+01, -1.32048435E+01
1552.9200000000076, -1.31872053E+01, -1.31899433E+01, -1.31886330E+01, -1.32054930E+01, -1.32021866E+01, -1.32068434E+01, -1.32016468E+01, -1.31971502E+01, -1.32025890E+01, -1.32081051E+01
1552.9250000000077, -1.31795435E+01, -1.31820145E+01, -1.31866770E+01, -1.31803970E+01, -1.32060413E+01, -1.32069263E+01, -1.31998224E+01, -1.31807871E+01, -1.31822786E+01, -1.31830406E+01
1552.9300000000078, -1.31617460E+01, -1.31627045E+01, -1.31628027E+01, -1.31637363E+01, -1.31585007E+01, -1.31568384E+01, -1.31564302E+01, -1.31588430E+01, -1.31576967E+01, -1.31588526E+01
1552.935000000008, -1.31610680E+01, -1.31680088E+01, -1.31793346E+01, -1.31882248E+01, -1.31720314E+01, -1.31656275E+01, -1.31683712E+01, -1.31653652E+01, -1.31723576E+01, -1.31588087E+01
1552.940000000008, -1.31506815E+01, -1.31572266E+01, -1.31591692E+01, -1.31689587E+01, -1.31506367E+01, -1.31447601E+01, -1.31437044E+01, -1.31432295E+01, -1.31386204E+01, -1.31375227E+01
1552.9450000000081, -1.31429043E+01, -1.31522522E+01, -1.31535416E+01, -1.31447763E+01, -1.31486979E+01, -1.31562948E+01, -1.31719227E+01, -1.31753225E+01, -1.32136383E+01, -1.33099747E+01
1552.9500000000082, -1.31491213E+01, -1.31439400E+01, -1.31440659E+01, -1.31401405E+01, -1.31410398E+01, -1.31396990E+01, -1.31392937E+01, -1.31429043E+01, -1.31378279E+01, -1.31348362E+01
1552.9550000000083, -1.31493025E+01, -1.31498785E+01, -1.31475248E+01, -1.31562786E+01, -1.31602449E+01, -1.31663532E+01, -1.31584005E+01, -1.31669674E+01, -1.31720314E+01, -1.31735907E+01
1552.9600000000084, -1.31585636E+01, -1.31651287E+01, -1.31746798E+01, -1.31643610E+01, -1.31558723E+01, -1.31603165E+01, -1.31594591E+01, -1.31760225E+01, -1.31741085E+01, -1.31632376E+01
1552.9650000000086, -1.31656532E+01, -1.31612492E+01, -1.31644325E+01, -1.31568470E+01, -1.31579027E+01, -1.31602888E+01, -1.31575966E+01, -1.31590157E+01, -1.31593027E+01, -1.31577501E+01
1552.9700000000087, -1.31830139E+01, -1.31848040E+01, -1.31798153E+01, -1.31829510E+01, -1.31804066E+01, -1.31850777E+01, -1.31749249E+01, -1.31741447E+01, -1.31802626E+01, -1.31821976E+01
1552.9750000000088, -1.31873608E+01, -1.31897068E+01, -1.31966667E+01, -1.31967926E+01, -1.31938963E+01, -1.31877508E+01, -1.31845675E+01, -1.31858044E+01, -1.31860123E+01, -1.31850138E+01
1552.9800000000089, -1.32123766E+01, -1.32132807E+01, -1.32182274E+01, -1.32202330E+01, -1.32236357E+01, -1.32296209E+01, -1.32306042E+01, -1.32252035E+01, -1.32198591E+01, -1.32188864E+01
1554.955, -1.37756424E+01, -1.37757978E+01, -1.37732038E+01, -1.37785282E+01, -1.37721443E+01, -1.37749014E+01, -1.37765579E+01, -1.37858505E+01, -1.37792053E+01, -1.37737160E+01
1554.96, -1.37757673E+01, -1.37827415E+01, -1.37837019E+01, -1.37920055E+01, -1.37827940E+01, -1.37754440E+01, -1.37757359E+01, -1.37872200E+01, -1.37896948E+01, -1.38133984E+01
1554.9650000000001, -1.37765799E+01, -1.37729969E+01, -1.37711954E+01, -1.37781630E+01, -1.37766829E+01, -1.37725697E+01, -1.37768488E+01, -1.37796631E+01, -1.37825956E+01, -1.37761936E+01
1554.9700000000003, -1.37774334E+01, -1.37731829E+01, -1.37730064E+01, -1.37771311E+01, -1.37773609E+01, -1.37751112E+01, -1.37863436E+01, -1.37776833E+01, -1.37797375E+01, -1.37741728E+01
1554.9750000000004, -1.37846289E+01, -1.37793522E+01, -1.37726946E+01, -1.37734547E+01, -1.37745256E+01, -1.37755365E+01, -1.37707386E+01, -1.37713223E+01, -1.37699165E+01, -1.37717476E+01
1554.9800000000005, -1.37414331E+01, -1.37405138E+01, -1.37420835E+01, -1.37455263E+01, -1.37466249E+01, -1.37441521E+01, -1.37428083E+01, -1.37438221E+01, -1.37455988E+01, -1.37398005E+01
1554.9850000000006, -1.37477942E+01, -1.37524328E+01, -1.37509108E+01, -1.37522879E+01, -1.37464075E+01, -1.37448759E+01, -1.37509928E+01, -1.37461386E+01, -1.37461071E+01, -1.37448854E+01
1554.9900000000007, -1.37237444E+01, -1.37186213E+01, -1.37184877E+01, -1.37200518E+01, -1.37165155E+01, -1.37200823E+01, -1.37241573E+01, -1.37306576E+01, -1.37253723E+01, -1.37272043E+01
1554.9950000000008, -1.36869802E+01, -1.36842260E+01, -1.36844606E+01, -1.36885223E+01, -1.36839190E+01, -1.36842670E+01, -1.36894407E+01, -1.36903286E+01, -1.36982527E+01, -1.36993465E+01
1555.000000000001, -1.36867247E+01, -1.36755447E+01, -1.36720552E+01, -1.36826038E+01, -1.36864500E+01, -1.36774797E+01, -1.36843481E+01, -1.36797714E+01, -1.36723795E+01, -1.36812286E+01
1555.005000000001, -1.36568651E+01, -1.36541796E+01, -1.36545649E+01, -1.36537132E+01, -1.36513844E+01, -1.36520834E+01, -1.36533585E+01, -1.36439095E+01, -1.36479530E+01, -1.36513529E+01
1555.0100000000011, -1.36167517E+01, -1.36217337E+01, -1.36209002E+01, -1.36176052E+01, -1.36126862E+01, -1.36133776E+01, -1.36193533E+01, -1.36254663E+01, -1.36231413E+01, -1.36237764E+01
1555.0150000000012, -1.36108704E+01, -1.36068316E+01, -1.36034260E+01, -1.36073017E+01, -1.36087341E+01, -1.36126261E+01, -1.36014833E+01, -1.36021147E+01, -1.36015940E+01, -1.36099482E+01
1555.0200000000013, -1.35909586E+01, -1.35901909E+01, -1.35863295E+01, -1.35990334E+01, -1.35895119E+01, -1.35873156E+01, -1.35883732E+01, -1.36007624E+01, -1.35934944E+01, -1.35903597E+01
1555.0250000000015, -1.35881348E+01, -1.35782385E+01, -1.35679598E+01, -1.35694590E+01, -1.35702038E+01, -1.35731964E+01, -1.35852814E+01, -1.35686245E+01, -1.35661917E+01, -1.35697575E+01
1555.0300000000016, -1.35690212E+01, -1.35603580E+01, -1.35634832E+01, -1.35613413E+01, -1.35663805E+01, -1.35578423E+01, -1.35597553E+01, -1.35704021E+01, -1.35648727E+01, -1.35575933E+01
1555.0350000000017, -1.35535564E+01, -1.35554752E+01, -1.35627003E+01, -1.35522385E+01, -1.35504580E+01, -1.35499334E+01, -1.35570383E+01, -1.35485096E+01, -1.35538225E+01, -1.35517845E+01
1555.0400000000018, -1.35489750E+01, -1.35474625E+01, -1.35480070E+01, -1.35520897E+01, -1.35568819E+01, -1.35589123E+01, -1.35468884E+01, -1.35501413E+01, -1.35414867E+01, -1.35484514E+01
1555.045000000002, -1.35475416E+01, -1.35538235E+01, -1.35612812E+01, -1.35869074E+01, -1.35859900E+01, -1.35710192E+01, -1.35569105E+01, -1.35565538E+01, -1.35591202E+01, -1.35570097E+01
1555.050000000002, -1.35690317E+01, -1.35768166E+01, -1.35685949E+01, -1.35710793E+01, -1.35661430E+01, -1.35739422E+01, -1.35684843E+01, -1.35760412E+01, -1.35758696E+01, -1.35752640E+01
1555.055000000002, -1.35838871E+01, -1.35839758E+01, -1.35919771E+01, -1.35940542E+01, -1.35849619E+01, -1.35855112E+01, -1.35866795E+01, -1.35942450E+01, -1.35848837E+01, -1.35927963E+01
1555.0600000000022, -1.36088858E+01, -1.36040668E+01, -1.36166000E+01, -1.36145630E+01, -1.36104889E+01, -1.36072130E+01, -1.36039658E+01, -1.36080933E+01, -1.36043968E+01, -1.36051769E+01
1555.0650000000023, -1.36292019E+01, -1.36226501E+01, -1.36252356E+01, -1.36324759E+01, -1.36257286E+01, -1.36247921E+01, -1.36268454E+01, -1.36261110E+01, -1.36221066E+01, -1.36253672E+01
1555.0700000000024, -1.36498985E+01, -1.36569757E+01, -1.36518803E+01, -1.36531773E+01, -1.36488037E+01, -1.36471567E+01, -1.36470146E+01, -1.36485910E+01, -1.36469040E+01, -1.36449404E+01
1555.0750000000025, -1.36815634E+01, -1.36768064E+01, -1.36778860E+01, -1.36766129E+01, -1.36806059E+01, -1.36779165E+01, -1.36813202E+01, -1.36818695E+01, -1.36825943E+01, -1.36841841E+01
1555.0800000000027, -1.37227468E+01, -1.37264423E+01, -1.37322855E+01, -1.37385607E+01, -1.37324715E+01, -1.37193928E+01, -1.37168741E+01, -1.37158480E+01, -1.37220354E+01, -1.37226229E+01
1555.0850000000028, -1.37406263E+01, -1.37422085E+01, -1.37475863E+01, -1.37409887E+01, -1.37440901E+01, -1.37443695E+01, -1.37535114E+01, -1.37511063E+01, -1.37515821E+01, -1.37455997E+01
1555.0900000000029, -1.37833977E+01, -1.37838583E+01, -1.37836056E+01, -1.37915239E+01, -1.37890377E+01, -1.37866659E+01, -1.37856731E+01, -1.37832842E+01, -1.37792349E+01, -1.37872496E+01
1555.095000000003, -1.38179398E+01, -1.38179626E+01, -1.38111610E+01, -1.38089247E+01, -1.38091040E+01, -1.38078108E+01, -1.38153639E+01, -1.38064690E+01, -1.38085995E+01, -1.38172684E+01
1555.100000000003, -1.38369789E+01, -1.38447609E+01, -1.38326597E+01, -1.38301067E+01, -1.38382883E+01, -1.38473654E+01, -1.38370628E+01, -1.38384047E+01, -1.38273439E+01, -1.38394613E+01
1555.1050000000032, -1.38567066E+01, -1.38557405E+01, -1.38487425E+01, -1.38565369E+01, -1.38495684E+01, -1.38485947E+01, -1.38464241E+01, -1.38518696E+01, -1.38495369E+01, -1.38630896E+01
1555.1100000000033, -1.38676720E+01, -1.38720894E+01, -1.38640985E+01, -1.38724194E+01, -1.38621531E+01, -1.38674068E+01, -1.38679914E+01, -1.38642054E+01, -1.38639603E+01, -1.38654175E+01
1555.1150000000034, -1.38790617E+01, -1.38764582E+01, -1.38772373E+01, -1.38844614E+01, -1.38790178E+01, -1.38769598E+01, -1.38798389E+01, -1.38761911E+01, -1.38766489E+01, -1.38765211E+01
1555.1200000000035, -1.38822088E+01, -1.38800735E+01, -1.38826361E+01, -1.38843546E+01, -1.38882980E+01, -1.38867264E+01, -1.38888865E+01, -1.38867159E+01, -1.38826036E+01, -1.38835115E+01
1555.1250000000036, -1.38934116E+01, -1.38898697E+01, -1.38945341E+01, -1.38920841E+01, -1.38948984E+01, -1.39015093E+01, -1.39046745E+01, -1.39000187E+01, -1.39000940E+01, -1.38966646E+01
1555.1300000000037, -1.38887796E+01, -1.38974915E+01, -1.38948240E+01, -1.38907251E+01, -1.38885756E+01, -1.38892603E+01, -1.38914528E+01, -1.38951454E+01, -1.38947172E+01, -1.38986168E+01
1555.1350000000039, -1.38894625E+01, -1.38849754E+01, -1.38966770E+01, -1.38904467E+01, -1.38917313E+01, -1.38896341E+01, -1.38888435E+01, -1.38924589E+01, -1.39068413E+01, -1.38939571E+01
1555.140000000004, -1.38851242E+01, -1.38806925E+01, -1.38893661E+01, -1.38817825E+01, -1.38824768E+01, -1.38805542E+01, -1.38799572E+01, -1.38824339E+01, -1.38748817E+01, -1.38843327E+01
1555.145000000004, -1.38728886E+01, -1.38632259E+01, -1.38678417E+01, -1.38809052E+01, -1.38883410E+01, -1.38742847E+01, -1.38713322E+01, -1.38726435E+01, -1.38763742E+01, -1.38621101E+01
1555.1500000000042, -1.38377609E+01, -1.38380680E+01, -1.38351412E+01, -1.38349295E+01, -1.38389444E+01, -1.38419466E+01, -1.38356571E+01, -1.38362703E+01, -1.38436184E+01, -1.38401794E+01
1555.1550000000043, -1.38490391E+01, -1.38386374E+01, -1.38332615E+01, -1.38258791E+01, -1.38354893E+01, -1.38391228E+01, -1.38398008E+01, -1.38365755E+01, -1.38251619E+01, -1.38246260E+01
1555.1600000000044, -1.38207912E+01, -1.38035650E+01, -1.38041830E+01, -1.37970171E+01, -1.37996550E+01, -1.38000650E+01, -1.38030920E+01, -1.38028517E+01, -1.37983360E+01, -1.37933664E+01
1555.1650000000045, -1.37613401E+01, -1.37578135E+01, -1.37645721E+01, -1.37648106E+01, -1.37614241E+01, -1.37574196E+01, -1.37632113E+01, -1.37551365E+01, -1.37619982E+01, -1.37588825E+01
1555.1700000000046, -1.37302246E+01, -1.37226954E+01, -1.37238169E+01, -1.37229528E+01, -1.37243938E+01, -1.37196999E+01, -1.37201338E+01, -1.37245159E+01, -1.37195473E+01, -1.37206793E+01
1555.1750000000047, -1.36946011E+01, -1.36918306E+01, -1.36839695E+01, -1.36846638E+01, -1.36854095E+01, -1.36897259E+01, -1.36940594E+01, -1.36916685E+01, -1.36828279E+01, -1.36828499E+01
1555.1800000000048, -1.36530962E+01, -1.36597147E+01, -1.36584253E+01, -1.36697464E+01, -1.36647682E+01, -1.36640768E+01, -1.36614380E+01, -1.36589632E+01, -1.36660872E+01, -1.36655293E+01
1555.185000000005, -1.36393757E+01, -1.36306829E+01, -1.36364489E+01, -1.36389217E+01, -1.36365404E+01, -1.36362972E+01, -1.36380224E+01, -1.36307325E+01, -1.36443243E+01, -1.36332531E+01
1555.190000000005, -1.36144028E+01, -1.36113720E+01, -1.36100283E+01, -1.36045380E+01, -1.36110106E+01, -1.35969944E+01, -1.36086149E+01, -1.35966625E+01, -1.36044273E+01, -1.35939245E+01
1555.1950000000052, -1.35595970E+01, -1.35589218E+01, -1.35606861E+01, -1.35639391E+01, -1.35607462E+01, -1.35587130E+01, -1.35587244E+01, -1.35637999E+01, -1.35599422E+01, -1.35626507E+01
1555.2000000000053, -1.35304947E+01, -1.35352631E+01, -1.35327787E+01, -1.35327320E+01, -1.35353813E+01, -1.35380936E+01, -1.35330667E+01, -1.35359135E+01, -1.35357571E+01, -1.35417337E+01
1555.2050000000054, -1.35212507E+01, -1.35169325E+01, -1.35189047E+01, -1.35142527E+01, -1.35170879E+01, -1.35077648E+01, -1.35171270E+01, -1.35168123E+01, -1.35228920E+01, -1.35235996E+01
1555.2100000000055, -1.34866819E+01, -1.34842348E+01, -1.34884949E+01, -1.34854250E+01, -1.34837971E+01, -1.34819565E+01, -1.34860573E+01, -1.34835253E+01, -1.34896936E+01, -1.34890776E+01
1555.2150000000056, -1.34665337E+01, -1.34670677E+01, -1.34729614E+01, -1.34690371E+01, -1.34700184E+01, -1.34712324E+01, -1.34822779E+01, -1.34709797E+01, -1.34733200E+01, -1.34765272E+01
1555.2200000000057, -1.34713688E+01, -1.34678535E+01, -1.34598551E+01, -1.34661560E+01, -1.34599037E+01, -1.34656601E+01, -1.34602432E+01, -1.34678631E+01, -1.34604378E+01, -1.34582872E+01
1555.2250000000058, -1.34581995E+01, -1.34566402E+01, -1.34585762E+01, -1.34596615E+01, -1.34808569E+01, -1.34601650E+01, -1.34614429E+01, -1.34585476E+01, -1.34561462E+01, -1.34661169E+01
1555.230000000006, -1.34713106E+01, -1.34668646E+01, -1.34643526E+01, -1.34676008E+01, -1.34743128E+01, -1.34786978E+01, -1.34685726E+01, -1.34721861E+01, -1.34677286E+01, -1.34669409E+01
1555.235000000006, -1.34592934E+01, -1.34598179E+01, -1.34587336E+01, -1.34631405E+01, -1.34641867E+01, -1.34609709E+01, -1.34589062E+01, -1.34585276E+01, -1.34664183E+01, -1.34651947E+01
1555.2400000000061, -1.34866123E+01, -1.34783754E+01, -1.34808378E+01, -1.34782391E+01, -1.34742155E+01, -1.34815006E+01, -1.34748564E+01, -1.34815779E+01, -1.34766159E+01, -1.34782495E+01
1555.2450000000063, -1.34869823E+01, -1.34904633E+01, -1.34886789E+01, -1.34940262E+01, -1.34854441E+01, -1.34852104E+01, -1.34829407E+01, -1.34838562E+01, -1.34838953E+01, -1.34851418E+01
1555.2500000000064, -1.35002594E+01, -1.35028706E+01, -1.35035362E+01, -1.34989891E+01, -1.34947386E+01, -1.34950705E+01, -1.34958811E+01, -1.34956961E+01, -1.34960279E+01, -1.34973364E+01
1555.2550000000065, -1.35151434E+01, -1.35169601E+01, -1.35164995E+01, -1.35143013E+01, -1.35169697E+01, -1.35140171E+01, -1.35220966E+01, -1.35133801E+01, -1.35178728E+01, -1.35182943E+01
1555.2600000000066, -1.35373144E+01, -1.35382996E+01, -1.35432234E+01, -1.35471954E+01, -1.35450716E+01, -1.35448933E+01, -1.35408459E+01, -1.35329180E+01, -1.35383577E+01, -1.35381899E+01
1555.2650000000067, -1.35617075E+01, -1.35809078E+01, -1.35666990E+01, -1.35744886E+01, -1.35715771E+01, -1.35680790E+01, -1.35672750E+01, -1.35644560E+01, -1.35696878E+01, -1.35645647E+01
1555.2700000000068, -1.35773630E+01, -1.35775118E+01, -1.35737209E+01, -1.35750942E+01, -1.35802402E+01, -1.35913496E+01, -1.35834780E+01, -1.35941849E+01, -1.35885630E+01, -1.35829802E+01
1555.275000000007, -1.35987234E+01, -1.35997238E+01, -1.35982628E+01, -1.35972948E+01, -1.36025839E+01, -1.36047668E+01, -1.36034660E+01, -1.36013527E+01, -1.36050673E+01, -1.36080027E+01
1555.280000000007, -1.36448812E+01, -1.36398010E+01, -1.36351681E+01, -1.36325769E+01, -1.36315985E+01, -1.36386786E+01, -1.36341696E+01, -1.36275101E+01, -1.36513624E+01, -1.36489773E+01
1555.2850000000071, -1.36484299E+01, -1.36523142E+01, -1.36613779E+01, -1.36632948E+01, -1.36512337E+01, -1.36724396E+01, -1.37069073E+01, -1.37492027E+01, -1.37983255E+01, -1.38169613E+01
1555.2900000000072, -1.36716270E+01, -1.36751480E+01, -1.36822777E+01, -1.36796894E+01, -1.36850729E+01, -1.36659050E+01, -1.36634989E+01, -1.36662703E+01, -1.36779470E+01, -1.36798925E+01
1555.2950000000073, -1.36790981E+01, -1.36872253E+01, -1.36870413E+01, -1.36885614E+01, -1.36805658E+01, -1.36837873E+01, -1.36828585E+01, -1.36852760E+01, -1.36801567E+01, -1.36773767E+01
1555.3000000000075, -1.37217894E+01, -1.37105083E+01, -1.37114620E+01, -1.37013836E+01, -1.37116375E+01, -1.37004738E+01, -1.37021732E+01, -1.37085981E+01, -1.37058420E+01, -1.37067118E+01
1555.3050000000076, -1.37063646E+01, -1.37047243E+01, -1.37031145E+01, -1.37121820E+01, -1.37126627E+01, -1.37000742E+01, -1.36981506E+01, -1.37012405E+01, -1.37012415E+01, -1.37035036E+01
1555.3100000000077, -1.37189102E+01, -1.37151995E+01, -1.37193098E+01, -1.37247124E+01, -1.37183228E+01, -1.37236319E+01, -1.37118320E+01, -1.37201748E+01, -1.37174807E+01, -1.37125502E+01
1555.3150000000078, -1.37216244E+01, -1.37167511E+01, -1.37237444E+01, -1.37267303E+01, -1.37270498E+01, -1.37350922E+01, -1.37312660E+01, -1.37305431E+01, -1.37289352E+01, -1.37283897E+01
1555.320000000008, -1.37169781E+01, -1.37209463E+01, -1.37140694E+01, -1.37239304E+01, -1.37200718E+01, -1.37257214E+01, -1.37233219E+01, -1.37192383E+01, -1.37160616E+01, -1.37218933E+01
1555.325000000008, -1.37201338E+01, -1.37257938E+01, -1.37312145E+01, -1.37257729E+01, -1.37243004E+01, -1.37162170E+01, -1.37274828E+01, -1.37228584E+01, -1.37280283E+01, -1.37229013E+01
1555.330000000008, -1.37293482E+01, -1.37374353E+01, -1.37317905E+01, -1.37314606E+01, -1.37292328E+01, -1.37291517E+01, -1.37191048E+01, -1.37275867E+01, -1.37170496E+01, -1.37213888E+01
1555.3350000000082, -1.37226543E+01, -1.37275343E+01, -1.37180672E+01, -1.37131042E+01, -1.37205753E+01, -1.37331419E+01, -1.37154055E+01, -1.37072887E+01, -1.37125292E+01, -1.37091122E+01
1555.3400000000083, -1.37135363E+01, -1.37058611E+01, -1.37182426E+01, -1.37100763E+01, -1.37123241E+01, -1.37062101E+01, -1.37043848E+01, -1.37077065E+01, -1.37021732E+01, -1.37098103E+01
1555.3450000000084, -1.37026863E+01, -1.36965523E+01, -1.36968813E+01, -1.36863070E+01, -1.36968699E+01, -1.37006369E+01, -1.36956425E+01, -1.36991310E+01, -1.36952057E+01, -1.36922598E+01
1555.3500000000085, -1.36833382E+01, -1.36774178E+01, -1.36726847E+01, -1.36767559E+01, -1.36844282E+01, -1.36812792E+01, -1.36735792E+01, -1.36802492E+01, -1.36757479E+01, -1.36760521E+01
1555.3550000000087, -1.36586494E+01, -1.36609612E+01, -1.36578579E+01, -1.36558113E+01, -1.36596022E+01, -1.36634064E+01, -1.36612358E+01, -1.36606770E+01, -1.36582241E+01, -1.36627474E+01
1555.3600000000088, -1.36472263E+01, -1.36422634E+01, -1.36422329E+01, -1.36436272E+01, -1.36428080E+01, -1.36434975E+01, -1.36423340E+01, -1.36419191E+01, -1.36493311E+01, -1.36482162E+01
