wavelength_nm ,power_reading_0_dbm ,power_reading_1_dbm ,power_reading_2_dbm ,power_reading_3_dbm ,power_reading_4_dbm ,power_reading_5_dbm ,power_reading_6_dbm ,power_reading_7_dbm ,power_reading_8_dbm ,power_reading_9_dbm 
1539.0, -20.1500282, -20.1536102, -20.1542835, -20.1564178, -20.1588955, -20.1623535, -20.1674461, -20.1689129, -20.1675358, -20.1680851
1539.1, -20.5746536, -20.5742798, -20.5720272, -20.5683651, -20.5689926, -20.5675945, -20.5686665, -20.5678253, -20.5650463, -20.5637741
1539.1999999999998, -19.0377846, -19.0377026, -19.0387554, -19.0393715, -19.0382404, -19.0384445, -19.0377178, -19.0370388, -19.0371857, -19.0379944
1539.2999999999997, -19.4131699, -19.4130363, -19.4123783, -19.4103165, -19.4107399, -19.4115334, -19.4124699, -19.4130726, -19.4128056, -19.4144917
1539.3999999999996, -19.919384, -19.9169388, -19.9184551, -19.91576, -19.9177608, -19.9190712, -19.9191189, -19.9178677, -19.9185276, -19.9183083
1539.4999999999995, -19.7746887, -19.7760696, -19.7759457, -19.7750301, -19.7759552, -19.7768669, -19.7758465, -19.7762203, -19.7747803, -19.7783451
1539.5999999999995, -20.4256706, -20.4246445, -20.4235039, -20.4260998, -20.4266281, -20.4264317, -20.4213409, -20.4267063, -20.4250698, -20.4264412
1539.6999999999994, -19.9698238, -19.968359, -19.9660702, -19.9657803, -19.9672699, -19.9645157, -19.9621601, -19.9632339, -19.9632206, -19.9635315
1539.7999999999993, -20.5019894, -20.5088711, -20.5142899, -20.5189724, -20.5215988, -20.5245056, -20.5249882, -20.5302486, -20.5316849, -20.5344219
1539.8999999999992, -19.676796, -19.6725826, -19.6694584, -19.6655483, -19.6609554, -19.6598873, -19.6595612, -19.6581478, -19.6570396, -19.6537914
1539.999999999999, -18.5350056, -18.5346031, -18.5355186, -18.5358124, -18.5358067, -18.5363827, -18.5373402, -18.5367546, -18.5357037, -18.5368767
1540.099999999999, -20.0325756, -20.0325394, -20.0337772, -20.0325356, -20.0339565, -20.0337009, -20.0324516, -20.0343094, -20.0344753, -20.0338249
1540.199999999999, -19.4697628, -19.466835, -19.4707069, -19.4686642, -19.4675465, -19.4691963, -19.4698391, -19.466526, -19.4676914, -19.4645176
1540.2999999999988, -20.309166, -20.3092442, -20.3095245, -20.310154, -20.3101349, -20.3096104, -20.3086491, -20.309494, -20.3093147, -20.3080444
1540.3999999999987, -20.0119896, -20.0126934, -20.0111332, -20.0117607, -20.0109253, -20.0084915, -20.0097218, -20.0079422, -20.0079842, -20.0065594
1540.4999999999986, -20.5324841, -20.5330219, -20.5334892, -20.5295868, -20.529129, -20.5295277, -20.5272751, -20.5276642, -20.5286503, -20.5314388
1540.5999999999985, -20.3332386, -20.3349972, -20.3372002, -20.3367233, -20.3379135, -20.3376503, -20.3370457, -20.3375587, -20.33671, -20.3361378
1540.6999999999985, -19.3609295, -19.3594437, -19.3570557, -19.3535595, -19.3521519, -19.3479824, -19.3487759, -19.3443394, -19.3430748, -19.3426285
1540.7999999999984, -18.7690926, -18.7713013, -18.7768974, -18.7796516, -18.7826595, -18.7827892, -18.7853584, -18.7858772, -18.7855606, -18.7872505
1540.8999999999983, -20.3365631, -20.3388519, -20.3363953, -20.3375359, -20.3383846, -20.3376961, -20.3373661, -20.3382244, -20.3375263, -20.3384228
1540.9999999999982, -19.6725101, -19.6729755, -19.6734734, -19.6727982, -19.673769, -19.673811, -19.6745415, -19.6734219, -19.6735992, -19.6729145
1541.099999999998, -20.7167244, -20.7169552, -20.7174511, -20.7159176, -20.7155933, -20.7155342, -20.7148304, -20.7146873, -20.7163315, -20.7149696
1541.199999999998, -19.2608376, -19.2626019, -19.2619686, -19.2644367, -19.2655563, -19.2666893, -19.2647743, -19.2640686, -19.2629547, -19.2620735
1541.299999999998, -20.7269325, -20.7277889, -20.7260303, -20.7251205, -20.7265034, -20.7251511, -20.7263947, -20.7252445, -20.7248478, -20.7257652
1541.3999999999978, -19.5591869, -19.5538063, -19.5588036, -19.5589523, -19.5603542, -19.5591602, -19.5580444, -19.5605488, -19.5619068, -19.5606079
1541.4999999999977, -19.4052334, -19.4038563, -19.4043636, -19.4057312, -19.4030228, -19.4022007, -19.4037571, -19.4033527, -19.4032993, -19.4031868
1541.5999999999976, -19.2624893, -19.257885, -19.2568493, -19.2570229, -19.2556, -19.2560844, -19.2576694, -19.2572212, -19.2594223, -19.2583828
1541.6999999999975, -20.5978165, -20.5979004, -20.5986328, -20.5988865, -20.596983, -20.5951042, -20.5954342, -20.5950642, -20.5971336, -20.5976353
1541.7999999999975, -19.8958149, -19.8970585, -19.8966484, -19.896862, -19.8972111, -19.8973179, -19.8969212, -19.8972473, -19.8978252, -19.8974457
1541.8999999999974, -21.3692036, -21.3686123, -21.3685284, -21.369772, -21.3690567, -21.3699284, -21.3687382, -21.3691273, -21.3702393, -21.3687382
1541.9999999999973, -20.8010502, -20.8052483, -20.801796, -20.8012447, -20.8004036, -20.800993, -20.7996273, -20.7937126, -20.7959957, -20.7921028
1542.0999999999972, -20.6431999, -20.6434975, -20.6437359, -20.6426048, -20.6406269, -20.6375427, -20.6399345, -20.6378307, -20.6384983, -20.6394997
1542.199999999997, -18.7302227, -18.7305794, -18.7304821, -18.7284698, -18.726757, -18.7296677, -18.7313862, -18.730545, -18.7300339, -18.7317448
1542.299999999997, -20.1225166, -20.120369, -20.1202717, -20.1186733, -20.1170712, -20.1142006, -20.1131058, -20.1142788, -20.1164703, -20.1168671
1542.399999999997, -19.8408661, -19.8408394, -19.8406963, -19.8408775, -19.8424358, -19.8403549, -19.8400307, -19.8402252, -19.8371792, -19.836565
1542.4999999999968, -21.0156784, -21.0149326, -21.0165997, -21.0176468, -21.0157814, -21.0150928, -21.0136948, -21.0158291, -21.0139294, -21.0149708
1542.5999999999967, -20.2275467, -20.2293053, -20.2291489, -20.228426, -20.2292538, -20.2282734, -20.230402, -20.2300777, -20.2301483, -20.2301426
1542.6999999999966, -21.4912624, -21.4941273, -21.4961662, -21.494669, -21.4946251, -21.4948215, -21.4977913, -21.4971886, -21.4954319, -21.4956551
1542.7999999999965, -20.2189922, -20.2164459, -20.2176933, -20.216959, -20.2172203, -20.2189922, -20.2187309, -20.2179604, -20.217083, -20.2172356
1542.8999999999965, -20.4494095, -20.4488106, -20.4482174, -20.4462833, -20.4484501, -20.449831, -20.4511776, -20.4501934, -20.4499531, -20.4497585
1542.9999999999964, -18.6676388, -18.6671104, -18.6669121, -18.6668301, -18.6670494, -18.6666298, -18.6659012, -18.6656914, -18.6668587, -18.6676254
1543.0999999999963, -20.6781635, -20.6782436, -20.6786938, -20.677557, -20.6761532, -20.6771584, -20.6773262, -20.6749897, -20.6748142, -20.6742344
1543.1999999999962, -20.1694546, -20.1694412, -20.1726398, -20.1739941, -20.172884, -20.1720982, -20.1712685, -20.17379, -20.1728611, -20.1729794
1543.299999999996, -21.3796425, -21.3799591, -21.3818073, -21.3818054, -21.3800602, -21.3805389, -21.3803425, -21.38167, -21.3803787, -21.3819504
1543.399999999996, -20.2921371, -20.2935295, -20.293684, -20.2943478, -20.2945156, -20.2932682, -20.2947063, -20.2926979, -20.2933617, -20.2928753
1543.499999999996, -21.5911503, -21.5920753, -21.5942059, -21.5964813, -21.5947723, -21.5933781, -21.5918503, -21.5950642, -21.5980644, -21.5955868
1543.5999999999958, -20.2572269, -20.2560711, -20.2559719, -20.2579117, -20.2583847, -20.2583542, -20.2574444, -20.2582417, -20.2595158, -20.2601223
1543.6999999999957, -20.0342426, -20.0347614, -20.0354347, -20.0346203, -20.0355148, -20.0343914, -20.0322762, -20.0359726, -20.0356178, -20.0352249
1543.7999999999956, -18.9516983, -18.9516678, -18.9511299, -18.9502697, -18.9498024, -18.9495735, -18.9497166, -18.9483261, -18.948349, -18.9481945
1543.8999999999955, -21.024004, -21.0245533, -21.0267067, -21.0248833, -21.0246124, -21.025713, -21.0249615, -21.0250759, -21.025568, -21.02421
1543.9999999999955, -21.0253487, -21.0254021, -21.0260792, -21.0254421, -21.0253429, -21.0248508, -21.0254421, -21.0256786, -21.02742, -21.0278034
1544.0999999999954, -21.8397045, -21.841238, -21.8431339, -21.8423195, -21.8428078, -21.8409443, -21.8431339, -21.8434486, -21.8437958, -21.8439217
1544.1999999999953, -20.2389908, -20.2420731, -20.239397, -20.2392082, -20.2354393, -20.2343216, -20.2339706, -20.2324142, -20.2332516, -20.2342968
1544.2999999999952, -21.3562374, -21.356184, -21.3581238, -21.3578186, -21.3602371, -21.3599339, -21.355772, -21.3576813, -21.3585243, -21.3596287
1544.399999999995, -20.1141968, -20.1149864, -20.113287, -20.1121063, -20.1128216, -20.1132965, -20.1135559, -20.112051, -20.113636, -20.1126976
1544.499999999995, -19.4188251, -19.4196053, -19.4206772, -19.4203262, -19.4213619, -19.4199657, -19.4217701, -19.4199638, -19.4206505, -19.421957
1544.599999999995, -19.9836807, -19.9837208, -19.9844418, -19.9837723, -19.9830666, -19.9831409, -19.982563, -19.9827023, -19.9839954, -19.982523
1544.6999999999948, -21.0134678, -21.0131016, -21.0134926, -21.0138798, -21.0121212, -21.0129375, -21.0130215, -21.0122108, -21.0127392, -21.0107384
1544.7999999999947, -20.4625416, -20.461298, -20.4624481, -20.4620171, -20.4633617, -20.4620113, -20.4619389, -20.4637756, -20.4649162, -20.4639206
1544.8999999999946, -21.7770309, -21.7780762, -21.7788734, -21.7784786, -21.779726, -21.7799053, -21.7749081, -21.7777672, -21.7784176, -21.7807922
1544.9999999999945, -20.2619095, -20.2620602, -20.2597008, -20.2576962, -20.2558784, -20.2520237, -20.2526855, -20.2514629, -20.2516212, -20.2515621
1545.0999999999945, -21.3536015, -21.3552876, -21.3555107, -21.3551693, -21.3546352, -21.3566666, -21.3551292, -21.355629, -21.355814, -21.3561363
1545.1999999999944, -19.8668976, -19.8653412, -19.8645115, -19.862608, -19.861124, -19.8605595, -19.8604546, -19.8587685, -19.858757, -19.8587093
1545.2999999999943, -20.1995316, -20.1764355, -20.1738491, -20.1670284, -20.1567307, -20.1487255, -20.1479855, -20.1469517, -20.1480007, -20.1435471
1545.3999999999942, -20.6696892, -20.6713848, -20.6714916, -20.6719723, -20.6724949, -20.6721039, -20.672308, -20.6715374, -20.672205, -20.6719856
1545.499999999994, -20.8146343, -20.8154774, -20.8162556, -20.8160667, -20.8154602, -20.8159943, -20.8164673, -20.8160133, -20.8168373, -20.8171196
1545.599999999994, -20.9474888, -20.9445877, -20.9449425, -20.9426041, -20.9423161, -20.9408836, -20.9404182, -20.9395943, -20.9412422, -20.9415894
1545.699999999994, -21.3846226, -21.3850136, -21.3853073, -21.382473, -21.3836136, -21.3821297, -21.3813572, -21.3788795, -21.3792572, -21.3772545
1545.7999999999938, -20.2107944, -20.2112923, -20.2098522, -20.2099934, -20.2091866, -20.2098236, -20.2106438, -20.2115059, -20.2100239, -20.2093334
1545.8999999999937, -20.6174965, -20.6198158, -20.6193619, -20.6189041, -20.6198559, -20.6191063, -20.6169815, -20.6211796, -20.6182652, -20.6194935
1545.9999999999936, -20.0212898, -20.02561, -20.0275021, -20.025341, -20.0263691, -20.0260925, -20.024559, -20.0244274, -20.0225315, -20.0233612
1546.0999999999935, -19.3399353, -19.3432693, -19.3416767, -19.3415642, -19.3429451, -19.3421211, -19.3413334, -19.3431396, -19.3437729, -19.343071
1546.1999999999935, -21.1726189, -21.1726303, -21.1719666, -21.1713371, -21.1723957, -21.1715546, -21.1733551, -21.1731625, -21.1727543, -21.1723728
1546.2999999999934, -20.3262901, -20.3257599, -20.3245697, -20.3264408, -20.327364, -20.3249931, -20.3244877, -20.3259201, -20.3285408, -20.3286304
1546.3999999999933, -21.7530975, -21.7538757, -21.7545147, -21.7548046, -21.7542038, -21.7526722, -21.7511177, -21.7523193, -21.7500801, -21.753191
1546.4999999999932, -20.8053474, -20.804306, -20.8048534, -20.8051414, -20.8054638, -20.8043079, -20.8038826, -20.8037338, -20.8042641, -20.8057346
1546.599999999993, -20.2962875, -20.2956505, -20.2984486, -20.2962112, -20.2968998, -20.2970295, -20.2981758, -20.2982864, -20.2972279, -20.2973022
1546.699999999993, -19.6460247, -19.6458855, -19.6475029, -19.6465912, -19.6447105, -19.6454639, -19.6438255, -19.644495, -19.645153, -19.6460629
1546.799999999993, -20.2400284, -20.2436562, -20.2449169, -20.246788, -20.2499828, -20.2499657, -20.2528229, -20.2523327, -20.2538185, -20.2535725
1546.8999999999928, -19.7402306, -19.7349377, -19.7355423, -19.7361317, -19.7385368, -19.7389679, -19.7390213, -19.7395649, -19.7389393, -19.7391739
1546.9999999999927, -21.6640263, -21.6651268, -21.6647568, -21.6661282, -21.6646099, -21.6661034, -21.6649742, -21.6659088, -21.6667042, -21.6658974
1547.0999999999926, -20.2441921, -20.2449226, -20.2446327, -20.244009, -20.2446041, -20.2453747, -20.2446079, -20.2451115, -20.2444115, -20.2458382
1547.1999999999925, -22.03969, -22.0380993, -22.0372066, -22.0372066, -22.0388546, -22.0387001, -22.0394955, -22.0397663, -22.0403347, -22.0401096
1547.2999999999925, -20.2809448, -20.280632, -20.2811737, -20.2804699, -20.2804775, -20.2812786, -20.281559, -20.2823658, -20.2813148, -20.2819881
1547.3999999999924, -20.4787292, -20.4802303, -20.480051, -20.4795284, -20.4802017, -20.4796124, -20.4769936, -20.4773064, -20.4797573, -20.4781246
1547.4999999999923, -19.090704, -19.0915241, -19.092701, -19.093523, -19.093483, -19.0939198, -19.0929146, -19.0930443, -19.0909557, -19.0918159
1547.5999999999922, -20.8196411, -20.8207684, -20.8202477, -20.8203678, -20.8201141, -20.8202629, -20.820837, -20.8197823, -20.8205414, -20.8193016
1547.699999999992, -20.3857841, -20.3763275, -20.3734055, -20.3707466, -20.3664627, -20.3663979, -20.3660984, -20.3647728, -20.3665104, -20.3672581
1547.799999999992, -22.1755352, -22.1766014, -22.1774445, -22.17803, -22.178093, -22.1776619, -22.1754131, -22.1770935, -22.1785259, -22.1767673
1547.899999999992, -20.3118134, -20.3113594, -20.3113174, -20.3123074, -20.3104782, -20.3097477, -20.3098354, -20.3093567, -20.3102093, -20.3106289
1547.9999999999918, -21.8924141, -21.8923473, -21.8930302, -21.8942909, -21.8947029, -21.8950481, -21.895298, -21.8945694, -21.8954735, -21.8942165
1548.0999999999917, -20.2077484, -20.2079182, -20.2084484, -20.2066402, -20.2072544, -20.2071896, -20.2083988, -20.2078857, -20.2078896, -20.207859
1548.1999999999916, -20.7664471, -20.7673855, -20.7681351, -20.7670879, -20.7663803, -20.767107, -20.7660885, -20.7667122, -20.7669716, -20.7668953
1548.2999999999915, -18.9736004, -18.9742107, -18.9742622, -18.9749069, -18.9737759, -18.9747772, -18.9741802, -18.9734421, -18.9741554, -18.9733257
1548.3999999999915, -21.3722591, -21.3708439, -21.3727474, -21.372406, -21.373785, -21.3709564, -21.3713017, -21.3714314, -21.3702812, -21.3743286
1548.4999999999914, -20.6985168, -20.6977444, -20.6984196, -20.6969643, -20.6976585, -20.697052, -20.6961136, -20.6966267, -20.6987438, -20.6985493
1548.5999999999913, -22.3224678, -22.3154182, -22.3120022, -22.3078785, -22.3068314, -22.3051224, -22.3021259, -22.3013458, -22.3001976, -22.3005238
1548.6999999999912, -20.8015804, -20.7987995, -20.7985325, -20.7977276, -20.7954788, -20.7951946, -20.7959709, -20.7945614, -20.7944603, -20.7947807
1548.799999999991, -21.7352619, -21.7377567, -21.7375164, -21.7370911, -21.7366028, -21.73736, -21.7362385, -21.7361927, -21.7363815, -21.7378006
1548.899999999991, -20.3092823, -20.3083401, -20.3070641, -20.3079128, -20.3065109, -20.3073273, -20.3060532, -20.3050137, -20.3056126, -20.3044777
1548.999999999991, -20.2881413, -20.2893333, -20.288908, -20.2882919, -20.2877083, -20.2886276, -20.2890186, -20.2887859, -20.2879944, -20.2883148
1549.0999999999908, -19.6995506, -19.6985607, -19.6998329, -19.6999588, -19.7008476, -19.7007771, -19.7005615, -19.7011089, -19.7026939, -19.7018166
1549.1999999999907, -22.1072807, -22.1083946, -22.1103668, -22.1088428, -22.1098213, -22.107933, -22.1088123, -22.1095428, -22.1097698, -22.1058216
1549.2999999999906, -20.6532974, -20.654089, -20.6519012, -20.6525364, -20.6519623, -20.6508102, -20.6511154, -20.6515255, -20.6524143, -20.6501598
1549.3999999999905, -22.2215004, -22.2162971, -22.2163925, -22.2159996, -22.2146778, -22.2152309, -22.214756, -22.215229, -22.2160721, -22.2153893
1549.4999999999905, -20.9813805, -20.9912319, -20.9942131, -20.9960098, -20.9963932, -20.9978695, -20.998497, -21.0004082, -20.9996605, -20.9997768
1549.5999999999904, -21.5352631, -21.535059, -21.5347595, -21.5381374, -21.5400352, -21.5392265, -21.5396061, -21.5383377, -21.5391407, -21.5404377
1549.6999999999903, -20.7555485, -20.7562923, -20.7547703, -20.7546978, -20.7533112, -20.7535591, -20.753109, -20.7531929, -20.7513847, -20.7516079
1549.7999999999902, -19.6835308, -19.6828175, -19.6804295, -19.6834049, -19.6815338, -19.6833134, -19.6835823, -19.6847267, -19.6837959, -19.6838474
1549.89999999999, -20.7968464, -20.7975025, -20.7954941, -20.7947655, -20.7955837, -20.794241, -20.79562, -20.7952633, -20.7953529, -20.7947025
1549.99999999999, -21.9463997, -21.9470558, -21.9478645, -21.9476509, -21.9481564, -21.9465027, -21.9457779, -21.9467144, -21.9475079, -21.9488392
1550.09999999999, -21.1889477, -21.1863136, -21.1850014, -21.1838245, -21.1834965, -21.1826267, -21.1809139, -21.1798134, -21.1811142, -21.1799507
1550.1999999999898, -21.9364529, -21.9393311, -21.9387989, -21.9415073, -21.9387321, -21.9405403, -21.9408932, -21.9400883, -21.939373, -21.9425201
1550.2999999999897, -20.9011326, -20.9112568, -20.9147205, -20.921463, -20.9243679, -20.9249496, -20.9264088, -20.9250793, -20.9241505, -20.9253845
1550.3999999999896, -20.9010315, -20.9003811, -20.9003601, -20.9003105, -20.8993931, -20.900074, -20.8989887, -20.8977547, -20.8961182, -20.8949642
1550.4999999999895, -21.0945892, -21.0952206, -21.0958481, -21.0959663, -21.095293, -21.0947704, -21.0955448, -21.0943089, -21.0956402, -21.0948753
1550.5999999999894, -19.434803, -19.4360523, -19.4339714, -19.4337063, -19.4341316, -19.4332352, -19.4335346, -19.4323387, -19.4324455, -19.4336987
1550.6999999999894, -21.7053013, -21.7043381, -21.706192, -21.7060699, -21.7064133, -21.7051125, -21.7068996, -21.7081795, -21.7072029, -21.7072792
1550.7999999999893, -21.2320118, -21.2316589, -21.2350101, -21.2356014, -21.2351437, -21.2338734, -21.2346096, -21.2294102, -21.2329693, -21.2326508
1550.8999999999892, -21.9423428, -21.9423161, -21.9415703, -21.9400082, -21.9399796, -21.9407444, -21.9413452, -21.940424, -21.9405689, -21.9416523
1550.999999999989, -22.301487, -22.3043518, -22.309803, -22.3055611, -22.3093872, -22.3122787, -22.3126869, -22.3146343, -22.3161678, -22.3132668
1551.099999999989, -20.955452, -20.9539604, -20.9543667, -20.9546833, -20.9523678, -20.9533081, -20.9520741, -20.9531555, -20.9538937, -20.953804
1551.199999999989, -20.4274292, -20.4261246, -20.4256916, -20.4246597, -20.4245682, -20.4253712, -20.4232063, -20.4239616, -20.4235477, -20.4219799
1551.2999999999888, -21.10816, -21.1065502, -21.1095695, -21.1093273, -21.1093559, -21.1090412, -21.1095924, -21.1086063, -21.107502, -21.108448
1551.3999999999887, -19.5660248, -19.5656967, -19.566, -19.565258, -19.5655727, -19.5649929, -19.5654907, -19.5649071, -19.5649376, -19.5662498
1551.4999999999886, -22.4254436, -22.4250698, -22.4277935, -22.427887, -22.4282837, -22.4294815, -22.4287128, -22.4297581, -22.431078, -22.4298954
1551.5999999999885, -20.7317924, -20.731741, -20.7315388, -20.7322006, -20.730484, -20.731823, -20.7312965, -20.7313061, -20.7326908, -20.7310123
1551.6999999999884, -22.3274212, -22.3283539, -22.3264046, -22.3251991, -22.3242283, -22.3233719, -22.3257275, -22.3274117, -22.3255997, -22.3264065
1551.7999999999884, -21.1243591, -21.1269779, -21.128828, -21.1311188, -21.1292973, -21.1294575, -21.1314354, -21.1312084, -21.1303692, -21.1309299
1551.8999999999883, -21.2691212, -21.2673473, -21.2646542, -21.2655144, -21.264679, -21.2651157, -21.2648468, -21.263464, -21.2661228, -21.266386
1551.9999999999882, -19.8074398, -19.8064251, -19.8074245, -19.8072491, -19.8051987, -19.8065929, -19.8052597, -19.8046417, -19.8056393, -19.805027
1552.099999999988, -21.0112724, -21.0047035, -21.00247, -20.9965191, -20.9931965, -20.990509, -20.9904594, -20.9900475, -20.9889355, -20.9857349
1552.199999999988, -20.2403622, -20.2407455, -20.2428722, -20.2427883, -20.2428169, -20.2422638, -20.2426872, -20.2420959, -20.2426243, -20.2443676
1552.299999999988, -22.6265011, -22.6256046, -22.625349, -22.6263866, -22.6277294, -22.6282749, -22.6304169, -22.62953, -22.630209, -22.6293144
1552.3999999999878, -21.0078411, -21.0080566, -21.0085793, -21.0084515, -21.0066624, -21.004364, -21.0043068, -21.0041962, -21.0034542, -21.0051174
1552.4999999999877, -21.9825897, -21.9834175, -21.9834728, -21.982729, -21.9802132, -21.9830379, -21.9812241, -21.9827747, -21.9809628, -21.9819965
1552.5999999999876, -20.6306362, -20.6287537, -20.6282806, -20.6288872, -20.6297169, -20.6290607, -20.627882, -20.626646, -20.6267395, -20.6277695
1552.6999999999875, -21.3048401, -21.3046207, -21.3039856, -21.3054829, -21.3051167, -21.3060951, -21.3032055, -21.3043728, -21.302557, -21.3036766
1552.7999999999874, -19.7184525, -19.7165012, -19.7158012, -19.7143288, -19.7133522, -19.7134266, -19.7140408, -19.7144146, -19.7160206, -19.7140713
1552.8999999999874, -21.3020039, -21.2979698, -21.2966156, -21.2965336, -21.2958164, -21.2927284, -21.2940216, -21.2929173, -21.2967987, -21.2943439
1552.9999999999873, -21.0166607, -21.0247002, -21.029232, -21.0309868, -21.0316772, -21.0357933, -21.0364475, -21.0365467, -21.037178, -21.0374718
1553.0999999999872, -22.1423817, -22.1412296, -22.1458645, -22.1492157, -22.1517315, -22.1537876, -22.1542892, -22.1539383, -22.1559105, -22.1577835
1553.199999999987, -21.601429, -21.6004868, -21.5972824, -21.5963669, -21.5958824, -21.59515, -21.5939541, -21.5952282, -21.5954723, -21.5953026
1553.299999999987, -21.8225803, -21.8212719, -21.8211708, -21.8232632, -21.8219814, -21.8222466, -21.8230515, -21.8214512, -21.8238144, -21.8227978
1553.399999999987, -20.844471, -20.843317, -20.8431931, -20.8426952, -20.8431473, -20.8450813, -20.843771, -20.8439426, -20.8436241, -20.8448811
1553.4999999999868, -22.4239845, -22.4279919, -22.4326534, -22.4319649, -22.4335938, -22.43536, -22.4342747, -22.4334736, -22.4306812, -22.4255733
1553.5999999999867, -20.3202705, -20.3183575, -20.3194809, -20.3204079, -20.3202133, -20.3190689, -20.3171749, -20.3180904, -20.3171215, -20.3176022
1553.6999999999866, -21.9192142, -21.9252968, -21.9294491, -21.9308243, -21.932003, -21.9336987, -21.933691, -21.9344616, -21.9347496, -21.9339504
1553.7999999999865, -21.8021889, -21.8237743, -21.8334656, -21.8437023, -21.8510151, -21.857439, -21.8619881, -21.8678665, -21.8676109, -21.87006
1553.8999999999864, -21.8537521, -21.8387051, -21.8296471, -21.8233166, -21.818716, -21.8169899, -21.8139324, -21.8098183, -21.8091831, -21.8078709
1553.9999999999864, -21.8561687, -21.8531494, -21.8548164, -21.8539944, -21.851572, -21.8513908, -21.8502674, -21.849432, -21.850502, -21.8495445
1554.0999999999863, -21.2348595, -21.2355747, -21.2353821, -21.2373142, -21.2353477, -21.2368374, -21.2372036, -21.237772, -21.2380295, -21.237175
1554.1999999999862, -21.6569939, -21.6569214, -21.6542835, -21.6540146, -21.6554661, -21.65411, -21.6553631, -21.6557732, -21.6554279, -21.6549473
1554.299999999986, -20.2264519, -20.2258549, -20.2268391, -20.226326, -20.226757, -20.2278004, -20.2270546, -20.2272015, -20.2284184, -20.2267742
1554.399999999986, -21.2375774, -21.2366123, -21.2370644, -21.2356777, -21.2369194, -21.2364941, -21.2371101, -21.2379761, -21.2394676, -21.2412243
1554.499999999986, -21.8041058, -21.8041325, -21.8051777, -21.8042068, -21.8042316, -21.8053894, -21.8058472, -21.803339, -21.8032532, -21.8018188
1554.5999999999858, -22.5764713, -22.5753956, -22.5716915, -22.5675106, -22.5629711, -22.5631065, -22.5602932, -22.5623016, -22.5599785, -22.5575008
1554.6999999999857, -21.8995686, -21.874279, -21.86022, -21.8449154, -21.8388309, -21.8311634, -21.8221359, -21.814743, -21.8108463, -21.8098259
1554.7999999999856, -21.9930382, -21.9964237, -21.9961472, -21.9969769, -21.9964237, -21.9990044, -21.9991951, -21.9989548, -21.9991493, -21.9985256
1554.8999999999855, -20.9510574, -20.9509544, -20.9509048, -20.9503345, -20.9499493, -20.9514828, -20.9521027, -20.9517212, -20.9510021, -20.9515686
1554.9999999999854, -21.8040943, -21.8049126, -21.8054962, -21.8057594, -21.8055077, -21.8050518, -21.8051968, -21.8058395, -21.8048496, -21.8050709
1555.0999999999854, -20.3247662, -20.3256168, -20.3241558, -20.3247223, -20.3241825, -20.3240318, -20.3237171, -20.3246117, -20.324192, -20.3242207
1555.1999999999853, -22.0921078, -22.0908222, -22.092617, -22.0922203, -22.0935917, -22.0920162, -22.0904617, -22.0924606, -22.0923271, -22.0924759
1555.2999999999852, -21.4857273, -21.4886341, -21.4861031, -21.488987, -21.488348, -21.4884949, -21.489994, -21.4906731, -21.4888268, -21.4894295
1555.399999999985, -23.0918751, -23.0904617, -23.0913334, -23.0917606, -23.0910912, -23.0913754, -23.0903111, -23.0900879, -23.0900784, -23.0879993
1555.499999999985, -21.7578411, -21.7571926, -21.7576828, -21.7574615, -21.7589188, -21.7583828, -21.7568531, -21.7594566, -21.760006, -21.7612915
1555.599999999985, -22.1692066, -22.1731739, -22.1747646, -22.1788158, -22.1822777, -22.1841259, -22.1852074, -22.1879959, -22.1891022, -22.1885109
1555.6999999999848, -21.0079174, -21.0156116, -21.0173435, -21.0197353, -21.020359, -21.0197239, -21.0203915, -21.0208664, -21.0224133, -21.0215683
1555.7999999999847, -21.4266968, -21.4282436, -21.429287, -21.4299965, -21.4319458, -21.4318295, -21.430584, -21.4326439, -21.4340572, -21.4326172
1555.8999999999846, -20.9624252, -20.9605999, -20.9606991, -20.9597111, -20.9603882, -20.9626102, -20.9602394, -20.9628563, -20.959734, -20.9590874
1555.9999999999845, -22.690403, -22.692543, -22.6918488, -22.6958179, -22.6958656, -22.6972618, -22.7010345, -22.7010822, -22.7027512, -22.7041836
1556.0999999999844, -22.2202492, -22.219696, -22.2196388, -22.2205257, -22.2213135, -22.2203865, -22.2209549, -22.2217484, -22.2232494, -22.221611
1556.1999999999844, -23.0612774, -23.0626488, -23.0622768, -23.0625687, -23.0635586, -23.0646648, -23.0615005, -23.0615711, -23.0626221, -23.0629921
1556.2999999999843, -21.4250107, -21.4232292, -21.4226475, -21.4225998, -21.4222126, -21.4218063, -21.423399, -21.4219627, -21.4218121, -21.4226761
1556.3999999999842, -22.1303654, -22.127243, -22.1267662, -22.1235542, -22.1222439, -22.1223507, -22.1211758, -22.1203308, -22.1210041, -22.1211967
1556.499999999984, -21.3264008, -21.3590565, -21.3783932, -21.3972588, -21.4149666, -21.4327641, -21.4505863, -21.4606476, -21.4669399, -21.4700565
1556.599999999984, -21.012888, -21.0104408, -21.0066853, -21.0052357, -21.0012932, -20.9998035, -20.9985447, -20.9996281, -21.000061, -21.0004578
1556.699999999984, -21.6141052, -21.6164207, -21.6150169, -21.6157494, -21.6136475, -21.6132355, -21.6123447, -21.6147861, -21.6135159, -21.6156502
1556.7999999999838, -21.695612, -21.6966915, -21.6994476, -21.6999073, -21.7020435, -21.7043495, -21.7050362, -21.7055149, -21.7050095, -21.7035046
1556.8999999999837, -23.6480446, -23.6469707, -23.645607, -23.6428394, -23.6411839, -23.640192, -23.6409187, -23.6425476, -23.642313, -23.6393661
1556.9999999999836, -22.6833515, -22.6828899, -22.6833611, -22.6839924, -22.6841793, -22.6842823, -22.6850452, -22.6846561, -22.6856518, -22.6845665
1557.0999999999835, -21.7002926, -21.6972523, -21.6971416, -21.6949368, -21.6955376, -21.6954632, -21.6961174, -21.6949425, -21.6948261, -21.6944847
1557.1999999999834, -21.3025646, -21.3040009, -21.3054504, -21.3052635, -21.3068867, -21.3034172, -21.3062267, -21.3049507, -21.3031006, -21.3052101
1557.2999999999834, -21.7303963, -21.7500668, -21.764658, -21.7772484, -21.7864742, -21.7956676, -21.7999477, -21.8018894, -21.8057003, -21.8067722
1557.3999999999833, -20.7072659, -20.6851711, -20.6733208, -20.6592178, -20.6507034, -20.6448803, -20.6409016, -20.6391964, -20.6381683, -20.6371078
1557.4999999999832, -22.4537125, -22.4530964, -22.4556789, -22.4536133, -22.4545555, -22.4538116, -22.4527969, -22.454443, -22.4548798, -22.4535732
1557.599999999983, -21.323204, -21.322979, -21.3236122, -21.3230362, -21.3234634, -21.3253231, -21.3241577, -21.32658, -21.3242702, -21.3242702
1557.699999999983, -24.3894901, -24.4083195, -24.3995914, -24.3972416, -24.3967171, -24.3963966, -24.396946, -24.3945408, -24.3969803, -24.3970146
1557.799999999983, -21.8578815, -21.8571186, -21.8572254, -21.8605423, -21.8600063, -21.8618164, -21.8608818, -21.8618813, -21.8617935, -21.8605957
1557.8999999999828, -22.4407177, -22.438345, -22.4360867, -22.4360981, -22.4365997, -22.4364147, -22.4375706, -22.4362946, -22.4366913, -22.4361935
1557.9999999999827, -20.7073879, -20.7061768, -20.7057858, -20.7057705, -20.7063026, -20.7057705, -20.7058926, -20.7058105, -20.7056255, -20.7056961
1558.0999999999826, -22.0836754, -22.0837135, -22.0833874, -22.0816517, -22.0809689, -22.0811672, -22.0845528, -22.0819263, -22.0846939, -22.0823574
1558.1999999999825, -20.5716, -20.5624657, -20.5544319, -20.5460052, -20.5380497, -20.5331936, -20.5295734, -20.5299416, -20.5298729, -20.5281582
1558.2999999999824, -23.0705738, -23.0524178, -23.0414448, -23.0349064, -23.0286579, -23.0252934, -23.0217628, -23.0199509, -23.0191097, -23.0183582
1558.3999999999824, -22.1133556, -22.1124611, -22.112896, -22.114336, -22.1132641, -22.1148491, -22.1140251, -22.1133137, -22.1155014, -22.114893
1558.4999999999823, -22.8939552, -22.8933945, -22.8922462, -22.889801, -22.8882542, -22.8890705, -22.8895454, -22.8900204, -22.8889008, -22.8876534
1558.5999999999822, -21.8410664, -21.839304, -21.8384151, -21.8384571, -21.8382645, -21.8368034, -21.8380508, -21.8363533, -21.8356857, -21.8357525
1558.699999999982, -22.2437229, -22.2457943, -22.2456112, -22.2452183, -22.2448654, -22.2462502, -22.247839, -22.245575, -22.2470112, -22.2468338
1558.799999999982, -21.2180214, -21.2187481, -21.2167606, -21.2167492, -21.217165, -21.2200832, -21.2169056, -21.2198772, -21.2173786, -21.2163334
1558.899999999982, -22.4024467, -22.4020901, -22.4031868, -22.405365, -22.4039822, -22.4039898, -22.4061852, -22.4062386, -22.4097958, -22.4076748
1558.9999999999818, -20.8676395, -20.8684444, -20.8679695, -20.8664436, -20.8649044, -20.8654957, -20.8657379, -20.8643932, -20.8656406, -20.8654022
1559.0999999999817, -23.5504646, -23.5186024, -23.4836216, -23.4557152, -23.4330959, -23.4135342, -23.4049473, -23.3990803, -23.393898, -23.3903217
1559.1999999999816, -22.8758698, -22.9068794, -22.9293709, -22.9485607, -22.9604645, -22.973259, -22.9822197, -22.9948273, -22.9952717, -23.0025616
1559.2999999999815, -23.0323944, -23.0298405, -23.0302448, -23.0314732, -23.0320625, -23.0317802, -23.0302372, -23.0317707, -23.0330448, -23.0329647
1559.3999999999814, -22.5284576, -22.5316925, -22.529089, -22.5281124, -22.5257835, -22.5263081, -22.5278702, -22.5285492, -22.5286427, -22.5278473
1559.4999999999814, -21.4203415, -21.4192028, -21.422514, -21.4219036, -21.4198952, -21.421751, -21.4217396, -21.4228115, -21.4215012, -21.4231739
1559.5999999999813, -22.405571, -22.4069462, -22.4043159, -22.407196, -22.4031925, -22.4024715, -22.4041882, -22.4017277, -22.4017048, -22.4051514
1559.6999999999812, -21.9223118, -21.925005, -21.9237881, -21.9231358, -21.9238567, -21.9245358, -21.9218025, -21.9225864, -21.9222164, -21.9219208
1559.799999999981, -22.277441, -22.275383, -22.2750225, -22.2743454, -22.2723694, -22.2713089, -22.2715149, -22.2740936, -22.2733288, -22.2714558
1559.899999999981, -23.3649693, -23.3671684, -23.3662777, -23.3671875, -23.3672256, -23.3649883, -23.3634148, -23.362545, -23.3629322, -23.3660603
1559.999999999981, -23.0943508, -23.1231289, -23.1698837, -23.2228355, -23.2713203, -23.3130169, -23.3375206, -23.3536701, -23.3639374, -23.3683414
1560.0999999999808, -22.4338074, -22.431078, -22.4284286, -22.4270763, -22.4268017, -22.4293442, -22.4240322, -22.4225521, -22.4220028, -22.4210663
1560.1999999999807, -23.4295254, -23.4299698, -23.4267693, -23.4262199, -23.4248543, -23.4237213, -23.4228096, -23.4248066, -23.4237709, -23.4234619
1560.2999999999806, -21.2381039, -21.2385788, -21.2345295, -21.2367172, -21.2353001, -21.2362976, -21.2332821, -21.2337055, -21.2340603, -21.2326889
1560.3999999999805, -22.9130917, -22.9155331, -22.9142952, -22.9142189, -22.9144135, -22.9159184, -22.9169254, -22.9162426, -22.9163113, -22.9162178
1560.4999999999804, -21.1822319, -21.1820698, -21.1833725, -21.1818676, -21.1811886, -21.1805687, -21.1810055, -21.1799946, -21.1810837, -21.1815605
1560.5999999999804, -23.8435497, -23.8444366, -23.8457813, -23.8441086, -23.8435802, -23.8492241, -23.8472633, -23.8464375, -23.8453999, -23.8456535
1560.6999999999803, -22.9473724, -22.9495411, -22.9498692, -22.9501019, -22.9513931, -22.9507046, -22.9505749, -22.9509716, -22.9504967, -22.9504204
1560.7999999999802, -23.4584923, -23.4621258, -23.4687576, -23.4740391, -23.4785118, -23.480711, -23.485014, -23.4859982, -23.4907246, -23.4883671
1560.89999999998, -21.9912834, -21.9951859, -22.002264, -22.0083389, -22.0152626, -22.0235405, -22.0277729, -22.0334949, -22.0345478, -22.0356922
1560.99999999998, -23.2727585, -23.2547989, -23.2383976, -23.2286263, -23.2234592, -23.2168884, -23.2145462, -23.2088661, -23.209177, -23.2085819
1561.09999999998, -22.0907021, -22.0930214, -22.0938053, -22.0938892, -22.0922489, -22.0931339, -22.0912666, -22.0910835, -22.0953255, -22.0904961
1561.1999999999798, -22.9968128, -22.993288, -22.9974747, -22.996151, -22.9961872, -22.9942379, -22.9957771, -22.9961071, -22.9956207, -22.9971523
1561.2999999999797, -22.1429977, -22.1405239, -22.1425838, -22.142868, -22.1418171, -22.1398239, -22.1396446, -22.1391296, -22.1393013, -22.1385384
1561.3999999999796, -23.7767715, -23.7779083, -23.7773457, -23.7789822, -23.7783871, -23.7801476, -23.77948, -23.7795448, -23.781765, -23.7818184
1561.4999999999795, -23.1205482, -23.1212559, -23.1205673, -23.1189365, -23.1197147, -23.1211395, -23.120594, -23.1200657, -23.1211929, -23.1179256
1561.5999999999794, -23.7427063, -23.7409172, -23.7429314, -23.7407112, -23.7395134, -23.7370358, -23.7391834, -23.7393188, -23.7393169, -23.7407932
1561.6999999999794, -22.192522, -22.1948013, -22.1978703, -22.1991463, -22.1978283, -22.1994877, -22.2017326, -22.2013912, -22.2005596, -22.1994209
1561.7999999999793, -22.7918587, -22.7686863, -22.7418118, -22.714571, -22.683157, -22.6578102, -22.6376877, -22.622551, -22.6133308, -22.6069584
1561.8999999999792, -22.9678783, -22.9724541, -22.9785099, -22.9815006, -22.984148, -22.987587, -22.988306, -22.991087, -22.9908962, -22.9921589
1561.999999999979, -22.4464893, -22.4489975, -22.4479408, -22.4456234, -22.44734, -22.4447651, -22.4454002, -22.4467258, -22.4462681, -22.4458981
1562.099999999979, -23.7390881, -23.7420254, -23.7417641, -23.7470398, -23.7442665, -23.7419205, -23.7431908, -23.7408142, -23.7445354, -23.7444954
1562.199999999979, -23.0855713, -23.0841236, -23.0829163, -23.083147, -23.0795975, -23.0801029, -23.079464, -23.0803051, -23.0803776, -23.0811329
1562.2999999999788, -24.5233517, -24.5204239, -24.516777, -24.5187073, -24.5129147, -24.5108433, -24.5123386, -24.5169392, -24.5144844, -24.5155811
1562.3999999999787, -23.1740608, -23.1762733, -23.1777992, -23.1804752, -23.1790142, -23.1827011, -23.1814842, -23.1826286, -23.180994, -23.1817474
1562.4999999999786, -23.3963413, -23.3916378, -23.3886738, -23.391449, -23.3906746, -23.3868256, -23.3885326, -23.3853703, -23.3926487, -23.3918781
1562.5999999999785, -22.3503742, -22.3429394, -22.3327293, -22.323019, -22.3184013, -22.310606, -22.309164, -22.3059769, -22.303587, -22.3040924
1562.6999999999784, -23.7321243, -23.7409363, -23.7550755, -23.7657013, -23.7804928, -23.7953033, -23.8067741, -23.8123989, -23.8178444, -23.8237801
1562.7999999999784, -21.8554173, -21.8545208, -21.8495979, -21.8482819, -21.8482971, -21.8484039, -21.8474407, -21.8470669, -21.8463326, -21.8475876
1562.8999999999783, -24.4809189, -24.4988461, -24.4947758, -24.4955883, -24.4901142, -24.4901657, -24.4868488, -24.4884548, -24.4869766, -24.490942
1562.9999999999782, -23.1522999, -23.1542034, -23.1539593, -23.1558723, -23.1582565, -23.1563416, -23.1557198, -23.1560993, -23.1577072, -23.157011
1563.099999999978, -25.2882957, -25.283102, -25.2854786, -25.2829552, -25.2814846, -25.2811031, -25.2806416, -25.2798138, -25.2830391, -25.2790432
1563.199999999978, -22.5384541, -22.5386505, -22.5408592, -22.5429153, -22.5421143, -22.5442314, -22.5421467, -22.5427799, -22.5430164, -22.5451336
1563.299999999978, -23.7806377, -23.77845, -23.7778244, -23.7773972, -23.77771, -23.7767105, -23.778553, -23.7838192, -23.7806797, -23.7809086
1563.3999999999778, -21.9290123, -21.926918, -21.9260101, -21.9266434, -21.9277802, -21.9263229, -21.9302101, -21.9283104, -21.9288349, -21.9253731
1563.4999999999777, -24.2499409, -24.2476406, -24.2362862, -24.2293015, -24.2234783, -24.2216187, -24.218914, -24.2132835, -24.2099323, -24.2097855
1563.5999999999776, -22.4983788, -22.5245113, -22.5466557, -22.5693169, -22.5771885, -22.5881977, -22.5937767, -22.6007957, -22.6042862, -22.604454
1563.6999999999775, -24.1845245, -24.1983528, -24.1903744, -24.1882896, -24.1872406, -24.1842842, -24.1815948, -24.1805363, -24.182848, -24.1885662
1563.7999999999774, -24.1783199, -24.1772366, -24.1838474, -24.1778698, -24.1821785, -24.1769409, -24.1755924, -24.1751404, -24.1739769, -24.1742001
1563.8999999999774, -24.1763191, -24.1750507, -24.1759434, -24.1857777, -24.1780777, -24.1756439, -24.1789589, -24.1787205, -24.1765175, -24.1732349
1563.9999999999773, -23.318676, -23.3264713, -23.3270187, -23.3290367, -23.3231583, -23.3274117, -23.3239574, -23.3217983, -23.3216953, -23.3232613
1564.0999999999772, -22.9566689, -22.9580669, -22.9610081, -22.9585056, -22.9582386, -22.957859, -22.9602413, -22.9610863, -22.9590759, -22.9607067
1564.199999999977, -22.8511677, -22.8479366, -22.8475933, -22.847683, -22.8477516, -22.8457832, -22.842371, -22.8422108, -22.8441792, -22.8460178
1564.299999999977, -23.7614841, -23.7634468, -23.7609253, -23.7632198, -23.7617855, -23.7608414, -23.7592125, -23.7616405, -23.7611542, -23.7677498
1564.399999999977, -23.8585854, -23.8678627, -23.8829536, -23.8981075, -23.9163132, -23.9296608, -23.9426498, -23.9536953, -23.9661255, -23.972702
1564.4999999999768, -23.874464, -23.8666286, -23.852951, -23.8329277, -23.8126945, -23.7937546, -23.7766685, -23.770256, -23.7591286, -23.7537174
1564.5999999999767, -25.4741745, -25.4713688, -25.4692249, -25.4668369, -25.4659271, -25.4650269, -25.4714203, -25.470726, -25.4723663, -25.4676323
1564.6999999999766, -23.7002468, -23.6993389, -23.6993904, -23.6998062, -23.7029037, -23.7016239, -23.6999073, -23.6993294, -23.6972733, -23.6959286
1564.7999999999765, -24.24189, -24.2337933, -24.2355022, -24.2315445, -24.2315063, -24.2376194, -24.2355518, -24.2348709, -24.2362709, -24.2346306
1564.8999999999764, -22.2276382, -22.2290878, -22.2298164, -22.2293148, -22.2316341, -22.2308617, -22.2324162, -22.2345409, -22.2330303, -22.2347012
1564.9999999999764, -24.1293659, -24.1430302, -24.1425266, -24.1402817, -24.1411991, -24.1358147, -24.1335258, -24.1373215, -24.1380997, -24.1355171
1565.0999999999763, -22.5506668, -22.5555172, -22.5562019, -22.5550461, -22.5549202, -22.5547237, -22.5571384, -22.5515175, -22.5538979, -22.5546303
1565.1999999999762, -25.8302422, -25.8196869, -25.8206959, -25.8142929, -25.8199215, -25.8158188, -25.8178368, -25.8131161, -25.8135815, -25.8189487
1565.299999999976, -23.9336796, -23.9206409, -23.9015656, -23.8914967, -23.8795376, -23.871191, -23.8603783, -23.851244, -23.8490658, -23.8507366
1565.399999999976, -26.1419086, -26.1432667, -26.1550198, -26.1605434, -26.1686592, -26.162653, -26.1640968, -26.1629677, -26.1636696, -26.1651325
1565.499999999976, -23.2591362, -23.2609215, -23.2657986, -23.2690678, -23.267374, -23.2688007, -23.2707653, -23.2725086, -23.2728615, -23.2738075
1565.5999999999758, -23.8362331, -23.838007, -23.8412857, -23.8383579, -23.8389797, -23.8397827, -23.8373852, -23.837574, -23.8388424, -23.836235
1565.6999999999757, -22.9557991, -22.9569607, -22.9560299, -22.9643421, -22.9635143, -22.9588604, -22.953186, -22.9537373, -22.9525471, -22.952858
1565.7999999999756, -24.4183388, -24.4427662, -24.4373589, -24.4348316, -24.4334602, -24.4326801, -24.4314823, -24.4300766, -24.4305725, -24.4344749
1565.8999999999755, -23.1773987, -23.178751, -23.1802673, -23.1816216, -23.1801777, -23.1835289, -23.1827106, -23.1881657, -23.1826286, -23.1852837
1565.9999999999754, -25.0638866, -25.0587349, -25.0615978, -25.0637016, -25.0610619, -25.0615749, -25.0595264, -25.0614548, -25.0651398, -25.0657444
1566.0999999999754, -24.5123482, -24.5097275, -24.5068741, -24.5076828, -24.5057964, -24.5104923, -24.5094852, -24.5076752, -24.5087833, -24.5038967
1566.1999999999753, -26.294796, -26.3000813, -26.2947712, -26.2877769, -26.2848339, -26.2860584, -26.2850094, -26.2744732, -26.2741013, -26.2741222
1566.2999999999752, -24.096756, -24.1125069, -24.1356335, -24.1578979, -24.1742916, -24.1789017, -24.1850452, -24.188921, -24.1917381, -24.1964607
1566.399999999975, -23.0666714, -23.0655994, -23.0685196, -23.0674057, -23.0665646, -23.0702991, -23.0702648, -23.0710888, -23.0734081, -23.0709095
1566.499999999975, -24.3346138, -24.3313332, -24.3288803, -24.3278923, -24.3266621, -24.3287067, -24.3273983, -24.3273945, -24.3243122, -24.3242149
1566.599999999975, -23.3217144, -23.3248577, -23.3237877, -23.324501, -23.3285961, -23.3255806, -23.3270645, -23.3269711, -23.3297615, -23.3311424
1566.6999999999748, -25.413868, -25.4083767, -25.4099178, -25.4077206, -25.4052887, -25.4055595, -25.4040813, -25.4061298, -25.4055405, -25.4034595
1566.7999999999747, -24.5513515, -24.5537052, -24.5550518, -24.5555706, -24.5597153, -24.5588684, -24.557272, -24.5572968, -24.5589828, -24.5607185
1566.8999999999746, -26.6806698, -26.6796608, -26.6802216, -26.6786194, -26.678812, -26.6798344, -26.6765556, -26.675209, -26.6736145, -26.6734676
1566.9999999999745, -25.0117226, -25.0102673, -25.015379, -25.0190945, -25.0243664, -25.0200462, -25.0210457, -25.0186386, -25.019474, -25.0194683
1567.0999999999744, -25.0056515, -25.015049, -25.0236874, -25.0293922, -25.0397682, -25.0439415, -25.0496578, -25.055584, -25.0552254, -25.059597
1567.1999999999744, -23.0078201, -23.0092773, -23.0082397, -23.0107536, -23.0109711, -23.0108147, -23.0105953, -23.0127277, -23.0116959, -23.012764
1567.2999999999743, -25.2710667, -25.2656918, -25.2655716, -25.2642555, -25.2591934, -25.2576332, -25.2605572, -25.2586708, -25.2580338, -25.2581768
1567.3999999999742, -23.3117523, -23.3185921, -23.3236752, -23.324688, -23.3276291, -23.3296375, -23.3295059, -23.3292084, -23.3293095, -23.3274403
1567.499999999974, -25.93787, -25.9308548, -25.9302959, -25.9320984, -25.9313583, -25.9363461, -25.930397, -25.9333744, -25.930439, -25.9326649
1567.599999999974, -24.602066, -24.605217, -24.5990162, -24.5943222, -24.5973091, -24.5954647, -24.5976849, -24.5961971, -24.5963459, -24.5951157
1567.699999999974, -26.9479294, -26.9502277, -26.9507141, -26.9536018, -26.9518814, -26.9525528, -26.9504452, -26.9487133, -26.9518108, -26.9521236
1567.7999999999738, -24.3645496, -24.3614216, -24.3652859, -24.3634205, -24.3618584, -24.3597736, -24.3628616, -24.3597813, -24.3620338, -24.3578529
1567.8999999999737, -25.0039291, -24.9974575, -24.992588, -24.9952984, -24.9951382, -24.99189, -24.9942589, -24.9927502, -24.9905396, -24.9924545
1567.9999999999736, -23.6320572, -23.6358776, -23.654314, -23.6647167, -23.6817551, -23.6980877, -23.7124424, -23.7243443, -23.7251282, -23.7258739
1568.0999999999735, -25.2368698, -25.2218342, -25.2082996, -25.1830959, -25.1728992, -25.1635075, -25.1605186, -25.1479702, -25.1458282, -25.1441517
1568.1999999999734, -25.2177467, -25.2203026, -25.2193623, -25.2219753, -25.2239227, -25.2208405, -25.2234306, -25.2240849, -25.2241402, -25.2245712
1568.2999999999734, -25.3602638, -25.3579292, -25.3559322, -25.3548088, -25.3516331, -25.3498592, -25.3518677, -25.3499565, -25.352459, -25.3467026
1568.3999999999733, -26.2879086, -26.2850323, -26.2814102, -26.2807293, -26.2809029, -26.2796612, -26.2766628, -26.2785625, -26.2809296, -26.2883415
1568.4999999999732, -25.9132118, -25.9183311, -25.9159584, -25.919857, -25.9193974, -25.9185772, -25.9544506, -25.9307728, -25.9779758, -25.9189472
1568.599999999973, -26.1094646, -26.1134396, -26.1076069, -26.1033516, -26.1061516, -26.1034698, -26.1004429, -26.0930977, -26.0935516, -26.0951233
1568.699999999973, -24.0349312, -24.0318966, -24.0381756, -24.0366325, -24.0361519, -24.040287, -24.0417633, -24.0402946, -24.0399952, -24.0416641
1568.799999999973, -25.1949081, -25.2063828, -25.1969357, -25.1969128, -25.1949482, -25.1961212, -25.1944828, -25.1915188, -25.198, -25.1982231
1568.8999999999728, -24.4439602, -24.4122257, -24.3700695, -24.331028, -24.2924442, -24.2726421, -24.2454605, -24.2255192, -24.2248211, -24.2171993
1568.9999999999727, -26.6469975, -26.6436005, -26.6453285, -26.6475201, -26.6496735, -26.6501026, -26.6538467, -26.6552429, -26.6603432, -26.6593227
1569.0999999999726, -24.9524746, -24.9546032, -24.9517841, -24.9496746, -24.9454689, -24.9462547, -24.9457626, -24.9504509, -24.9490128, -24.9469662
1569.1999999999725, -27.1826916, -27.1795559, -27.1751747, -27.1810093, -27.1842022, -27.184618, -27.183712, -27.1850033, -27.1837444, -27.182188
1569.2999999999724, -24.9249306, -24.9234715, -24.9232864, -24.9231529, -24.9216862, -24.9207344, -24.9209061, -24.9238815, -24.9254894, -24.9194889
1569.3999999999724, -26.0264416, -26.0274277, -26.0271988, -26.0284691, -26.0302525, -26.0361729, -26.0300369, -26.0322628, -26.0301437, -26.0350056
1569.4999999999723, -23.907423, -23.8997993, -23.8983231, -23.9022999, -23.8969173, -23.8914585, -23.8918495, -23.8869457, -23.8914928, -23.8851204
1569.5999999999722, -26.1273899, -26.1256428, -26.1286201, -26.1282787, -26.1256142, -26.1277523, -26.1341057, -26.1391487, -26.1369076, -26.1327209
1569.699999999972, -24.1933899, -24.1929684, -24.1884289, -24.1892109, -24.1896439, -24.1885204, -24.1884861, -24.1889076, -24.1862793, -24.1885548
1569.799999999972, -26.8447075, -26.849062, -26.8438549, -26.8300419, -26.8086376, -26.800499, -26.793684, -26.7812767, -26.771471, -26.7634163
1569.899999999972, -25.8002281, -25.8138218, -25.8233967, -25.8413467, -25.8527985, -25.8716888, -25.8751373, -25.8815918, -25.8839417, -25.8835144
1569.9999999999718, -27.2030506, -27.2021332, -27.1996326, -27.199152, -27.1999626, -27.2007408, -27.2035789, -27.2039585, -27.2053356, -27.202425
1570.0999999999717, -26.1648998, -26.1662998, -26.1582165, -26.1621532, -26.1542892, -26.1514034, -26.1522427, -26.1557713, -26.1542397, -26.1547337
1570.1999999999716, -24.9783611, -24.9810696, -24.9835434, -24.979763, -24.9778938, -24.978611, -24.9798679, -24.9809952, -24.9818268, -24.9850464
1570.2999999999715, -25.7886238, -25.78339, -25.7764015, -25.7760696, -25.7696819, -25.7739162, -25.7710743, -25.7726574, -25.7786865, -25.7723408
1570.3999999999714, -25.2651501, -25.2721004, -25.2803631, -25.2804928, -25.2812672, -25.2781677, -25.2812576, -25.2819729, -25.2827473, -25.2858696
1570.4999999999714, -26.3024731, -26.2921867, -26.2952023, -26.3010025, -26.2983646, -26.290905, -26.2968998, -26.2924271, -26.292141, -26.2881241
1570.5999999999713, -26.1832943, -26.1825943, -26.1796207, -26.1758862, -26.1766167, -26.1728878, -26.1795845, -26.1793385, -26.1852055, -26.1855621
1570.6999999999712, -27.2389717, -27.2437553, -27.2554379, -27.2673454, -27.2804947, -27.2875462, -27.2925606, -27.2939358, -27.2928696, -27.2954884
1570.799999999971, -25.918396, -25.9076653, -25.9041061, -25.8994312, -25.8963413, -25.8923187, -25.8955345, -25.8881989, -25.8881035, -25.8819981
1570.899999999971, -27.8618603, -27.8646488, -27.8693237, -27.8762207, -27.8763351, -27.8811665, -27.8779011, -27.8850632, -27.8830891, -27.8736515
1570.999999999971, -24.8239937, -24.8280983, -24.8260803, -24.8267899, -24.8252945, -24.8207722, -24.830162, -24.8223743, -24.8245316, -24.8208523
