wavelength_nm ,power_reading_0_dbm ,power_reading_1_dbm ,power_reading_2_dbm ,power_reading_3_dbm ,power_reading_4_dbm ,power_reading_5_dbm ,power_reading_6_dbm ,power_reading_7_dbm ,power_reading_8_dbm ,power_reading_9_dbm 
1539.0, -15.274353, -15.2747526, -15.2756481, -15.2761917, -15.2761936, -15.2761984, -15.2756729, -15.2755947, -15.2755766, -15.2753448
1539.05, -15.2091436, -15.209692, -15.2119417, -15.2138643, -15.2135468, -15.2133799, -15.2132206, -15.213665, -15.2124443, -15.2128992
1539.1, -15.797575, -15.7982903, -15.7976151, -15.7971554, -15.7974005, -15.7979908, -15.7986078, -15.7979803, -15.7990856, -15.7995443
1539.1499999999999, -16.1107788, -16.110075, -16.1090908, -16.1092396, -16.1091499, -16.1085205, -16.1084156, -16.1095963, -16.1099186, -16.1111965
1539.1999999999998, -15.5852032, -15.5847597, -15.5851383, -15.5850763, -15.5860109, -15.586359, -15.586091, -15.5859327, -15.5862713, -15.5858345
1539.2499999999998, -15.1188402, -15.1186743, -15.1195946, -15.1198988, -15.1215458, -15.1216602, -15.1216745, -15.1208563, -15.122241, -15.1215515
1539.2999999999997, -15.7372208, -15.7363195, -15.7360516, -15.736105, -15.7369881, -15.7372122, -15.7368994, -15.7345181, -15.7355556, -15.7298841
1539.3499999999997, -16.1992531, -16.1987667, -16.1996498, -16.1997986, -16.1997223, -16.1988964, -16.1988449, -16.1990242, -16.1993294, -16.1996422
1539.3999999999996, -15.4812155, -15.4809742, -15.4803743, -15.4806051, -15.4805641, -15.4800863, -15.4796104, -15.4795685, -15.4795456, -15.4796143
1539.4499999999996, -15.2819195, -15.2835379, -15.2850523, -15.2859221, -15.2864752, -15.2856073, -15.285718, -15.2853794, -15.2865534, -15.2860737
1539.4999999999995, -16.0237522, -16.023737, -16.0232391, -16.0233898, -16.023344, -16.0237751, -16.0245037, -16.0235519, -16.0231342, -16.0232258
1539.5499999999995, -15.9444065, -15.9441099, -15.9440765, -15.945137, -15.9454327, -15.9452534, -15.945776, -15.9453983, -15.9456348, -15.9453888
1539.5999999999995, -15.1297197, -15.1293144, -15.1281462, -15.1281509, -15.1285534, -15.1290026, -15.1277866, -15.127738, -15.1282549, -15.1279745
1539.6499999999994, -15.4321995, -15.4319477, -15.4325027, -15.4324341, -15.4326057, -15.4322767, -15.4331827, -15.4331331, -15.4334021, -15.4343109
1539.6999999999994, -16.1544247, -16.1526356, -16.1537132, -16.1543941, -16.1535873, -16.1529064, -16.1544971, -16.1549015, -16.1537609, -16.154068
1539.7499999999993, -15.891161, -15.8903971, -15.8905201, -15.891345, -15.8913803, -15.8905506, -15.8908167, -15.8893127, -15.8895864, -15.8900032
1539.7999999999993, -15.1992321, -15.199502, -15.2009935, -15.2000723, -15.2002983, -15.1999531, -15.1989679, -15.1987267, -15.1988115, -15.1983252
1539.8499999999992, -15.3252134, -15.3233814, -15.3244534, -15.3306713, -15.3340034, -15.3344316, -15.3340788, -15.3338289, -15.3338718, -15.3341036
1539.8999999999992, -15.9491329, -15.9501581, -15.9496059, -15.9499483, -15.9500313, -15.9494009, -15.9491014, -15.9494553, -15.9492693, -15.9481106
1539.9499999999991, -16.1648331, -16.1626854, -16.1628399, -16.1623096, -16.1645966, -16.1649094, -16.1655998, -16.1673622, -16.1666203, -16.1676006
1539.999999999999, -15.5782862, -15.578167, -15.5784445, -15.578948, -15.5793915, -15.578784, -15.5794849, -15.5790358, -15.5783281, -15.5795059
1540.049999999999, -15.0108652, -15.0117512, -15.0111322, -15.010788, -15.0107603, -15.0101547, -15.0104475, -15.01019, -15.0117922, -15.011488
1540.099999999999, -15.5174379, -15.5176697, -15.5162725, -15.5143766, -15.5157022, -15.5153818, -15.5160275, -15.516099, -15.5154972, -15.5141973
1540.149999999999, -16.1448402, -16.1445236, -16.1433983, -16.143528, -16.1454887, -16.1450405, -16.144701, -16.1446533, -16.1448822, -16.1455593
1540.199999999999, -15.709939, -15.7102108, -15.7108202, -15.7087526, -15.708497, -15.7078304, -15.7073975, -15.7098627, -15.7087622, -15.7098646
1540.2499999999989, -15.1748838, -15.174263, -15.1753283, -15.1754656, -15.1751471, -15.1735573, -15.1733551, -15.1745911, -15.1749792, -15.1745567
1540.2999999999988, -15.900075, -15.9005308, -15.9002752, -15.9004707, -15.9006958, -15.9000454, -15.8994007, -15.9003687, -15.9002991, -15.8993645
1540.3499999999988, -16.213213, -16.2124901, -16.2117615, -16.2118988, -16.2123413, -16.2129211, -16.2108669, -16.2095261, -16.2090206, -16.2102852
1540.3999999999987, -15.3493519, -15.3480282, -15.3474913, -15.3482475, -15.34799, -15.3477526, -15.3486452, -15.3484144, -15.3489494, -15.3483219
1540.4499999999987, -15.2245178, -15.2246675, -15.224678, -15.2243938, -15.2253857, -15.2246704, -15.2244406, -15.2251453, -15.2249031, -15.225174
1540.4999999999986, -15.9588985, -15.9573364, -15.9581356, -15.9578142, -15.9576731, -15.9577312, -15.9578333, -15.9571486, -15.9571218, -15.9571962
1540.5499999999986, -15.9227982, -15.9219542, -15.9221201, -15.923233, -15.9229307, -15.9228659, -15.922287, -15.9231997, -15.9229002, -15.9229631
1540.5999999999985, -15.2278557, -15.2278137, -15.2273769, -15.2277651, -15.2278881, -15.2270947, -15.2264738, -15.2259588, -15.2263708, -15.226737
1540.6499999999985, -15.3399801, -15.3397179, -15.3400774, -15.3395214, -15.3397837, -15.3397856, -15.3403549, -15.340333, -15.3386545, -15.3390741
1540.6999999999985, -15.9926214, -15.9919996, -15.9931622, -15.994895, -15.9953585, -15.9974718, -15.9960833, -15.9954195, -15.9953547, -15.995841
1540.7499999999984, -16.2088184, -16.2094841, -16.2097588, -16.2098312, -16.2092953, -16.208456, -16.2088108, -16.2087631, -16.2087917, -16.2073193
1540.7999999999984, -15.6830053, -15.6841345, -15.6843681, -15.6856966, -15.6853638, -15.6849546, -15.6851416, -15.6850615, -15.6841421, -15.6830502
1540.8499999999983, -15.132061, -15.1324329, -15.1332893, -15.133399, -15.1331377, -15.1346312, -15.1349316, -15.1343203, -15.1348829, -15.1344042
1540.8999999999983, -15.5420122, -15.5406046, -15.5408134, -15.5416145, -15.541585, -15.5414391, -15.541667, -15.5409231, -15.5417814, -15.5415926
1540.9499999999982, -16.0526047, -16.0544262, -16.0540714, -16.053524, -16.055975, -16.0559464, -16.0561142, -16.0559502, -16.0559387, -16.0557995
1540.9999999999982, -15.7097626, -15.7088737, -15.7089043, -15.7086811, -15.709281, -15.7099962, -15.7096996, -15.7085323, -15.7072306, -15.707778
1541.0499999999981, -15.07792, -15.0781717, -15.0774374, -15.0775375, -15.0774422, -15.0770178, -15.0768642, -15.0767078, -15.0770063, -15.0774508
1541.099999999998, -15.635807, -15.635047, -15.63414, -15.6339531, -15.6345921, -15.6338577, -15.6349297, -15.6338282, -15.6340055, -15.6356869
1541.149999999998, -16.2076187, -16.2077045, -16.2082138, -16.2081966, -16.2093353, -16.2097054, -16.2090111, -16.2080574, -16.2081127, -16.2087746
1541.199999999998, -15.6107683, -15.6094103, -15.6081076, -15.6090651, -15.6091347, -15.6095333, -15.6086788, -15.6077042, -15.608614, -15.6090755
1541.249999999998, -15.2593098, -15.2592897, -15.2603054, -15.2595291, -15.260025, -15.2592669, -15.2604752, -15.2565937, -15.2582302, -15.2567673
1541.299999999998, -15.9856625, -15.9857674, -15.9857368, -15.9826288, -15.9832659, -15.9826784, -15.9845371, -15.9862146, -15.985671, -15.9861155
1541.3499999999979, -16.0162811, -16.0154209, -16.0152912, -16.0150204, -16.0162201, -16.0162277, -16.0153656, -16.0142727, -16.0152302, -16.0147057
1541.3999999999978, -15.1897631, -15.1916876, -15.1918774, -15.1899033, -15.1893682, -15.1888542, -15.1886578, -15.1885157, -15.1885633, -15.1887894
1541.4499999999978, -15.2087307, -15.2079668, -15.2073545, -15.2076826, -15.20749, -15.2073145, -15.2080059, -15.2084198, -15.2088909, -15.2094307
1541.4999999999977, -15.9786835, -15.979948, -15.9792347, -15.97966, -15.979022, -15.9783678, -15.9789858, -15.9795065, -15.9804602, -15.9792442
1541.5499999999977, -16.1134624, -16.1130886, -16.1127739, -16.1124096, -16.1114388, -16.110611, -16.1108932, -16.1106853, -16.112196, -16.111372
1541.5999999999976, -15.5830746, -15.5850258, -15.5853195, -15.5861263, -15.5869894, -15.5871582, -15.58671, -15.58675, -15.5875902, -15.5869713
1541.6499999999976, -15.1274548, -15.1258345, -15.124795, -15.1245937, -15.1244621, -15.1251783, -15.1247292, -15.1245537, -15.1245489, -15.1239061
1541.6999999999975, -15.6195879, -15.621253, -15.6204052, -15.6213074, -15.6211052, -15.620532, -15.6202927, -15.6196966, -15.6185188, -15.6191778
1541.7499999999975, -16.2070217, -16.2080841, -16.2069817, -16.2076225, -16.2089615, -16.2084846, -16.2088757, -16.2092972, -16.2098942, -16.210022
1541.7999999999975, -15.9079819, -15.907299, -15.9076099, -15.9080153, -15.9061146, -15.9061575, -15.9043722, -15.9054003, -15.9058323, -15.9050179
1541.8499999999974, -15.0790005, -15.0790291, -15.0780487, -15.0778818, -15.0778666, -15.0776472, -15.0780535, -15.0780649, -15.0784845, -15.0777607
1541.8999999999974, -15.378293, -15.3777418, -15.3768654, -15.3788815, -15.3800135, -15.3796816, -15.3813658, -15.3829966, -15.3819084, -15.3814116
1541.9499999999973, -16.0938358, -16.0940075, -16.0948105, -16.0945187, -16.0949478, -16.0947208, -16.0946808, -16.0950241, -16.0942707, -16.0946445
1541.9999999999973, -15.8119822, -15.8114691, -15.8112993, -15.8118277, -15.8116102, -15.8121119, -15.8117132, -15.8114958, -15.8130169, -15.81217
1542.0499999999972, -15.08111, -15.0818653, -15.0819578, -15.081193, -15.0816727, -15.0807104, -15.0807238, -15.0804062, -15.0802021, -15.0816011
1542.0999999999972, -15.7654915, -15.7654095, -15.7645092, -15.7645435, -15.7660303, -15.76861, -15.7694292, -15.7666502, -15.7668791, -15.7689514
1542.1499999999971, -16.22229, -16.2226772, -16.2225494, -16.2225609, -16.2221146, -16.2222824, -16.221611, -16.2224102, -16.2223644, -16.2220211
1542.199999999997, -15.4986601, -15.4989405, -15.4990091, -15.4986105, -15.4994478, -15.4993353, -15.4981241, -15.4990206, -15.4986572, -15.4998035
1542.249999999997, -15.1264391, -15.1262665, -15.1251793, -15.1265697, -15.1259632, -15.1267405, -15.1269369, -15.1269169, -15.1273117, -15.1273241
1542.299999999997, -15.8625126, -15.8633671, -15.8636665, -15.8629551, -15.8638525, -15.8638067, -15.8632269, -15.8642693, -15.863822, -15.8636351
1542.349999999997, -16.0615349, -16.0611439, -16.0603428, -16.0600452, -16.0612469, -16.0602493, -16.0605354, -16.0600471, -16.0605888, -16.0603104
1542.399999999997, -15.5114298, -15.5112963, -15.5114183, -15.5110378, -15.5117683, -15.5122766, -15.5118904, -15.5118456, -15.5125704, -15.5132065
1542.4499999999969, -15.1122408, -15.1098175, -15.1102896, -15.1113663, -15.1107979, -15.110364, -15.1096048, -15.1105251, -15.1100864, -15.1101179
1542.4999999999968, -15.5268173, -15.5276432, -15.5261497, -15.5268574, -15.5262794, -15.5268526, -15.5260086, -15.5274649, -15.5261574, -15.5270214
1542.5499999999968, -16.1467247, -16.1455441, -16.1451511, -16.1428814, -16.143198, -16.1451378, -16.1448956, -16.1435833, -16.142807, -16.1435566
1542.5999999999967, -16.0762482, -16.0753098, -16.0754089, -16.0756588, -16.075182, -16.0753651, -16.075964, -16.0760899, -16.0753231, -16.0759048
1542.6499999999967, -15.3418818, -15.3419285, -15.3423405, -15.3437643, -15.3433371, -15.3430138, -15.3431616, -15.3425798, -15.3419523, -15.3412857
1542.6999999999966, -15.3505259, -15.3500223, -15.3512068, -15.3511906, -15.3511772, -15.3509693, -15.3508167, -15.3512716, -15.3509703, -15.3493385
1542.7499999999966, -16.0312805, -16.031332, -16.0315208, -16.031744, -16.0313187, -16.0318279, -16.0323677, -16.033659, -16.033905, -16.0336952
1542.7999999999965, -15.9905748, -15.9900064, -15.9899874, -15.9899549, -15.9912071, -15.9907951, -15.9909763, -15.9904757, -15.9900932, -15.9909401
1542.8499999999965, -15.2251196, -15.2242241, -15.2244968, -15.2237225, -15.2239285, -15.2244396, -15.2238665, -15.2239571, -15.2227497, -15.2231407
1542.8999999999965, -15.5275536, -15.5283298, -15.5288115, -15.5281649, -15.5282202, -15.5280704, -15.5269899, -15.5267038, -15.5258532, -15.5258207
1542.9499999999964, -16.2270164, -16.2269173, -16.227087, -16.2281075, -16.227129, -16.2264061, -16.22682, -16.226511, -16.2273598, -16.2276192
1542.9999999999964, -15.779458, -15.7810354, -15.7809544, -15.7797899, -15.7799511, -15.7796087, -15.7810526, -15.7808838, -15.7807188, -15.7809486
1543.0499999999963, -15.1805105, -15.1817675, -15.1813831, -15.1806469, -15.1805992, -15.1797581, -15.1796856, -15.1806498, -15.1810827, -15.1827822
1543.0999999999963, -15.8432751, -15.8427324, -15.8438892, -15.844882, -15.8439188, -15.8439999, -15.8443394, -15.8440561, -15.8437529, -15.8437929
1543.1499999999962, -16.1421394, -16.1410751, -16.1424713, -16.1420441, -16.1426125, -16.1429996, -16.1415768, -16.1410961, -16.1401005, -16.1405373
1543.1999999999962, -15.5518351, -15.5522251, -15.552206, -15.5520086, -15.5513859, -15.5515766, -15.5524511, -15.5532398, -15.5524702, -15.5528002
1543.2499999999961, -15.1169081, -15.1160288, -15.1162891, -15.116909, -15.1177397, -15.1177368, -15.1195135, -15.1193066, -15.1174917, -15.117363
1543.299999999996, -15.6466846, -15.6461315, -15.6475554, -15.6485729, -15.6469707, -15.6475124, -15.6480169, -15.6473112, -15.646616, -15.6466455
1543.349999999996, -16.2632618, -16.2636795, -16.2636528, -16.26408, -16.2655354, -16.2656593, -16.2650356, -16.264183, -16.2633057, -16.2622833
1543.399999999996, -16.1883793, -16.1883698, -16.187746, -16.1869946, -16.1869602, -16.1872101, -16.1868935, -16.1871109, -16.1876411, -16.1875935
1543.449999999996, -15.479845, -15.4803333, -15.4803505, -15.4806395, -15.4817152, -15.4848757, -15.4831963, -15.4841146, -15.4844723, -15.4843044
1543.499999999996, -15.3478079, -15.3474579, -15.3480663, -15.3487167, -15.3484964, -15.3492146, -15.3487673, -15.3492928, -15.3487558, -15.3486881
1543.5499999999959, -16.1196728, -16.1193371, -16.1198177, -16.1202621, -16.1199703, -16.119997, -16.1200428, -16.1197815, -16.1197205, -16.1198196
1543.5999999999958, -16.2520981, -16.2512016, -16.2520809, -16.2508659, -16.251009, -16.2503014, -16.2506428, -16.2505035, -16.2512169, -16.2517262
1543.6499999999958, -15.5001698, -15.4998302, -15.4999495, -15.4996986, -15.4988842, -15.4990568, -15.4989948, -15.4988985, -15.4983606, -15.4979668
1543.6999999999957, -15.27353, -15.2737951, -15.2745667, -15.2746496, -15.2750807, -15.2748117, -15.2744961, -15.2752657, -15.2749224, -15.2746983
1543.7499999999957, -16.1822948, -16.1811886, -16.1816998, -16.1826077, -16.1818142, -16.1811047, -16.1813927, -16.1823463, -16.1816902, -16.1812191
1543.7999999999956, -16.225235, -16.2241344, -16.2256947, -16.2259541, -16.2270088, -16.2265854, -16.2253151, -16.225008, -16.2251225, -16.2253704
1543.8499999999956, -15.3814058, -15.3804379, -15.3808146, -15.380827, -15.3805828, -15.3800268, -15.3788691, -15.3802013, -15.380434, -15.3810596
1543.8999999999955, -15.3828993, -15.3826227, -15.3822947, -15.3827953, -15.3830385, -15.3829479, -15.3838491, -15.3832903, -15.3841562, -15.3845139
1543.9499999999955, -16.3957844, -16.3956242, -16.3959503, -16.3950291, -16.3948765, -16.3951855, -16.3952465, -16.3948593, -16.3948059, -16.3952847
1543.9999999999955, -15.9104519, -15.9088087, -15.9090462, -15.9080372, -15.9087, -15.9086504, -15.9086218, -15.9095488, -15.9084101, -15.9085855
1544.0499999999954, -15.2182589, -15.2173128, -15.2176838, -15.2170353, -15.2166567, -15.2165709, -15.2153721, -15.2173138, -15.2181454, -15.2177773
1544.0999999999954, -15.6132832, -15.613143, -15.6131811, -15.6132259, -15.6126842, -15.6127272, -15.6147718, -15.6156712, -15.6141939, -15.6130848
1544.1499999999953, -16.2327538, -16.2324638, -16.2328739, -16.2329121, -16.2328987, -16.2327557, -16.2337093, -16.2331829, -16.2328339, -16.2332344
1544.1999999999953, -16.2434158, -16.2435837, -16.2435608, -16.2439728, -16.2433491, -16.2432384, -16.2437382, -16.2443676, -16.2440109, -16.2432861
1544.2499999999952, -15.6807079, -15.6822596, -15.6837616, -15.685194, -15.6849918, -15.6854315, -15.6851921, -15.6856337, -15.6862106, -15.6868038
1544.2999999999952, -15.3972511, -15.3969212, -15.3957596, -15.3949451, -15.394659, -15.3949652, -15.3945789, -15.3942719, -15.39429, -15.3961201
1544.3499999999951, -16.0945339, -16.092947, -16.0931015, -16.0926647, -16.0936966, -16.0940628, -16.0936985, -16.0942974, -16.0936394, -16.0943832
1544.399999999995, -16.5152893, -16.5161514, -16.5160847, -16.5159626, -16.5157394, -16.5157337, -16.5156898, -16.5152302, -16.5149975, -16.5166664
1544.449999999995, -15.9579229, -15.9581127, -15.9552498, -15.9554911, -15.956151, -15.9564447, -15.956111, -15.9562159, -15.9556723, -15.9560671
1544.499999999995, -15.36619, -15.3662977, -15.3660755, -15.3660526, -15.3655586, -15.3652678, -15.3646612, -15.364665, -15.3641863, -15.3650112
1544.549999999995, -15.9517288, -15.9516478, -15.9519711, -15.9512405, -15.9516745, -15.9517422, -15.9518147, -15.9515448, -15.9514399, -15.9502621
1544.599999999995, -16.3252392, -16.325161, -16.3245449, -16.3245182, -16.3246498, -16.325531, -16.325449, -16.325388, -16.3254929, -16.3253136
1544.6499999999949, -15.6818027, -15.6812382, -15.6808748, -15.6800556, -15.6800623, -15.6805992, -15.6798468, -15.679718, -15.6809158, -15.6805277
1544.6999999999948, -15.5000105, -15.5001793, -15.4989452, -15.4989614, -15.4987221, -15.4988623, -15.5002346, -15.500391, -15.5011616, -15.5004454
1544.7499999999948, -16.3926125, -16.3920631, -16.3926411, -16.3952847, -16.3950443, -16.3952942, -16.3955212, -16.3959885, -16.3957653, -16.3954868
1544.7999999999947, -16.3666382, -16.3646927, -16.3640747, -16.3648949, -16.3644791, -16.3637695, -16.3633175, -16.3630428, -16.3633614, -16.3637123
1544.8499999999947, -15.5494337, -15.5492611, -15.5470457, -15.5475826, -15.5485935, -15.5483952, -15.5482044, -15.5482502, -15.5467777, -15.5487185
1544.8999999999946, -15.7208881, -15.7196617, -15.7192163, -15.7199621, -15.7208033, -15.7209005, -15.7198219, -15.719511, -15.7206154, -15.7201738
1544.9499999999946, -16.3598576, -16.3587551, -16.3574524, -16.3555984, -16.3532143, -16.3530235, -16.354248, -16.3539791, -16.3541603, -16.3532791
1544.9999999999945, -16.2314129, -16.2313251, -16.2318077, -16.232687, -16.2315903, -16.2318516, -16.2331219, -16.2366962, -16.2325478, -16.2336292
1545.0499999999945, -15.6203089, -15.6221867, -15.621809, -15.6225224, -15.6232071, -15.6236992, -15.6245394, -15.6263494, -15.6270723, -15.6269646
1545.0999999999945, -15.334446, -15.3346434, -15.3343868, -15.3325987, -15.3331347, -15.3331709, -15.333147, -15.333065, -15.3323069, -15.3322306
1545.1499999999944, -15.9761486, -15.9739513, -15.9725084, -15.9709835, -15.9695139, -15.9691858, -15.9669247, -15.9671822, -15.9674797, -15.9686756
1545.1999999999944, -16.5542927, -16.554184, -16.5550003, -16.555769, -16.5548439, -16.5544243, -16.5545883, -16.5551529, -16.5555077, -16.5554867
1545.2499999999943, -16.2118874, -16.2115173, -16.2126007, -16.2133369, -16.2121334, -16.2126064, -16.2121086, -16.2118454, -16.2113132, -16.2111931
1545.2999999999943, -15.5146723, -15.5149622, -15.5153513, -15.5154581, -15.5139799, -15.5131721, -15.5134563, -15.5132713, -15.5133286, -15.5139198
1545.3499999999942, -15.941267, -15.9407139, -15.940897, -15.9410305, -15.9412842, -15.9418049, -15.940196, -15.9409161, -15.9421473, -15.9410219
1545.3999999999942, -16.5116386, -16.5118275, -16.5113449, -16.5109119, -16.5116673, -16.5119858, -16.5129662, -16.5132885, -16.5116653, -16.5113583
1545.4499999999941, -16.0256367, -16.0252132, -16.0253391, -16.0246124, -16.0253811, -16.0251961, -16.0253868, -16.024704, -16.0249672, -16.0252094
1545.499999999994, -15.3064985, -15.3071985, -15.3062983, -15.3056364, -15.304163, -15.3046513, -15.3041849, -15.3051739, -15.3047838, -15.3048334
1545.549999999994, -16.0190468, -16.0195179, -16.019413, -16.0195942, -16.0187244, -16.0185452, -16.0191364, -16.0192413, -16.0202236, -16.0201855
1545.599999999994, -16.5165176, -16.5166817, -16.5175095, -16.5185509, -16.5188541, -16.5181446, -16.5188751, -16.518343, -16.5190792, -16.519556
1545.649999999994, -15.8217793, -15.8207636, -15.8207617, -15.821147, -15.821702, -15.8206835, -15.8210468, -15.8204069, -15.8205709, -15.8198547
1545.699999999994, -15.527524, -15.5267668, -15.5261097, -15.5267735, -15.5275459, -15.5270195, -15.5276003, -15.5271645, -15.5271225, -15.5269022
1545.7499999999939, -16.4146614, -16.4157696, -16.4156914, -16.4154396, -16.4156609, -16.416296, -16.4163055, -16.4158516, -16.4160023, -16.4167519
1545.7999999999938, -16.4774017, -16.4770832, -16.4764271, -16.4747543, -16.4747162, -16.4749527, -16.476099, -16.476038, -16.4756737, -16.47542
1545.8499999999938, -15.7488155, -15.7502317, -15.7502165, -15.7492514, -15.7495651, -15.7508345, -15.7517653, -15.7522993, -15.7511797, -15.751688
1545.8999999999937, -15.3743391, -15.37325, -15.3723545, -15.3720245, -15.3714857, -15.3712511, -15.3714905, -15.3715858, -15.3721685, -15.3716764
1545.9499999999937, -15.852107, -15.8500872, -15.8504953, -15.8510895, -15.8509064, -15.8518143, -15.85112, -15.851078, -15.8512611, -15.8503914
1545.9999999999936, -16.4389648, -16.4392948, -16.4378548, -16.4381275, -16.4388523, -16.4393845, -16.4385815, -16.4389, -16.4393101, -16.4391117
1546.0499999999936, -16.2543545, -16.2560139, -16.2559834, -16.2557487, -16.256361, -16.256464, -16.2576199, -16.2570362, -16.256094, -16.2557011
1546.0999999999935, -15.5684938, -15.5687122, -15.5686455, -15.5682125, -15.568429, -15.5679712, -15.5678282, -15.5676737, -15.5684328, -15.5688257
1546.1499999999935, -15.6619577, -15.6618004, -15.6621809, -15.6628666, -15.662818, -15.6629839, -15.6644735, -15.6631393, -15.6627388, -15.6629686
1546.1999999999935, -16.4758968, -16.4755821, -16.4758701, -16.4768906, -16.4771786, -16.4776516, -16.4764538, -16.4762592, -16.4762859, -16.4768009
1546.2499999999934, -16.4075241, -16.4062595, -16.406229, -16.4061222, -16.4066525, -16.4066525, -16.4059849, -16.4069767, -16.4065971, -16.4059181
1546.2999999999934, -15.5925694, -15.59165, -15.5919666, -15.5918255, -15.5915289, -15.5906391, -15.5902662, -15.5908079, -15.5909042, -15.5915527
1546.3499999999933, -15.6801519, -15.6808424, -15.6810293, -15.6821651, -15.6818399, -15.681963, -15.6816292, -15.6811333, -15.6814814, -15.6815405
1546.3999999999933, -16.3935547, -16.3942394, -16.3944664, -16.39464, -16.3949814, -16.3949585, -16.3949604, -16.3948174, -16.3945179, -16.3947277
1546.4499999999932, -16.0071068, -16.0078297, -16.0086327, -16.0088558, -16.0079861, -16.0082932, -16.008234, -16.0076809, -16.0077591, -16.0074768
1546.4999999999932, -15.3941412, -15.3930597, -15.3931036, -15.3921404, -15.3928852, -15.3916874, -15.3922796, -15.3926697, -15.3928032, -15.3934975
1546.5499999999931, -16.043499, -16.0438786, -16.0452671, -16.0446949, -16.0457764, -16.0460415, -16.0455971, -16.0452957, -16.0465508, -16.0469112
1546.599999999993, -16.5322304, -16.5321636, -16.5337696, -16.5313911, -16.5322609, -16.5322628, -16.5316067, -16.5322247, -16.5330791, -16.5332317
1546.649999999993, -15.9416895, -15.9419451, -15.9410572, -15.94067, -15.9406815, -15.9410057, -15.9411058, -15.9410591, -15.9401817, -15.9411488
1546.699999999993, -15.4864168, -15.4876852, -15.4882317, -15.4888124, -15.4877119, -15.4865208, -15.4859924, -15.4871321, -15.4884453, -15.4874735
1546.749999999993, -15.9514894, -15.9506807, -15.9499207, -15.9496641, -15.9499378, -15.9506454, -15.9515791, -15.9516382, -15.950738, -15.9513292
1546.799999999993, -16.4560604, -16.4534588, -16.4512424, -16.4521332, -16.4520721, -16.45121, -16.4509983, -16.4503059, -16.450058, -16.4502964
1546.8499999999929, -16.3246136, -16.3251476, -16.3268452, -16.3257828, -16.3268833, -16.3271236, -16.3277855, -16.32724, -16.3272934, -16.3276615
1546.8999999999928, -15.6418247, -15.6418819, -15.6425848, -15.6415701, -15.6410532, -15.6407471, -15.6405354, -15.6404219, -15.6408577, -15.6411982
1546.9499999999928, -15.4777231, -15.4764414, -15.4765778, -15.4762259, -15.476162, -15.4750462, -15.4748678, -15.4750299, -15.4760561, -15.476861
1546.9999999999927, -16.3007488, -16.299818, -16.299881, -16.2998352, -16.2998695, -16.2994595, -16.300581, -16.3012161, -16.3007507, -16.3008041
1547.0499999999927, -16.5253391, -16.5243549, -16.52495, -16.5253429, -16.5249844, -16.5250378, -16.5262966, -16.5260944, -16.5262909, -16.5256596
1547.0999999999926, -15.7747555, -15.7741995, -15.7737694, -15.7723007, -15.7730808, -15.77351, -15.7727518, -15.7727671, -15.7724991, -15.7723732
1547.1499999999926, -15.531105, -15.5309353, -15.5305367, -15.5302649, -15.5305214, -15.5309172, -15.530633, -15.5305958, -15.5306578, -15.5299749
1547.1999999999925, -16.347683, -16.3476849, -16.3472519, -16.3475266, -16.347681, -16.3468475, -16.3473244, -16.3481197, -16.347971, -16.3481178
1547.2499999999925, -16.3260765, -16.3266888, -16.3268337, -16.327467, -16.3273811, -16.3274021, -16.3274364, -16.327734, -16.3268948, -16.3270168
1547.2999999999925, -15.4568205, -15.45825, -15.4592628, -15.4583378, -15.459218, -15.4608898, -15.4597998, -15.4606295, -15.4609413, -15.4603825
1547.3499999999924, -15.6313009, -15.6312618, -15.6304579, -15.6311808, -15.6306505, -15.6311092, -15.6297855, -15.6290913, -15.6292543, -15.6297035
1547.3999999999924, -16.5182285, -16.5192108, -16.519619, -16.5204887, -16.5205059, -16.5207844, -16.5203018, -16.5201836, -16.5195808, -16.5218449
1547.4499999999923, -16.1799297, -16.1802139, -16.1802521, -16.179781, -16.1792889, -16.179203, -16.1796875, -16.1797829, -16.1809826, -16.1809216
1547.4999999999923, -15.4600935, -15.4633522, -15.465168, -15.4644766, -15.4658089, -15.4680939, -15.4676294, -15.4702148, -15.4817562, -15.4884157
1547.5499999999922, -15.9124126, -15.9126873, -15.91224, -15.9118919, -15.9111862, -15.9107609, -15.909481, -15.9096556, -15.9101267, -15.9098778
1547.5999999999922, -16.5543079, -16.5523796, -16.5525551, -16.5544338, -16.5571976, -16.5588055, -16.559927, -16.5600834, -16.559967, -16.5603352
1547.6499999999921, -16.3693752, -16.3723793, -16.3759556, -16.3782558, -16.3795109, -16.3800335, -16.379776, -16.3792553, -16.3792706, -16.3794422
1547.699999999992, -15.7233524, -15.7292032, -15.7328415, -15.7349205, -15.7366934, -15.7382908, -15.7396641, -15.7417355, -15.7415285, -15.7405548
1547.749999999992, -15.4167042, -15.4176683, -15.4184399, -15.4180088, -15.4180746, -15.417263, -15.4170265, -15.4162989, -15.4159746, -15.4152765
1547.799999999992, -16.063076, -16.0625324, -16.0613842, -16.0611916, -16.0614929, -16.0606422, -16.0608082, -16.0606117, -16.061058, -16.0608463
1547.849999999992, -16.5898552, -16.5899105, -16.5907631, -16.5908852, -16.5903721, -16.5897923, -16.5908012, -16.5907574, -16.5906143, -16.5909939
1547.899999999992, -16.1502018, -16.1498013, -16.1505108, -16.1501675, -16.1501904, -16.1499882, -16.1493874, -16.149498, -16.1497726, -16.1488285
1547.9499999999919, -15.5236092, -15.5230322, -15.5221224, -15.5235834, -15.5233278, -15.5235357, -15.5238495, -15.5227966, -15.523037, -15.5232191
1547.9999999999918, -16.0825844, -16.0844822, -16.0852547, -16.0857563, -16.0870914, -16.0888996, -16.0893078, -16.0882187, -16.0877914, -16.0870628
1548.0499999999918, -16.6347694, -16.6352444, -16.6359787, -16.6355457, -16.6350365, -16.6350689, -16.6344662, -16.6335049, -16.6331596, -16.6331844
1548.0999999999917, -15.9672976, -15.9660044, -15.9656763, -15.9653339, -15.9653969, -15.9661407, -15.9655848, -15.9661856, -15.9656401, -15.965703
1548.1499999999917, -15.4920492, -15.4920321, -15.4929237, -15.4926834, -15.4924784, -15.4923306, -15.4928312, -15.4924784, -15.4926929, -15.4923496
1548.1999999999916, -16.2503166, -16.2516651, -16.2539978, -16.255415, -16.2565594, -16.256937, -16.2576408, -16.2583828, -16.2588577, -16.2589359
1548.2499999999916, -16.4331627, -16.4321194, -16.4307919, -16.4324646, -16.4323006, -16.4327755, -16.4319324, -16.4323254, -16.432127, -16.4327068
1548.2999999999915, -15.6754351, -15.6755257, -15.6758776, -15.6762161, -15.6766815, -15.6766949, -15.6761913, -15.6767569, -15.6777372, -15.6771488
1548.3499999999915, -15.7917404, -15.7921095, -15.7915144, -15.7909765, -15.791297, -15.7907763, -15.7903471, -15.7908373, -15.7912655, -15.7899313
1548.3999999999915, -16.6103458, -16.6091194, -16.6092548, -16.6089878, -16.608984, -16.6086769, -16.6086063, -16.6087494, -16.6089516, -16.6091251
1548.4499999999914, -16.5943756, -16.5941601, -16.5941563, -16.5943985, -16.5946541, -16.5949802, -16.5951595, -16.5956554, -16.5952797, -16.5953159
1548.4999999999914, -15.8884926, -15.8904362, -15.8904858, -15.8907404, -15.890295, -15.8907175, -15.8910532, -15.8912134, -15.8915377, -15.8913879
1548.5499999999913, -15.6215353, -15.6224489, -15.6224823, -15.6230764, -15.6222258, -15.6207895, -15.6197395, -15.6198978, -15.6187181, -15.6188326
1548.5999999999913, -16.0889473, -16.0866928, -16.0855751, -16.0858326, -16.0857086, -16.0864849, -16.0863113, -16.0864429, -16.0867825, -16.086935
1548.6499999999912, -16.6207561, -16.6205654, -16.6202354, -16.6200142, -16.6210461, -16.6210537, -16.6207333, -16.6204128, -16.6213303, -16.6219463
1548.6999999999912, -16.3225174, -16.3228149, -16.3226604, -16.322258, -16.3219013, -16.3218575, -16.3229542, -16.3232059, -16.3233719, -16.3221874
1548.7499999999911, -15.6052008, -15.6052055, -15.6041279, -15.6045618, -15.6038523, -15.6037188, -15.6046295, -15.6038513, -15.6031437, -15.602685
1548.799999999991, -15.849719, -15.8486834, -15.8495712, -15.8506584, -15.8507757, -15.8504076, -15.8500376, -15.8508186, -15.8503294, -15.8506651
1548.849999999991, -16.6965523, -16.6967449, -16.6981831, -16.6979179, -16.6980877, -16.6983566, -16.6989956, -16.6992302, -16.6991787, -16.6983986
1548.899999999991, -16.529665, -16.5301971, -16.5293255, -16.5291786, -16.5291538, -16.5292873, -16.5287571, -16.5287151, -16.5281868, -16.5288506
1548.949999999991, -15.7409401, -15.7400455, -15.737977, -15.739706, -15.7405357, -15.7400341, -15.7417097, -15.7420044, -15.7416048, -15.742404
1548.999999999991, -16.1097355, -16.1102104, -16.1118488, -16.110445, -16.1103706, -16.111393, -16.11022, -16.1087704, -16.1102409, -16.1117325
1549.0499999999909, -16.732832, -16.7358646, -16.7360249, -16.736805, -16.7382507, -16.7369671, -16.734621, -16.7350807, -16.7358952, -16.7367306
1549.0999999999908, -16.085886, -16.0852566, -16.0839939, -16.0839844, -16.0859375, -16.0872536, -16.0863152, -16.0863876, -16.0862637, -16.0860844
1549.1499999999908, -15.5352907, -15.5341749, -15.534152, -15.5347738, -15.5341997, -15.5349035, -15.5365419, -15.5344601, -15.5344133, -15.5341969
1549.1999999999907, -16.3892117, -16.3894386, -16.3896828, -16.3893127, -16.3901577, -16.3909035, -16.3923092, -16.3911285, -16.3896866, -16.391489
1549.2499999999907, -16.8222122, -16.822031, -16.8222885, -16.8217068, -16.8223896, -16.8215027, -16.8210449, -16.8202229, -16.8200703, -16.8192043
1549.2999999999906, -16.1275253, -16.1263351, -16.1264935, -16.1264458, -16.1261177, -16.1266117, -16.1262989, -16.1267529, -16.1254196, -16.1255112
1549.3499999999906, -15.757679, -15.7572012, -15.7576227, -15.7567301, -15.7562342, -15.755332, -15.7563438, -15.7576647, -15.7560349, -15.7555866
1549.3999999999905, -16.3285065, -16.3192501, -16.3147297, -16.313427, -16.3072929, -16.3024693, -16.3038216, -16.3024349, -16.3027248, -16.3028221
1549.4499999999905, -16.8660259, -16.8663788, -16.8646812, -16.8609085, -16.8608646, -16.8591385, -16.8594055, -16.8617172, -16.8632889, -16.8630562
1549.4999999999905, -16.6548615, -16.655508, -16.6552639, -16.6550808, -16.6509171, -16.6498985, -16.6566658, -16.6574593, -16.6551895, -16.6573639
1549.5499999999904, -15.8903446, -15.8901358, -15.8904209, -15.8903017, -15.8889914, -15.8898067, -15.891016, -15.8906288, -15.891037, -15.8899422
1549.5999999999904, -15.6755524, -15.6755638, -15.6762238, -15.6762371, -15.6761894, -15.6754522, -15.6765947, -15.6767263, -15.6766806, -15.6770878
1549.6499999999903, -16.4838161, -16.4844151, -16.4834099, -16.482811, -16.4820461, -16.4840889, -16.4828243, -16.4817524, -16.481638, -16.480114
1549.6999999999903, -16.7913494, -16.7918072, -16.7913303, -16.7908745, -16.7920303, -16.7921906, -16.792244, -16.7913704, -16.79146, -16.7907734
1549.7499999999902, -16.1202354, -16.1204033, -16.1202812, -16.1211166, -16.1203079, -16.1188831, -16.1190586, -16.1185875, -16.1186981, -16.1186047
1549.7999999999902, -15.8331251, -15.8330765, -15.83288, -15.8334045, -15.8338156, -15.8322115, -15.8334932, -15.8342695, -15.8350239, -15.8350859
1549.8499999999901, -16.7243652, -16.7254276, -16.725338, -16.7241325, -16.7253857, -16.7252426, -16.7251663, -16.7243309, -16.7247753, -16.724987
1549.89999999999, -16.8254051, -16.8252239, -16.8254356, -16.8244667, -16.8243942, -16.825737, -16.8251038, -16.8252087, -16.8254089, -16.825285
1549.94999999999, -15.9284401, -15.9270382, -15.927577, -15.9257069, -15.9258795, -15.9270439, -15.9257755, -15.9263964, -15.9262772, -15.9266472
1549.99999999999, -16.044323, -16.0453854, -16.0461826, -16.0451527, -16.0455589, -16.0471039, -16.0475101, -16.0467358, -16.0436993, -16.041317
1550.04999999999, -16.8207111, -16.8224697, -16.8236313, -16.8231888, -16.8232613, -16.8245792, -16.8248787, -16.8258152, -16.8261623, -16.8257866
1550.09999999999, -16.5042953, -16.5050201, -16.5037613, -16.5036221, -16.5044632, -16.5039406, -16.5041752, -16.5041885, -16.5034904, -16.5027142
1550.1499999999899, -15.859169, -15.8585844, -15.8590794, -15.8592854, -15.8591709, -15.8595934, -15.8590508, -15.8595467, -15.8600607, -15.8585281
1550.1999999999898, -16.2778149, -16.2776699, -16.2807503, -16.2831783, -16.2844124, -16.2838497, -16.2850742, -16.285841, -16.2865467, -16.2843895
1550.2499999999898, -16.948576, -16.948452, -16.9482174, -16.9470215, -16.9466934, -16.9467335, -16.9474201, -16.9476566, -16.9456768, -16.9449043
1550.2999999999897, -16.8737488, -16.8790512, -16.8814049, -16.8844814, -16.8873158, -16.8889809, -16.891077, -16.8903599, -16.8911591, -16.8911819
1550.3499999999897, -16.2269402, -16.2328339, -16.2374668, -16.2415485, -16.2440033, -16.2446175, -16.2465096, -16.2477455, -16.2515354, -16.2528858
1550.3999999999896, -15.9230099, -15.9224424, -15.9239388, -15.9225931, -15.9231272, -15.922966, -15.9250546, -15.9247808, -15.9246225, -15.9256372
1550.4499999999896, -16.4903755, -16.4912186, -16.4923706, -16.4928074, -16.4925747, -16.4907894, -16.4895306, -16.4910507, -16.4899292, -16.4866486
1550.4999999999895, -16.8882446, -16.8882065, -16.8881378, -16.8882141, -16.8873215, -16.8869858, -16.8862, -16.8880711, -16.8891182, -16.8899231
1550.5499999999895, -16.3499355, -16.3510342, -16.3493156, -16.3493156, -16.349905, -16.3485069, -16.3490105, -16.3497562, -16.3500156, -16.3496418
1550.5999999999894, -15.789916, -15.7888823, -15.789279, -15.7891026, -15.789547, -15.7889624, -15.7901602, -15.7902384, -15.789876, -15.7910986
1550.6499999999894, -16.4547348, -16.4546738, -16.4542522, -16.454443, -16.4555969, -16.4560089, -16.45578, -16.4557762, -16.4556389, -16.455883
1550.6999999999894, -17.033102, -17.0333061, -17.0339451, -17.0349007, -17.036272, -17.0346909, -17.0357037, -17.0351334, -17.0349789, -17.0346813
1550.7499999999893, -16.3917408, -16.3923779, -16.3919086, -16.3918896, -16.3917332, -16.3926926, -16.3923512, -16.391777, -16.3913746, -16.3921604
1550.7999999999893, -16.0040302, -16.0047207, -16.004324, -16.0035515, -16.0044804, -16.0032635, -16.0031528, -16.0031013, -16.0038948, -16.0038891
1550.8499999999892, -16.8223133, -16.82267, -16.8233204, -16.825058, -16.8244171, -16.8241272, -16.8242035, -16.8249664, -16.825367, -16.8249836
1550.8999999999892, -16.9291897, -16.9303188, -16.9301128, -16.9302406, -16.9297276, -16.9284782, -16.9277325, -16.9293957, -16.9310341, -16.9312248
1550.9499999999891, -16.013546, -16.0119915, -16.0113449, -16.0104351, -16.0116863, -16.0095749, -16.0107574, -16.0107632, -16.0098667, -16.0105457
1550.999999999989, -16.0337296, -16.0347919, -16.0340748, -16.0358162, -16.0347939, -16.0345936, -16.0358295, -16.035059, -16.0353928, -16.0366497
1551.049999999989, -16.9254742, -16.9252911, -16.9267254, -16.9266148, -16.9274712, -16.9274979, -16.9287567, -16.9299679, -16.9313736, -16.9314594
1551.099999999989, -17.0412178, -17.042738, -17.0422039, -17.0416508, -17.0420265, -17.041666, -17.0418644, -17.0422325, -17.0418625, -17.0423908
1551.149999999989, -16.3503304, -16.3566208, -16.3606834, -16.3610992, -16.3616753, -16.3612213, -16.3618431, -16.362402, -16.3622761, -16.36269
1551.199999999989, -15.9751892, -15.9765272, -15.9741278, -15.9757071, -15.9774771, -15.9764585, -15.9738979, -15.9737377, -15.9745264, -15.9749556
1551.2499999999889, -16.4901638, -16.4867268, -16.4851608, -16.4857826, -16.4836807, -16.4836979, -16.4831276, -16.4834805, -16.4828243, -16.4817295
1551.2999999999888, -17.0947628, -17.0940628, -17.0946312, -17.094717, -17.0945663, -17.0954456, -17.0944271, -17.0943623, -17.0943298, -17.0946121
1551.3499999999888, -16.7751827, -16.774437, -16.7739315, -16.7740326, -16.7744255, -16.7736721, -16.7738304, -16.7734566, -16.7752228, -16.7759266
1551.3999999999887, -15.9617682, -15.9612045, -15.9619341, -15.9624834, -15.9626322, -15.9622383, -15.9626265, -15.9633722, -15.9637518, -15.9628296
1551.4499999999887, -16.0872002, -16.0875702, -16.0861263, -16.0861378, -16.0868759, -16.0860367, -16.086256, -16.0871143, -16.0875244, -16.0853367
1551.4999999999886, -16.9574661, -16.957119, -16.9585438, -16.9594593, -16.9594536, -16.9605846, -16.9605618, -16.9590321, -16.9589462, -16.9593811
1551.5499999999886, -16.8565941, -16.8573818, -16.857008, -16.8577442, -16.8567085, -16.856245, -16.8578262, -16.8580627, -16.8571491, -16.8573952
1551.5999999999885, -16.0549583, -16.0548611, -16.0560493, -16.055048, -16.0546494, -16.054884, -16.0549946, -16.0549774, -16.0549202, -16.0545139
1551.6499999999885, -16.4405575, -16.4404488, -16.4401474, -16.4407711, -16.4407368, -16.440258, -16.439642, -16.4393101, -16.4395409, -16.4389877
1551.6999999999884, -17.1839466, -17.1835938, -17.1851959, -17.1844387, -17.1832943, -17.1838512, -17.1835976, -17.1830635, -17.1828423, -17.1822453
1551.7499999999884, -16.5876656, -16.5856266, -16.5856609, -16.585453, -16.5845776, -16.5839405, -16.5832634, -16.5837212, -16.5836945, -16.5830956
1551.7999999999884, -15.9380522, -15.9374113, -15.936203, -15.9370136, -15.937582, -15.9367838, -15.936451, -15.9360085, -15.9358101, -15.9364777
1551.8499999999883, -16.5858021, -16.585453, -16.5850086, -16.5881023, -16.5886593, -16.5865612, -16.584837, -16.5850067, -16.5854149, -16.584589
1551.8999999999883, -17.0329227, -17.034523, -17.0340443, -17.0330276, -17.0326595, -17.0318298, -17.032198, -17.0325279, -17.0315475, -17.0321159
1551.9499999999882, -16.4455967, -16.4459686, -16.4466076, -16.4472294, -16.4477348, -16.448288, -16.4473743, -16.4495697, -16.4511967, -16.4510956
1551.9999999999882, -16.0403786, -16.0400009, -16.0395412, -16.0401096, -16.0401897, -16.039135, -16.0382786, -16.039423, -16.0385418, -16.0384235
1552.0499999999881, -16.5268002, -16.5174618, -16.5098, -16.5028496, -16.499258, -16.4930077, -16.4912872, -16.4890213, -16.4894505, -16.4895287
1552.099999999988, -17.1562595, -17.1485806, -17.1472569, -17.1424713, -17.1407566, -17.1408195, -17.1412354, -17.1398811, -17.1358528, -17.1349487
1552.149999999988, -17.0839615, -17.0865021, -17.0882931, -17.0892868, -17.0906715, -17.092392, -17.0914383, -17.0932827, -17.0931492, -17.0933971
1552.199999999988, -16.3301067, -16.331583, -16.3312111, -16.3320236, -16.3327236, -16.3333206, -16.3323307, -16.3328323, -16.3329563, -16.3322277
1552.249999999988, -16.0364838, -16.0351982, -16.0356083, -16.0367794, -16.0361023, -16.0367126, -16.0366364, -16.0369015, -16.0366173, -16.0372791
1552.299999999988, -16.6994495, -16.6982021, -16.6998615, -16.6994801, -16.7011795, -16.700901, -16.7012463, -16.6994095, -16.6976414, -16.6977386
1552.3499999999879, -16.9541893, -16.9547844, -16.954546, -16.9544067, -16.9547062, -16.9548798, -16.9548283, -16.955101, -16.9558239, -16.9586868
1552.3999999999878, -16.2501488, -16.2514648, -16.2511501, -16.2505283, -16.2508526, -16.2498302, -16.249712, -16.2501602, -16.2498684, -16.2497311
1552.4499999999878, -16.0617123, -16.0617409, -16.0614166, -16.0613461, -16.060873, -16.0619144, -16.0606384, -16.0613689, -16.060606, -16.0623188
1552.4999999999877, -17.0351238, -17.0371933, -17.0373268, -17.0373936, -17.0396767, -17.039835, -17.0400047, -17.0403595, -17.0401249, -17.0388527
1552.5499999999877, -17.1488647, -17.1477489, -17.1480618, -17.148653, -17.1484566, -17.1484661, -17.1474152, -17.1473713, -17.148243, -17.1484833
1552.5999999999876, -16.240921, -16.2404594, -16.2417698, -16.2408333, -16.2400112, -16.240387, -16.240263, -16.2395668, -16.2405529, -16.2413464
1552.6499999999876, -16.3107738, -16.3132343, -16.3162289, -16.3158054, -16.316, -16.3159218, -16.3147621, -16.3152027, -16.3150196, -16.3143826
1552.6999999999875, -17.031908, -17.0315495, -17.0321007, -17.030817, -17.0325298, -17.0315037, -17.0304298, -17.0339108, -17.0349236, -17.0361061
1552.7499999999875, -16.7188377, -16.7163982, -16.7163353, -16.7155437, -16.7151527, -16.7161617, -16.7158985, -16.7171707, -16.7175541, -16.7159309
1552.7999999999874, -15.9810228, -15.9827433, -15.9783516, -15.9749603, -15.9754219, -15.971591, -15.9711142, -15.9693918, -15.9701023, -15.9751263
1552.8499999999874, -16.3101273, -16.3017998, -16.2991238, -16.2990437, -16.2986031, -16.299202, -16.2981434, -16.2973919, -16.2970734, -16.2973289
1552.8999999999874, -17.0895901, -17.0882587, -17.0862331, -17.083744, -17.0818901, -17.0800648, -17.0780659, -17.0773602, -17.0775013, -17.0784531
1552.9499999999873, -17.2368488, -17.2415752, -17.2427921, -17.2469654, -17.249712, -17.2532272, -17.2520943, -17.2529411, -17.2530823, -17.2537441
1552.9999999999873, -16.6487789, -16.6514206, -16.6528587, -16.6538811, -16.6546345, -16.6547222, -16.6554909, -16.6561775, -16.6567974, -16.6572094
1553.0499999999872, -16.1327515, -16.1330395, -16.133606, -16.1332893, -16.1336498, -16.133728, -16.1336117, -16.1346436, -16.1344128, -16.1342449
1553.0999999999872, -16.6600647, -16.6599083, -16.6586895, -16.6577072, -16.6596355, -16.6596851, -16.6611557, -16.6610222, -16.6611996, -16.6609058
1553.1499999999871, -17.2337742, -17.2409515, -17.2448616, -17.2424908, -17.2431488, -17.2427254, -17.2443485, -17.2451611, -17.2463856, -17.2452927
1553.199999999987, -16.757658, -16.7575207, -16.7564201, -16.7545528, -16.7546539, -16.7559433, -16.7545528, -16.7534447, -16.7546253, -16.7534637
1553.249999999987, -15.9483681, -15.9496431, -15.9492512, -15.9507971, -15.9604759, -15.9531717, -15.9479856, -15.9501009, -15.9506874, -15.9501429
1553.299999999987, -16.4818268, -16.4841099, -16.4835606, -16.4844551, -16.4835777, -16.4826317, -16.4834309, -16.4832001, -16.4823837, -16.4830532
1553.349999999987, -17.2545223, -17.2541885, -17.2549763, -17.2563763, -17.2571964, -17.2564373, -17.2560749, -17.2569141, -17.2565155, -17.2580853
1553.399999999987, -16.7178268, -16.7170296, -16.7162247, -16.7165699, -16.7163887, -16.7166767, -16.7166901, -16.7167034, -16.7167854, -16.7174549
1553.4499999999869, -16.169569, -16.1708241, -16.1710281, -16.1696815, -16.1687965, -16.1691608, -16.1694794, -16.1698246, -16.1691914, -16.1690655
1553.4999999999868, -16.9681416, -16.9679852, -16.967598, -16.9682999, -16.9671459, -16.9685707, -16.9688911, -16.968853, -16.9689026, -16.9680748
1553.5499999999868, -17.3144588, -17.3117409, -17.3133602, -17.3128815, -17.3132877, -17.3117847, -17.3119907, -17.3119373, -17.3124237, -17.3135662
1553.5999999999867, -16.4401131, -16.4403992, -16.4408016, -16.4410133, -16.440382, -16.4380226, -16.4377193, -16.4369984, -16.4369278, -16.4369812
1553.6499999999867, -16.0794907, -16.0791378, -16.0793724, -16.081356, -16.0798607, -16.0792274, -16.0792847, -16.0805683, -16.0815067, -16.0822334
1553.6999999999866, -16.8547554, -16.8528023, -16.8520756, -16.8514042, -16.8515701, -16.8517914, -16.8513222, -16.8509445, -16.8502636, -16.8500843
1553.7499999999866, -17.2213287, -17.2220402, -17.2248363, -17.2245274, -17.2238731, -17.2238293, -17.2254562, -17.2257195, -17.2258816, -17.2254124
1553.7999999999865, -16.7225037, -16.7313232, -16.7405605, -16.7452621, -16.7495995, -16.7522621, -16.753582, -16.7547722, -16.7553043, -16.7572212
1553.8499999999865, -16.1691933, -16.1685028, -16.1704597, -16.172308, -16.1732903, -16.1738319, -16.1746712, -16.1736908, -16.1757412, -16.1774769
1553.8999999999864, -16.4202747, -16.4184723, -16.418499, -16.4172325, -16.4137249, -16.4102306, -16.4100285, -16.4096031, -16.4087257, -16.4072495
1553.9499999999864, -17.1982079, -17.1965218, -17.1965828, -17.1969528, -17.1959305, -17.1963177, -17.1965313, -17.1958885, -17.1964836, -17.1965656
1553.9999999999864, -17.2409306, -17.239706, -17.2404537, -17.2412033, -17.2402935, -17.2402763, -17.238987, -17.2357674, -17.2377167, -17.2394867
1554.0499999999863, -16.4589386, -16.4581146, -16.4591484, -16.458559, -16.4590015, -16.4577007, -16.4589672, -16.459156, -16.460535, -16.458971
1554.0999999999863, -16.2702255, -16.2698708, -16.2688923, -16.2687454, -16.2718372, -16.2716465, -16.269125, -16.2693806, -16.2698021, -16.2693291
1554.1499999999862, -17.0437393, -17.0449276, -17.0451565, -17.0457649, -17.047205, -17.0460472, -17.0463409, -17.0482426, -17.0489655, -17.0488701
1554.1999999999862, -17.1191883, -17.1190109, -17.1189766, -17.1189899, -17.1194229, -17.1209431, -17.1211243, -17.121069, -17.1209126, -17.1200523
1554.2499999999861, -16.3033581, -16.3030739, -16.3017197, -16.3028564, -16.3027191, -16.3030624, -16.3034382, -16.3039322, -16.3030853, -16.3029327
1554.299999999986, -16.4916973, -16.4928226, -16.4930477, -16.4928551, -16.4942856, -16.495245, -16.4947681, -16.4952698, -16.4956131, -16.4946556
1554.349999999986, -17.3678608, -17.3676548, -17.3681679, -17.3678265, -17.367651, -17.3675613, -17.3680553, -17.3679695, -17.3682346, -17.3679123
1554.399999999986, -17.0755482, -17.0743542, -17.0731087, -17.0728035, -17.0727921, -17.0730553, -17.0721264, -17.0715656, -17.0720005, -17.0725613
1554.449999999986, -16.3071251, -16.3050385, -16.3056507, -16.3051109, -16.3058891, -16.304554, -16.3050327, -16.3054771, -16.3047256, -16.3044376
1554.499999999986, -16.7655163, -16.7670593, -16.7675056, -16.7698174, -16.7707081, -16.7710056, -16.7701206, -16.7704983, -16.7696457, -16.7714272
1554.5499999999859, -17.3599358, -17.3601418, -17.3610306, -17.3610954, -17.3612747, -17.3617363, -17.3618679, -17.3622608, -17.3620625, -17.3615913
1554.5999999999858, -16.9358711, -16.938139, -16.9379482, -16.9373779, -16.9379864, -16.9383869, -16.9384003, -16.9384556, -16.9407272, -16.9407158
1554.6499999999858, -16.2054882, -16.2078724, -16.2117596, -16.2139473, -16.215704, -16.2205524, -16.2212811, -16.2223244, -16.2216759, -16.2219181
1554.6999999999857, -16.3534679, -16.3439293, -16.3346901, -16.3293839, -16.3232632, -16.3224792, -16.3198566, -16.3172379, -16.3161278, -16.3148785
1554.7499999999857, -17.1308479, -17.1279507, -17.1261559, -17.1259308, -17.123148, -17.1219959, -17.1213417, -17.1187401, -17.1179447, -17.1171646
1554.7999999999856, -17.4743671, -17.475256, -17.4763622, -17.4766979, -17.4763622, -17.4769516, -17.4766502, -17.4767818, -17.4766541, -17.4776306
1554.8499999999856, -16.8819599, -16.883194, -16.8837185, -16.8825817, -16.8830929, -16.8813972, -16.8820305, -16.8823566, -16.8830185, -16.8819733
1554.8999999999855, -16.2917099, -16.2906837, -16.2910519, -16.2902756, -16.2901535, -16.2894783, -16.2896442, -16.2889996, -16.2891941, -16.288826
1554.9499999999855, -16.8843842, -16.8857841, -16.8849983, -16.8843422, -16.8848934, -16.8855896, -16.88587, -16.8848, -16.8846035, -16.8828888
1554.9999999999854, -17.4926262, -17.4937458, -17.4938469, -17.4935417, -17.4940205, -17.4935913, -17.4931164, -17.493866, -17.4941196, -17.4940662
1555.0499999999854, -16.8925457, -16.8924465, -16.893755, -16.8945847, -16.8958092, -16.8953762, -16.894228, -16.8941174, -16.8943272, -16.8942738
1555.0999999999854, -16.2159767, -16.2165356, -16.2162991, -16.2156658, -16.2168179, -16.2160912, -16.2156124, -16.2165012, -16.2168522, -16.2162685
1555.1499999999853, -17.0158234, -17.0176144, -17.0189495, -17.018158, -17.0166187, -17.0163784, -17.0161839, -17.0168476, -17.0157108, -17.0151596
1555.1999999999853, -17.5992889, -17.5983944, -17.5992813, -17.5990753, -17.5994148, -17.6003094, -17.5998592, -17.5994358, -17.5995674, -17.5997086
1555.2499999999852, -16.8058491, -16.8071823, -16.8071423, -16.8075237, -16.8066845, -16.8069019, -16.8067017, -16.8077946, -16.8073254, -16.8073196
1555.2999999999852, -16.4737263, -16.4761162, -16.4760361, -16.476675, -16.4782486, -16.4767723, -16.4765415, -16.4773388, -16.477272, -16.4778824
1555.3499999999851, -17.3513336, -17.3517056, -17.3525887, -17.3530788, -17.3525925, -17.3523865, -17.3532906, -17.3523884, -17.3540134, -17.3543549
1555.399999999985, -17.4431, -17.4433384, -17.442461, -17.4429359, -17.4426422, -17.4433651, -17.4430428, -17.4431477, -17.4436302, -17.4437618
1555.449999999985, -16.5352154, -16.5364418, -16.5360756, -16.5372276, -16.5392818, -16.5397339, -16.5395889, -16.5390987, -16.5391979, -16.5403786
1555.499999999985, -16.3902664, -16.3872852, -16.3860245, -16.3842869, -16.3820858, -16.3810902, -16.3789577, -16.3787136, -16.3773022, -16.3781834
1555.549999999985, -17.1449432, -17.1327801, -17.1263332, -17.1168175, -17.1114178, -17.1040382, -17.101902, -17.1018333, -17.1013336, -17.1014118
1555.599999999985, -17.605463, -17.606266, -17.6046448, -17.6029415, -17.6056557, -17.602747, -17.6010075, -17.6010456, -17.6013966, -17.6005497
1555.6499999999849, -17.2470303, -17.2536793, -17.2565479, -17.2575989, -17.257885, -17.2588558, -17.2616081, -17.262516, -17.2631321, -17.2639599
1555.6999999999848, -16.5798473, -16.5803089, -16.5808315, -16.58284, -16.5822506, -16.5823097, -16.5823116, -16.5812721, -16.580637, -16.5794468
1555.7499999999848, -16.6939182, -16.6935215, -16.6949692, -16.6951485, -16.6946945, -16.693594, -16.6938362, -16.6942616, -16.6948395, -16.695982
1555.7999999999847, -17.4972153, -17.4974155, -17.4971619, -17.496788, -17.4953308, -17.4952965, -17.4984016, -17.498085, -17.4978409, -17.4985085
1555.8499999999847, -17.4593105, -17.4591045, -17.4596481, -17.4600945, -17.4599094, -17.459528, -17.459856, -17.4598713, -17.4600048, -17.4608231
1555.8999999999846, -16.6414204, -16.6416378, -16.6416531, -16.6417904, -16.6411972, -16.6401119, -16.6407738, -16.6412716, -16.6406136, -16.6412487
1555.9499999999846, -16.5841446, -16.5830936, -16.5833302, -16.58325, -16.5825958, -16.5826111, -16.5817528, -16.5813694, -16.5818863, -16.5813084
1555.9999999999845, -17.485714, -17.4850826, -17.4863853, -17.4852428, -17.484787, -17.4863358, -17.4849167, -17.4856377, -17.4858551, -17.485157
1556.0499999999845, -17.4220734, -17.4229317, -17.4219189, -17.4226913, -17.4218044, -17.4214478, -17.4221802, -17.4217548, -17.4222794, -17.4221783
1556.0999999999844, -16.5996437, -16.5992603, -16.6001911, -16.5996342, -16.59935, -16.5991802, -16.6002827, -16.5995445, -16.5993614, -16.5981426
1556.1499999999844, -16.9787331, -16.9803467, -16.9804173, -16.9795036, -16.9823246, -16.9818916, -16.9805126, -16.9797611, -16.9810696, -16.9820366
1556.1999999999844, -17.7621136, -17.7611599, -17.7615852, -17.7615242, -17.7614117, -17.7612247, -17.7606792, -17.761013, -17.7614937, -17.761097
1556.2499999999843, -17.2592335, -17.2592525, -17.2578754, -17.258234, -17.2581501, -17.2565918, -17.2550812, -17.2548866, -17.2542019, -17.2548027
1556.2999999999843, -16.5452175, -16.5448437, -16.544693, -16.5441933, -16.5445099, -16.5427895, -16.5421124, -16.5425587, -16.5429535, -16.5437908
1556.3499999999842, -17.0187836, -17.0139046, -17.0123901, -17.010479, -17.0110512, -17.0113106, -17.0110455, -17.007452, -17.0084877, -17.0088005
1556.3999999999842, -17.6461391, -17.6451683, -17.6421509, -17.6387138, -17.6366997, -17.6334, -17.6324272, -17.6309376, -17.6313705, -17.6319027
1556.4499999999841, -17.4166298, -17.4274197, -17.4387226, -17.4472637, -17.4527206, -17.4579659, -17.4618282, -17.4670219, -17.4683781, -17.4703217
1556.499999999984, -16.7196522, -16.7280159, -16.734602, -16.7430611, -16.7499504, -16.7553272, -16.7577705, -16.7601585, -16.7618637, -16.763134
1556.549999999984, -16.5389214, -16.5374317, -16.5374928, -16.5354595, -16.5349979, -16.5340576, -16.5328064, -16.5331402, -16.5330963, -16.5336323
1556.599999999984, -17.349678, -17.3487988, -17.3478889, -17.3486061, -17.3478832, -17.3482571, -17.3479385, -17.3476753, -17.3478088, -17.3478889
1556.649999999984, -17.87146, -17.8701153, -17.8708649, -17.8718491, -17.8716278, -17.8713779, -17.8718109, -17.8711586, -17.872242, -17.8717422
1556.699999999984, -17.2895432, -17.2908974, -17.2889042, -17.2889423, -17.289465, -17.2889538, -17.2892609, -17.2882576, -17.2885971, -17.2882156
1556.7499999999839, -16.666008, -16.664711, -16.6637917, -16.6627407, -16.6627064, -16.6620255, -16.6622086, -16.6626892, -16.662426, -16.6623268
1556.7999999999838, -17.2664337, -17.2692623, -17.2715054, -17.2726898, -17.2726078, -17.2727299, -17.2702312, -17.2725372, -17.2752991, -17.2748222
1556.8499999999838, -17.8140697, -17.8132057, -17.8126373, -17.8135242, -17.8123169, -17.8115692, -17.8103504, -17.8110199, -17.8108864, -17.8108311
1556.8999999999837, -17.0806236, -17.0820045, -17.0795441, -17.0808983, -17.0808468, -17.0822544, -17.0819359, -17.082201, -17.0816689, -17.081459
1556.9499999999837, -16.486414, -16.4861412, -16.4857311, -16.4857655, -16.4858112, -16.4850903, -16.4866028, -16.485611, -16.4853382, -16.4860554
1556.9999999999836, -17.391777, -17.3923721, -17.3925457, -17.3923969, -17.3924084, -17.3922081, -17.3912182, -17.3910103, -17.390398, -17.391325
1557.0499999999836, -17.8302231, -17.8301907, -17.8307152, -17.8295002, -17.8297596, -17.8300991, -17.8291187, -17.8292542, -17.8298187, -17.829319
1557.0999999999835, -17.0418282, -17.0420685, -17.04076, -17.0414543, -17.0407848, -17.0410976, -17.0397263, -17.0408211, -17.0404263, -17.0415173
1557.1499999999835, -16.8171177, -16.8146286, -16.8139038, -16.8141174, -16.813446, -16.8115349, -16.811533, -16.8119068, -16.8115025, -16.8123188
1557.1999999999834, -17.6394634, -17.638052, -17.6382389, -17.6382256, -17.6376247, -17.6379929, -17.6376953, -17.6380768, -17.6376781, -17.6374798
1557.2499999999834, -17.8872681, -17.888525, -17.8881721, -17.888588, -17.8893528, -17.8895817, -17.8910217, -17.8920479, -17.8945808, -17.8933926
1557.2999999999834, -17.1372051, -17.1481819, -17.1594868, -17.1734371, -17.185791, -17.1923351, -17.1975708, -17.2007923, -17.2033195, -17.2051544
1557.3499999999833, -16.5425835, -16.5459862, -16.5492458, -16.5534611, -16.5559978, -16.5569191, -16.5595551, -16.5626602, -16.5611572, -16.5615177
1557.3999999999833, -16.9291019, -16.9224758, -16.916626, -16.9139118, -16.9106026, -16.9046021, -16.9013805, -16.901041, -16.9009304, -16.9013863
1557.4499999999832, -17.7514248, -17.7489758, -17.7442684, -17.7433281, -17.74403, -17.744545, -17.7439098, -17.7435341, -17.7427521, -17.7420712
1557.4999999999832, -17.7170124, -17.7175007, -17.7174454, -17.7174759, -17.7178288, -17.7189331, -17.7198257, -17.7191143, -17.7193069, -17.7193241
1557.5499999999831, -16.9672031, -16.9669743, -16.9672031, -16.9663868, -16.9659939, -16.9655724, -16.9662132, -16.9658051, -16.9647999, -16.9638615
1557.599999999983, -16.9338627, -16.9343815, -16.9350338, -16.934433, -16.9331245, -16.9330864, -16.9328175, -16.9319878, -16.9322281, -16.9319592
1557.649999999983, -17.8365097, -17.8364201, -17.8375034, -17.8382187, -17.8396912, -17.8390121, -17.8391476, -17.838541, -17.8384304, -17.837759
1557.699999999983, -17.8883724, -17.8882179, -17.8888741, -17.8891239, -17.8887539, -17.8892059, -17.8906097, -17.8899517, -17.8896313, -17.8906288
1557.749999999983, -16.9847813, -16.9840603, -16.983942, -16.9836006, -16.9842014, -16.9835625, -16.9838142, -16.9837856, -16.984396, -16.9832172
1557.799999999983, -16.9243336, -16.9235096, -16.9222698, -16.9220295, -16.9220695, -16.922863, -16.92346, -16.9223118, -16.9228001, -16.9217663
1557.8499999999829, -17.822979, -17.8229866, -17.8222504, -17.8208961, -17.8207741, -17.8212299, -17.8207703, -17.8200741, -17.8193474, -17.8194866
1557.8999999999828, -17.5922146, -17.5916309, -17.5917931, -17.5911846, -17.5912781, -17.5915947, -17.5911102, -17.591713, -17.5924759, -17.5918808
1557.9499999999828, -16.7808475, -16.7807999, -16.7806625, -16.7803402, -16.7788181, -16.7782917, -16.7791882, -16.7788696, -16.7795315, -16.7795162
1557.9999999999827, -17.2254066, -17.22505, -17.2259769, -17.2259102, -17.2262287, -17.2273312, -17.2281265, -17.2257729, -17.2266846, -17.227356
1558.0499999999827, -18.0053196, -18.0054951, -18.0063877, -18.0063114, -18.0061436, -18.0066509, -18.0076027, -18.0079174, -18.0080299, -18.0082569
1558.0999999999826, -17.6217594, -17.6237965, -17.6242962, -17.6237755, -17.6236572, -17.6243153, -17.6252079, -17.6251106, -17.6240597, -17.624815
1558.1499999999826, -16.8848877, -16.8904858, -16.8926315, -16.8963966, -16.8992882, -16.8995857, -16.8998775, -16.9015293, -16.9028416, -16.903511
1558.1999999999825, -17.0392189, -17.0297318, -17.02314, -17.0157604, -17.0067997, -17.0034466, -16.9974594, -16.9927444, -16.9927082, -16.9921455
1558.2499999999825, -17.7502747, -17.740612, -17.7303848, -17.7195129, -17.715704, -17.7131691, -17.7070446, -17.7045975, -17.7043629, -17.7056618
1558.2999999999824, -17.9825115, -17.9830265, -17.9857826, -17.9886723, -17.9885292, -17.9869556, -17.9874859, -17.9882164, -17.9883709, -17.9876366
1558.3499999999824, -17.3570194, -17.3581085, -17.3582001, -17.3581905, -17.3583336, -17.3575077, -17.3574333, -17.3579998, -17.3585777, -17.3584881
1558.3999999999824, -16.7593079, -16.7590103, -16.7584877, -16.7591362, -16.7588634, -16.7598457, -16.7595482, -16.7586002, -16.7585182, -16.7590733
1558.4499999999823, -17.3899879, -17.389534, -17.3892879, -17.3890324, -17.3890152, -17.3892746, -17.3890667, -17.388773, -17.3896446, -17.3905716
1558.4999999999823, -18.0843372, -18.0851784, -18.0861893, -18.0871201, -18.0859604, -18.0861683, -18.0864239, -18.0861702, -18.0871334, -18.0875797
1558.5499999999822, -17.6536217, -17.6526909, -17.6523991, -17.6517811, -17.6515579, -17.6517754, -17.6517525, -17.6514664, -17.6513405, -17.6518059
1558.5999999999822, -16.9190502, -16.9190292, -16.9184589, -16.9188118, -16.919136, -16.9189415, -16.9191532, -16.9190674, -16.9192791, -16.9183903
1558.6499999999821, -17.5149326, -17.5157013, -17.514122, -17.5150032, -17.5171127, -17.5188732, -17.519413, -17.5172577, -17.5163841, -17.517786
1558.699999999982, -18.1803131, -18.1793232, -18.180479, -18.1803093, -18.1800499, -18.1790504, -18.1795139, -18.1797695, -18.1806984, -18.1814594
1558.749999999982, -17.4376278, -17.4386139, -17.4397793, -17.4391136, -17.439518, -17.4385147, -17.4400463, -17.4408169, -17.4408455, -17.4416847
1558.799999999982, -16.7940998, -16.7935009, -16.7930794, -16.7941799, -16.7941303, -16.793808, -16.7937546, -16.7937183, -16.7920456, -16.7934361
1558.849999999982, -17.68783, -17.6885147, -17.6888809, -17.6885109, -17.6882973, -17.6891937, -17.6874256, -17.6876736, -17.6873074, -17.6871948
1558.899999999982, -18.0895462, -18.089859, -18.0890388, -18.0890369, -18.0886459, -18.0889034, -18.0892239, -18.0896568, -18.0894527, -18.0897884
1558.9499999999819, -17.2756786, -17.2765198, -17.27738, -17.2778835, -17.277523, -17.2777481, -17.278347, -17.2780418, -17.277689, -17.2776318
1558.9999999999818, -16.9419975, -16.9405231, -16.9392548, -16.9397888, -16.9399967, -16.9410858, -16.9401875, -16.9405117, -16.9403725, -16.9401112
1559.0499999999818, -17.6881046, -17.6833344, -17.6759834, -17.672802, -17.6668015, -17.6621742, -17.6623001, -17.6622372, -17.6624241, -17.6632538
1559.0999999999817, -18.1705799, -18.1699486, -18.1701622, -18.1704159, -18.1692028, -18.16749, -18.1660995, -18.166851, -18.1669025, -18.1646175
1559.1499999999817, -17.818264, -17.8227329, -17.8275547, -17.8349228, -17.8402996, -17.8434067, -17.8459873, -17.8472996, -17.8489571, -17.8497028
1559.1999999999816, -17.0548534, -17.0572128, -17.0592461, -17.0612354, -17.063818, -17.0641308, -17.0651321, -17.0667839, -17.0665379, -17.0673695
1559.2499999999816, -17.0027828, -16.9997063, -16.9998856, -16.9986496, -16.9990425, -16.9990253, -16.9998093, -16.999588, -17.000803, -17.0016708
1559.2999999999815, -17.8976974, -17.8968735, -17.8971958, -17.89744, -17.897953, -17.8960667, -17.8960648, -17.8962154, -17.8953381, -17.8953094
1559.3499999999815, -18.0944672, -18.0943947, -18.0952301, -18.0957508, -18.0968018, -18.0972481, -18.0976868, -18.0975933, -18.0977745, -18.0980797
1559.3999999999814, -17.3627014, -17.362854, -17.3636341, -17.3646736, -17.3646889, -17.3643856, -17.3648186, -17.364212, -17.364624, -17.3647938
1559.4499999999814, -17.0923786, -17.0921288, -17.0919075, -17.0917988, -17.0919075, -17.0919552, -17.0912704, -17.0914421, -17.0916443, -17.091301
1559.4999999999814, -17.9802837, -17.9800034, -17.9811478, -17.9812794, -17.9809074, -17.9815464, -17.9815025, -17.9802513, -17.979538, -17.9802227
1559.5499999999813, -18.1627293, -18.1639442, -18.164896, -18.1640377, -18.1640892, -18.1633244, -18.1635532, -18.163414, -18.1636524, -18.164053
1559.5999999999813, -17.2602768, -17.2620621, -17.2611313, -17.2607899, -17.2618084, -17.2624321, -17.263031, -17.2634296, -17.2632809, -17.2644615
1559.6499999999812, -17.0811119, -17.082016, -17.0835667, -17.0822144, -17.0822105, -17.0809879, -17.080492, -17.0828075, -17.0833969, -17.0831299
1559.6999999999812, -18.0501213, -18.0501366, -18.0490437, -18.049181, -18.0502071, -18.0509853, -18.0514221, -18.0512238, -18.0511131, -18.0483284
1559.7499999999811, -17.969286, -17.9686985, -17.9684029, -17.9682083, -17.9680386, -17.9672146, -17.9674225, -17.9682217, -17.9680805, -17.9668636
1559.799999999981, -17.1181126, -17.1186752, -17.1200924, -17.1208115, -17.1203022, -17.1198616, -17.119669, -17.1201897, -17.1201954, -17.1202793
1559.849999999981, -17.3757706, -17.3754539, -17.3754272, -17.3767834, -17.3771667, -17.3770294, -17.3761444, -17.3761272, -17.3774719, -17.3763561
1559.899999999981, -18.2130909, -18.212923, -18.2115784, -18.2102108, -18.2093048, -18.2088051, -18.2086487, -18.2104912, -18.2106609, -18.2091446
1559.949999999981, -18.1565018, -18.1613312, -18.1684704, -18.1737766, -18.1760406, -18.1787243, -18.1806412, -18.1809425, -18.1817131, -18.1828995
1559.999999999981, -17.4882603, -17.4952793, -17.5012169, -17.5072556, -17.5134163, -17.5186081, -17.5239182, -17.5279789, -17.5306473, -17.5313892
1560.0499999999809, -17.0095463, -17.0099335, -17.0115509, -17.0101013, -17.008255, -17.0078163, -17.0069141, -17.0067711, -17.0067539, -17.0073013
1560.0999999999808, -17.5865078, -17.5846291, -17.5847816, -17.5844879, -17.5841713, -17.5849037, -17.5849361, -17.5849285, -17.5847206, -17.5826664
1560.1499999999808, -18.2348366, -18.2352943, -18.2346935, -18.2333469, -18.2327995, -18.2345905, -18.2351112, -18.2347851, -18.2350388, -18.235075
1560.1999999999807, -17.8833447, -17.884079, -17.8843021, -17.885294, -17.8851242, -17.8850555, -17.885891, -17.885603, -17.8865681, -17.8869381
1560.2499999999807, -17.0651569, -17.0648575, -17.0658073, -17.0661354, -17.0669231, -17.0675716, -17.0682526, -17.0677147, -17.069212, -17.0691414
1560.2999999999806, -17.4590473, -17.456213, -17.4540024, -17.4522095, -17.4514713, -17.4515438, -17.4524364, -17.4518528, -17.4523945, -17.4522705
1560.3499999999806, -18.3746243, -18.3747826, -18.3748016, -18.3739796, -18.374155, -18.3724842, -18.3728676, -18.3589554, -18.371809, -18.3705997
1560.3999999999805, -18.1450214, -18.1457481, -18.1465569, -18.1453285, -18.145628, -18.1464424, -18.147953, -18.147892, -18.1470528, -18.1460705
1560.4499999999805, -17.2220745, -17.2226105, -17.2213879, -17.2216816, -17.222393, -17.2238426, -17.2233582, -17.2233429, -17.2226391, -17.2220154
1560.4999999999804, -17.5541248, -17.5525303, -17.5508404, -17.5507908, -17.5502224, -17.5508442, -17.5494232, -17.5491695, -17.5503654, -17.5496559
1560.5499999999804, -18.318964, -18.3176575, -18.3177338, -18.3179512, -18.3177032, -18.3176613, -18.3178959, -18.3181248, -18.319315, -18.3179855
1560.5999999999804, -17.7481403, -17.7481689, -17.7483425, -17.7480774, -17.7475586, -17.747757, -17.7483826, -17.7482758, -17.7485714, -17.7487888
1560.6499999999803, -16.9878483, -16.9876976, -16.9879608, -16.9880619, -16.9889736, -16.9893093, -16.9897175, -16.9898033, -16.989994, -16.9904995
1560.6999999999803, -17.7913952, -17.7923183, -17.7915287, -17.7927666, -17.7950783, -17.7940941, -17.7910118, -17.7890797, -17.7897854, -17.7900066
1560.7499999999802, -18.4971294, -18.4967518, -18.4950962, -18.4942913, -18.4950523, -18.4946842, -18.4942646, -18.4937344, -18.4951248, -18.4954739
1560.7999999999802, -18.0706043, -18.0745163, -18.0778522, -18.0813427, -18.0832863, -18.0837383, -18.0872326, -18.0883865, -18.0895042, -18.0897675
1560.8499999999801, -17.3592224, -17.3604813, -17.3657379, -17.3714371, -17.3756447, -17.3790283, -17.3813438, -17.3829365, -17.382761, -17.3829994
1560.89999999998, -17.4831028, -17.4767056, -17.4676895, -17.4649658, -17.4592819, -17.4555321, -17.4561443, -17.4513378, -17.4466324, -17.4448776
1560.94999999998, -18.2750244, -18.274416, -18.2747593, -18.2729702, -18.2695827, -18.2639103, -18.2637062, -18.2633858, -18.263443, -18.2638168
1560.99999999998, -18.4763756, -18.4776077, -18.4775467, -18.4778728, -18.4774818, -18.4768715, -18.4768696, -18.476366, -18.4773693, -18.4784985
1561.04999999998, -17.6774082, -17.6775646, -17.6779156, -17.6791077, -17.6809444, -17.681633, -17.6810341, -17.6804085, -17.679985, -17.6799908
1561.09999999998, -17.055418, -17.054369, -17.0523396, -17.0516262, -17.0504436, -17.0511856, -17.0516014, -17.0520935, -17.0511875, -17.051199
1561.1499999999799, -17.8758736, -17.8755169, -17.8732548, -17.8716278, -17.8728142, -17.8727627, -17.8724976, -17.8715973, -17.8709831, -17.8705006
1561.1999999999798, -18.4750767, -18.4751453, -18.4752254, -18.4736977, -18.4743938, -18.475378, -18.4733677, -18.4732094, -18.4731693, -18.4738655
1561.2499999999798, -17.9430943, -17.9445553, -17.9446888, -17.9439964, -17.9429607, -17.9421902, -17.9414406, -17.9404812, -17.9397106, -17.9399529
1561.2999999999797, -17.3078098, -17.3069935, -17.308403, -17.3085136, -17.3090725, -17.3083706, -17.3087635, -17.3093052, -17.3090096, -17.3087559
1561.3499999999797, -18.1237812, -18.1231346, -18.1247711, -18.1233749, -18.1214352, -18.1237431, -18.124157, -18.1232662, -18.1233025, -18.1233253
1561.3999999999796, -18.6010284, -18.6018353, -18.6019268, -18.6021385, -18.6021347, -18.6013489, -18.6017799, -18.6019363, -18.6017437, -18.60256
1561.4499999999796, -17.7804871, -17.7751236, -17.7741432, -17.7805519, -17.7820129, -17.7819252, -17.7830887, -17.781208, -17.7819233, -17.7829609
1561.4999999999795, -17.2339993, -17.2337761, -17.2335682, -17.2338181, -17.2338428, -17.234354, -17.2347603, -17.233942, -17.2352638, -17.2352448
1561.5499999999795, -18.2036819, -18.2029762, -18.2038975, -18.2023354, -18.201355, -18.1999931, -18.1989403, -18.1992664, -18.1991959, -18.1991673
1561.5999999999794, -18.3594494, -18.3590126, -18.3594646, -18.3584099, -18.3589745, -18.3605003, -18.3605576, -18.3598995, -18.3599262, -18.3595524
1561.6499999999794, -17.6122551, -17.6125546, -17.615591, -17.6196918, -17.6197166, -17.6206055, -17.6204987, -17.6215706, -17.6219635, -17.6223717
1561.6999999999794, -17.42486, -17.4193993, -17.4183884, -17.4133091, -17.4115543, -17.408186, -17.4042473, -17.4032593, -17.4015274, -17.4013348
1561.7499999999793, -18.2641525, -18.2563286, -18.2469883, -18.2279396, -18.2179165, -18.2056599, -18.198143, -18.1939144, -18.1920185, -18.1920986
1561.7999999999793, -18.7507362, -18.7509556, -18.7485065, -18.7452736, -18.7447491, -18.7435169, -18.7420673, -18.7410736, -18.7397633, -18.7392673
1561.8499999999792, -18.4476299, -18.4491825, -18.451067, -18.4500713, -18.451561, -18.4540558, -18.4563026, -18.4594364, -18.4594975, -18.4599152
1561.8999999999792, -17.5683918, -17.5673428, -17.5699406, -17.5709953, -17.5682678, -17.5704002, -17.5702801, -17.5681114, -17.5684662, -17.5697918
1561.9499999999791, -17.6428089, -17.6426201, -17.6431484, -17.6413441, -17.6408081, -17.640276, -17.6378994, -17.6374836, -17.6358261, -17.6341496
1561.999999999979, -18.4975891, -18.4979687, -18.4979076, -18.4979324, -18.497839, -18.4971104, -18.4963264, -18.4977741, -18.4980335, -18.4973354
1562.049999999979, -18.4342461, -18.4332256, -18.432806, -18.4327431, -18.4325848, -18.4321213, -18.4316521, -18.4319267, -18.4316349, -18.431591
1562.099999999979, -17.5758057, -17.5750599, -17.5768127, -17.5746861, -17.5748501, -17.5745564, -17.5755787, -17.575737, -17.5768623, -17.5754795
1562.149999999979, -17.5338345, -17.5342102, -17.5338726, -17.5338421, -17.5332394, -17.5349159, -17.5367184, -17.5351772, -17.5340824, -17.5354404
1562.199999999979, -18.5973415, -18.5988369, -18.5972271, -18.5968304, -18.5971527, -18.5976448, -18.5972824, -18.5974197, -18.5968914, -18.5981445
1562.2499999999789, -18.6797714, -18.6806297, -18.6817322, -18.6810493, -18.6807899, -18.6812897, -18.6806488, -18.6806145, -18.6801491, -18.6799793
1562.2999999999788, -17.7443027, -17.7445984, -17.745224, -17.7457085, -17.7474174, -17.7471962, -17.7462139, -17.7462864, -17.7465401, -17.7463818
1562.3499999999788, -17.7610207, -17.761755, -17.7623138, -17.7620716, -17.7625389, -17.7633972, -17.7630768, -17.763195, -17.7647762, -17.7628155
1562.3999999999787, -18.6977367, -18.6955204, -18.6949463, -18.6934986, -18.6925907, -18.6930332, -18.6937275, -18.6930103, -18.693325, -18.6933422
1562.4499999999787, -18.4068699, -18.4068623, -18.4079247, -18.4084873, -18.4081898, -18.4085827, -18.4089432, -18.4087448, -18.4100971, -18.4090996
1562.4999999999786, -17.4449253, -17.4453239, -17.444582, -17.4458218, -17.4454136, -17.4447384, -17.4445381, -17.44454, -17.4453373, -17.4460068
1562.5499999999786, -17.7623615, -17.7607231, -17.7570057, -17.7504559, -17.7467632, -17.7438545, -17.7387772, -17.7353764, -17.7336197, -17.7337379
1562.5999999999785, -18.7327385, -18.7320271, -18.7241573, -18.7182846, -18.7126007, -18.7099285, -18.7047367, -18.7017403, -18.7011795, -18.7020569
1562.6499999999785, -18.8646507, -18.8676338, -18.8715153, -18.8749218, -18.8772545, -18.8810196, -18.8829994, -18.8862877, -18.8870144, -18.8866177
1562.6999999999784, -18.1854477, -18.1875687, -18.1918945, -18.1974449, -18.2028141, -18.2057114, -18.2087498, -18.2119484, -18.2161713, -18.21731
1562.7499999999784, -17.618042, -17.6163578, -17.6156559, -17.6156044, -17.6158104, -17.6160851, -17.6164951, -17.6171761, -17.6174755, -17.6173592
1562.7999999999784, -18.2525425, -18.2513351, -18.2497978, -18.2435894, -18.2402363, -18.2374897, -18.2373352, -18.2368908, -18.2373428, -18.237093
1562.8499999999783, -18.9160328, -18.9166584, -18.9173889, -18.9168282, -18.9167976, -18.9154949, -18.9152298, -18.9149475, -18.9129982, -18.913063
1562.8999999999783, -18.4693794, -18.4688206, -18.4712715, -18.4719696, -18.4729156, -18.4739571, -18.4743843, -18.4745941, -18.4683533, -18.4682503
1562.9499999999782, -17.5424347, -17.5425644, -17.5426521, -17.5441284, -17.5440845, -17.5442257, -17.5433521, -17.5437088, -17.544672, -17.5437756
1562.9999999999782, -18.024332, -18.0216999, -18.0191383, -18.0185566, -18.0179405, -18.0171967, -18.0169907, -18.0166588, -18.0158844, -18.0158062
1563.0499999999781, -18.9200726, -18.9193878, -18.9186115, -18.9194756, -18.9213047, -18.9195042, -18.9197788, -18.9202728, -18.9201317, -18.9203777
1563.099999999978, -18.6772022, -18.6772327, -18.6771717, -18.6776543, -18.6779156, -18.6782036, -18.6785259, -18.6776485, -18.676569, -18.6763592
1563.149999999978, -17.7324677, -17.7321014, -17.7325306, -17.7328396, -17.7330761, -17.7326012, -17.7326641, -17.733778, -17.7340813, -17.7345104
1563.199999999978, -18.2333012, -18.2322807, -18.2332859, -18.233448, -18.2335453, -18.2328777, -18.2316399, -18.2321224, -18.2332687, -18.233532
1563.249999999978, -18.9806309, -18.9799194, -18.9810486, -18.9808674, -18.981123, -18.980566, -18.9813194, -18.9815388, -18.98069, -18.9814987
1563.299999999978, -18.4558277, -18.457058, -18.4560795, -18.4556561, -18.4566879, -18.4569206, -18.4577103, -18.4596233, -18.4600239, -18.4605865
1563.3499999999779, -17.6004944, -17.6002407, -17.6001873, -17.6007843, -17.5996265, -17.5996017, -17.5994167, -17.6002731, -17.5996017, -17.5989799
1563.3999999999778, -18.3178463, -18.3143349, -18.3137951, -18.3128052, -18.3128929, -18.3120556, -18.3121548, -18.3115368, -18.3123569, -18.3115463
1563.4499999999778, -19.0021152, -18.9998283, -18.9989414, -18.9970608, -18.9947205, -18.9953537, -18.9951038, -18.9942818, -18.9927044, -18.9929123
1563.4999999999777, -18.6593895, -18.6602993, -18.6680393, -18.6745052, -18.6815758, -18.6860695, -18.6904964, -18.695446, -18.6976109, -18.6997814
1563.5499999999777, -17.8934364, -17.8983727, -17.9051418, -17.9111404, -17.9157486, -17.9223385, -17.9277916, -17.9323807, -17.9344063, -17.9346809
1563.5999999999776, -17.9614162, -17.959589, -17.9559612, -17.9510574, -17.9493027, -17.9478321, -17.9447308, -17.9453888, -17.9412022, -17.9414253
1563.6499999999776, -18.831934, -18.8280869, -18.8271694, -18.8257027, -18.825552, -18.8254623, -18.8234768, -18.822382, -18.819849, -18.8196468
1563.6999999999775, -19.0605068, -19.059021, -19.0597248, -19.0616169, -19.0626659, -19.0626812, -19.0630836, -19.0626507, -19.0628471, -19.0630951
1563.7499999999775, -18.3015594, -18.302681, -18.3043175, -18.3062305, -18.307354, -18.3079319, -18.3083115, -18.3085747, -18.309515, -18.3096409
1563.7999999999774, -17.7279396, -17.7257175, -17.7260113, -17.7244167, -17.7225456, -17.7219315, -17.7237339, -17.7228088, -17.7234764, -17.7238388
1563.8499999999774, -18.5392475, -18.5366344, -18.5350456, -18.5341606, -18.5339718, -18.5335369, -18.5330486, -18.5330544, -18.5341854, -18.533844
1563.8999999999774, -19.0340462, -19.0341816, -19.0348396, -19.0341167, -19.0344372, -19.0352268, -19.0353355, -19.0351219, -19.0351486, -19.0340157
1563.9499999999773, -18.3835697, -18.3846188, -18.3855953, -18.3864956, -18.3861828, -18.3864784, -18.3867512, -18.3869076, -18.3863125, -18.3864231
1563.9999999999773, -17.7683334, -17.7664127, -17.7663498, -17.7660751, -17.7654343, -17.7655525, -17.766571, -17.7665081, -17.7675171, -17.766346
1564.0499999999772, -18.7585583, -18.7591858, -18.757988, -18.7569294, -18.7554054, -18.7555065, -18.755209, -18.7555218, -18.7546234, -18.7543068
1564.0999999999772, -19.2090359, -19.2087822, -19.2082996, -19.2078133, -19.2094994, -19.2100525, -19.2095795, -19.2092037, -19.2084579, -19.2091656
1564.1499999999771, -18.3759842, -18.3764687, -18.3767204, -18.3760376, -18.3768845, -18.3764534, -18.3762531, -18.3768501, -18.3773785, -18.3769836
1564.199999999977, -17.8561096, -17.8557377, -17.8560619, -17.8567619, -17.8554592, -17.8547287, -17.8546696, -17.8544579, -17.8544655, -17.8539162
1564.249999999977, -18.8288021, -18.827528, -18.8255863, -18.8238983, -18.8225613, -18.8219261, -18.8218861, -18.8221836, -18.821722, -18.8231812
1564.299999999977, -19.076992, -19.0782471, -19.0783539, -19.0779705, -19.0781765, -19.0785408, -19.0784874, -19.0782661, -19.0782127, -19.0778904
1564.349999999977, -18.2550297, -18.259922, -18.2655964, -18.2709713, -18.2750149, -18.276474, -18.278677, -18.2824669, -18.285141, -18.2858639
1564.399999999977, -17.7064571, -17.7043705, -17.7037697, -17.7003651, -17.7006817, -17.6980782, -17.6969185, -17.698082, -17.6967754, -17.6973133
1564.4499999999769, -18.426033, -18.4171848, -18.402586, -18.3927708, -18.381321, -18.3743114, -18.362215, -18.3528175, -18.3450565, -18.34408
1564.4999999999768, -19.2194595, -19.2187119, -19.2136211, -19.2085342, -19.2075386, -19.2064648, -19.2024117, -19.1993351, -19.2006092, -19.2008095
1564.5499999999768, -19.1123734, -19.1147995, -19.1157265, -19.1166306, -19.1173477, -19.1192093, -19.1196098, -19.1211185, -19.1210251, -19.1214447
1564.5999999999767, -18.1994667, -18.2001057, -18.20051, -18.2013264, -18.2032547, -18.2042961, -18.2050762, -18.2051849, -18.2051296, -18.2055969
1564.6499999999767, -18.0758591, -18.0739231, -18.0706577, -18.0682602, -18.0669212, -18.0660172, -18.0655022, -18.0650883, -18.0663738, -18.0653439
1564.6999999999766, -18.9612427, -18.9615383, -18.9611053, -18.9623337, -18.9624977, -18.9621658, -18.9614716, -18.9601688, -18.9579811, -18.9568977
1564.7499999999766, -19.1151085, -19.1151276, -19.1166401, -19.116394, -19.1169224, -19.1171551, -19.1169014, -19.1181374, -19.1177769, -19.1181126
1564.7999999999765, -18.0870438, -18.0869045, -18.0866127, -18.0874748, -18.0872478, -18.0881329, -18.0885715, -18.0895805, -18.0894623, -18.0896645
1564.8499999999765, -17.7880726, -17.78685, -17.78685, -17.7866707, -17.7856178, -17.7842388, -17.7852287, -17.7848625, -17.7850418, -17.7857056
1564.8999999999764, -18.8735027, -18.8745174, -18.8757954, -18.8761597, -18.8761959, -18.8753204, -18.8769779, -18.8769493, -18.8757591, -18.8771191
1564.9499999999764, -18.877367, -18.8780193, -18.8771534, -18.8777714, -18.877079, -18.8762665, -18.8770084, -18.8777351, -18.879406, -18.8788433
1564.9999999999764, -18.2909184, -18.2914982, -18.2919197, -18.2926216, -18.2923717, -18.2934322, -18.2918587, -18.2932739, -18.2934513, -18.2924919
1565.0499999999763, -18.2133465, -18.2139969, -18.214222, -18.2143917, -18.2142429, -18.2137146, -18.2128677, -18.2131844, -18.214119, -18.2140503
1565.0999999999763, -19.1638279, -19.1602993, -19.1593075, -19.1596394, -19.1598511, -19.1599102, -19.1604939, -19.1602135, -19.1587849, -19.1578712
1565.1499999999762, -19.184227, -19.1859531, -19.1871548, -19.1865826, -19.1855507, -19.1868649, -19.1864395, -19.187521, -19.1866493, -19.1862736
1565.1999999999762, -18.0788555, -18.0817699, -18.0857487, -18.09025, -18.0918102, -18.0933857, -18.0936928, -18.0942059, -18.0956097, -18.0974045
1565.2499999999761, -17.9916115, -17.9833584, -17.9805546, -17.9762878, -17.9714622, -17.9705124, -17.9658031, -17.9609489, -17.9601994, -17.9595528
1565.299999999976, -18.8104267, -18.8047981, -18.7941551, -18.7788181, -18.7701359, -18.765543, -18.7583103, -18.7538452, -18.7522106, -18.7510624
1565.349999999976, -19.2300186, -19.2291527, -19.2300358, -19.2288742, -19.2267609, -19.22855, -19.2262535, -19.2252197, -19.2277889, -19.226841
1565.399999999976, -18.7942104, -18.8017769, -18.8082561, -18.8157291, -18.8202095, -18.8237019, -18.8256779, -18.8239651, -18.8254528, -18.8257599
1565.449999999976, -18.024931, -18.0257454, -18.0260811, -18.0266228, -18.0265274, -18.026947, -18.0283833, -18.0304585, -18.0294704, -18.0298443
1565.499999999976, -18.4275398, -18.4268665, -18.424078, -18.4263802, -18.426218, -18.4266567, -18.426878, -18.4271431, -18.4271221, -18.4268208
1565.5499999999759, -19.3010654, -19.2997952, -19.2989941, -19.2988472, -19.2984524, -19.2980919, -19.297924, -19.2979755, -19.2988796, -19.2990513
1565.5999999999758, -19.1755085, -19.1750717, -19.1751518, -19.1746597, -19.1740704, -19.1745148, -19.1743622, -19.1742001, -19.1743832, -19.1755905
1565.6499999999758, -18.1166325, -18.1173916, -18.1183376, -18.1186428, -18.1186523, -18.1199875, -18.1206379, -18.1208363, -18.120306, -18.1204967
1565.6999999999757, -18.1500931, -18.1488762, -18.1482849, -18.1469193, -18.1463585, -18.1455517, -18.1450195, -18.144022, -18.143322, -18.144001
1565.7499999999757, -19.0859661, -19.0859165, -19.0849056, -19.0839214, -19.0853233, -19.0843258, -19.0845547, -19.084322, -19.0844688, -19.0850945
1565.7999999999756, -18.9637852, -18.9647179, -18.9642715, -18.9639359, -18.9653893, -18.9652958, -18.9665298, -18.965189, -18.9646072, -18.9656239
1565.8499999999756, -18.0124493, -18.0135212, -18.0127296, -18.0128975, -18.0129261, -18.0129719, -18.0126171, -18.0121479, -18.0127869, -18.012291
1565.8999999999755, -18.3936958, -18.3927002, -18.3898067, -18.3895454, -18.387476, -18.385603, -18.3864365, -18.3843822, -18.384264, -18.3847809
1565.9499999999755, -19.3724117, -19.3724365, -19.3723431, -19.3722992, -19.3723621, -19.371954, -19.3730316, -19.3729229, -19.373024, -19.3732033
1565.9999999999754, -19.176733, -19.1753922, -19.1755314, -19.1752415, -19.1741753, -19.1740475, -19.1739063, -19.1748066, -19.1745243, -19.1743965
1566.0499999999754, -18.181675, -18.1819859, -18.1826229, -18.1837635, -18.1844997, -18.1856747, -18.1874332, -18.1890736, -18.1902847, -18.1896477
1566.0999999999754, -18.4970779, -18.4974689, -18.4930687, -18.4889889, -18.4862366, -18.4831257, -18.4821301, -18.481823, -18.4825344, -18.481945
1566.1499999999753, -19.3337364, -19.3302288, -19.3262749, -19.3212948, -19.3192158, -19.3145962, -19.3111649, -19.3095036, -19.304285, -19.3029976
1566.1999999999753, -19.1875401, -19.1916904, -19.2025204, -19.2116699, -19.2182713, -19.2279491, -19.2338524, -19.2379684, -19.2372208, -19.2381477
1566.2499999999752, -18.2793331, -18.2832375, -18.2917633, -18.3036938, -18.3106232, -18.3182621, -18.3223724, -18.325737, -18.3302212, -18.3344688
1566.2999999999752, -17.9533157, -17.9532299, -17.9484158, -17.9464664, -17.9472942, -17.9458466, -17.9445019, -17.9425774, -17.9439774, -17.94491
1566.3499999999751, -18.8354588, -18.8312092, -18.8256359, -18.8237209, -18.8215332, -18.8215637, -18.8199558, -18.8192444, -18.820179, -18.8186016
1566.399999999975, -19.5501938, -19.5488148, -19.5496082, -19.5494823, -19.5493336, -19.5480499, -19.5494003, -19.5498123, -19.5493221, -19.5494556
1566.449999999975, -19.0065117, -19.0076332, -19.010376, -19.0116978, -19.012558, -19.0136108, -19.0136776, -19.0150318, -19.0152321, -19.0149708
1566.499999999975, -18.1692467, -18.169302, -18.1695862, -18.1689014, -18.1682701, -18.1682682, -18.1688805, -18.1690388, -18.1694298, -18.1692772
1566.549999999975, -18.6334667, -18.632309, -18.6294003, -18.6260452, -18.6252041, -18.6252785, -18.6249733, -18.6252384, -18.6253357, -18.6246929
1566.599999999975, -19.4589252, -19.4598331, -19.4596081, -19.4598751, -19.4599037, -19.4602528, -19.4602413, -19.4592266, -19.4611626, -19.4603767
1566.6499999999749, -19.0177937, -19.0179272, -19.0185204, -19.0187778, -19.0178356, -19.0170918, -19.0166874, -19.0174084, -19.0177536, -19.0164356
1566.6999999999748, -17.9625473, -17.9875755, -17.988903, -17.9829693, -17.9886284, -17.9785309, -17.9737911, -17.9689732, -17.9680519, -17.9662018
1566.7499999999748, -18.5767517, -18.5756683, -18.5745888, -18.5741463, -18.5723038, -18.5708237, -18.5683212, -18.5649395, -18.5648956, -18.5640182
1566.7999999999747, -19.5905533, -19.5923405, -19.5916214, -19.5916004, -19.5913048, -19.5916233, -19.589365, -19.5905933, -19.5917149, -19.5920773
1566.8499999999747, -19.1041851, -19.1054115, -19.1062794, -19.1067066, -19.104826, -19.1046867, -19.1042042, -19.1043186, -19.1038361, -19.1033916
1566.8999999999746, -18.2243824, -18.2252617, -18.2261047, -18.2262115, -18.2261238, -18.2272415, -18.2262478, -18.2269421, -18.2272663, -18.2277641
1566.9499999999746, -18.8615112, -18.85919, -18.8557186, -18.8525906, -18.8502655, -18.8496437, -18.8482056, -18.8477192, -18.8471355, -18.8472614
1566.9999999999745, -19.6319561, -19.633482, -19.6328545, -19.6307678, -19.6296291, -19.6289043, -19.6289845, -19.6291008, -19.6292305, -19.6304016
1567.0499999999745, -19.1079254, -19.1139355, -19.1229115, -19.1308899, -19.1379776, -19.1435566, -19.147831, -19.1548347, -19.1583252, -19.1590252
1567.0999999999744, -18.1807079, -18.1820164, -18.1929684, -18.2052193, -18.215353, -18.2235031, -18.2303829, -18.2356987, -18.2380943, -18.2388134
1567.1499999999744, -18.3033752, -18.2969379, -18.286623, -18.2811909, -18.2749481, -18.2698116, -18.2641411, -18.261097, -18.2610855, -18.2593536
1567.1999999999744, -19.2800617, -19.2772636, -19.2713528, -19.2646103, -19.2582092, -19.2524147, -19.2493916, -19.2481594, -19.2474632, -19.2461834
1567.2499999999743, -19.6590748, -19.6592751, -19.6606846, -19.6625748, -19.6640034, -19.663599, -19.6647224, -19.6647682, -19.6638908, -19.664465
1567.2999999999743, -18.896944, -18.8989983, -18.8987942, -18.8993282, -18.8996162, -18.8988018, -18.8980694, -18.8962402, -18.894619, -18.8931656
1567.3499999999742, -18.3168678, -18.3178825, -18.3160191, -18.3147907, -18.3132095, -18.3136635, -18.3130589, -18.3122044, -18.3148537, -18.3138752
1567.3999999999742, -19.0774002, -19.0765114, -19.0728836, -19.0709991, -19.0683231, -19.0646477, -19.0636425, -19.0639534, -19.0654449, -19.0644035
1567.4499999999741, -19.7327976, -19.733757, -19.7332401, -19.7331123, -19.7327118, -19.7330036, -19.7325363, -19.7323189, -19.732687, -19.7328911
1567.499999999974, -19.06777, -19.0665836, -19.0673351, -19.0673656, -19.0673409, -19.0686588, -19.0688038, -19.0668545, -19.0676327, -19.0670834
1567.549999999974, -18.2169094, -18.2161236, -18.2145634, -18.2149677, -18.214653, -18.2147827, -18.2142086, -18.2138042, -18.2138557, -18.2145844
1567.599999999974, -18.9415684, -18.9444847, -18.9453125, -18.9449711, -18.9466152, -18.9450436, -18.9460335, -18.9500103, -18.9476852, -18.9483051
1567.649999999974, -19.6912899, -19.6909599, -19.6914825, -19.6918697, -19.6912251, -19.6914444, -19.6912518, -19.6928558, -19.6918831, -19.6923828
1567.699999999974, -19.048624, -19.050993, -19.0517483, -19.0521202, -19.051405, -19.0515957, -19.0521469, -19.0511932, -19.0512772, -19.0523129
1567.7499999999739, -18.406826, -18.4071999, -18.4094925, -18.4089203, -18.4080887, -18.4093819, -18.4088383, -18.4085426, -18.4088516, -18.406723
1567.7999999999738, -19.3338032, -19.3354073, -19.3348236, -19.3352833, -19.336216, -19.3358135, -19.3347168, -19.3316574, -19.3313923, -19.3316898
1567.8499999999738, -19.8898849, -19.8892078, -19.8911018, -19.8912258, -19.8917694, -19.8917484, -19.8909321, -19.8926258, -19.892704, -19.8924122
1567.8999999999737, -19.113884, -19.1167278, -19.1217728, -19.126091, -19.1318302, -19.1379147, -19.1409149, -19.1430626, -19.14538, -19.1474304
1567.9499999999737, -18.3869686, -18.385994, -18.3869648, -18.3897266, -18.3894634, -18.3904457, -18.3939304, -18.3932362, -18.392189, -18.3933182
1567.9999999999736, -18.9404163, -18.9348392, -18.9260826, -18.9152832, -18.9065037, -18.8939953, -18.8827057, -18.8737183, -18.8648338, -18.8607121
1568.0499999999736, -19.7024727, -19.6985245, -19.6926155, -19.6855659, -19.6802998, -19.6799774, -19.676693, -19.6751347, -19.6748943, -19.6750622
1568.0999999999735, -19.5198975, -19.522316, -19.5273151, -19.5327301, -19.5344582, -19.5385685, -19.5413952, -19.5431862, -19.5449162, -19.5457268
1568.1499999999735, -18.6295528, -18.6317101, -18.6355438, -18.6375542, -18.6405239, -18.6422634, -18.6428986, -18.6439075, -18.6442814, -18.6434898
1568.1999999999734, -18.503252, -18.5024586, -18.5028572, -18.5012112, -18.5009289, -18.5019016, -18.5027103, -18.5027447, -18.5019875, -18.5010281
1568.2499999999734, -19.6567116, -19.6576195, -19.6583328, -19.6569099, -19.6548691, -19.6552372, -19.6543255, -19.6528854, -19.6522617, -19.6534176
1568.2999999999734, -20.0091686, -20.0096645, -20.010006, -20.0105858, -20.0102329, -20.0102386, -20.0100193, -20.01054, -20.0107059, -20.0112019
1568.3499999999733, -19.1490765, -19.1493759, -19.1488628, -19.1490669, -19.1489277, -19.149292, -19.1495075, -19.1503048, -19.1504097, -19.1503773
1568.3999999999733, -18.569231, -18.5698757, -18.5688, -18.5689907, -18.5693474, -18.5688038, -18.5681324, -18.5675583, -18.568058, -18.5679417
1568.4499999999732, -19.480114, -19.4814339, -19.4832783, -19.4840813, -19.4852333, -19.4857655, -19.485714, -19.4862576, -19.4864616, -19.4860306
1568.4999999999732, -19.9447327, -19.9448471, -19.9451103, -19.9447021, -19.9441624, -19.9438992, -19.9456291, -19.9452534, -19.9437809, -19.9433384
1568.5499999999731, -18.9310455, -18.9306927, -18.9295979, -18.930151, -18.9297619, -18.9298229, -18.929884, -18.9310188, -18.9322968, -18.9307079
1568.599999999973, -18.4168854, -18.4156151, -18.4169674, -18.4161682, -18.4151878, -18.4145546, -18.4158344, -18.4155312, -18.4155369, -18.4150982
1568.649999999973, -19.6167088, -19.6159363, -19.6161861, -19.6170635, -19.6156349, -19.6146812, -19.6160641, -19.6161404, -19.61413, -19.6165257
1568.699999999973, -20.1596165, -20.1605701, -20.1621113, -20.1625156, -20.1638165, -20.162571, -20.1623154, -20.1615105, -20.1615009, -20.161787
1568.749999999973, -19.2308483, -19.23139, -19.2314148, -19.2316532, -19.230669, -19.2304268, -19.2317009, -19.2326202, -19.2332153, -19.2323856
1568.799999999973, -18.7706432, -18.7690639, -18.7670841, -18.7654133, -18.765543, -18.7655907, -18.7663593, -18.766283, -18.7658787, -18.7659931
1568.8499999999729, -19.6471214, -19.6365967, -19.6231251, -19.6081219, -19.5990772, -19.5893383, -19.5852737, -19.5769939, -19.5710526, -19.5697842
1568.8999999999728, -20.1621895, -20.1631966, -20.1646881, -20.1646519, -20.1651325, -20.1644211, -20.1622124, -20.1607857, -20.1612015, -20.159153
1568.9499999999728, -19.6014271, -19.6141453, -19.6326714, -19.6482582, -19.6605682, -19.6704254, -19.6735191, -19.6753693, -19.6786194, -19.681797
1568.9999999999727, -18.6087952, -18.6130981, -18.6189022, -18.6217899, -18.6244011, -18.625124, -18.6250134, -18.6288662, -18.6317825, -18.632782
1569.0499999999727, -18.7421989, -18.7412548, -18.7415886, -18.7382412, -18.7397671, -18.7367153, -18.7336178, -18.7335072, -18.7326355, -18.733448
1569.0999999999726, -19.8455677, -19.84618, -19.8454552, -19.8430939, -19.8418884, -19.8415127, -19.8409786, -19.8396225, -19.8400021, -19.8404694
1569.1499999999726, -20.0454712, -20.0459766, -20.0456905, -20.0467091, -20.0456467, -20.0460224, -20.0459194, -20.0484314, -20.0476685, -20.0451336
1569.1999999999725, -19.1660576, -19.1662025, -19.1675797, -19.1690712, -19.1718082, -19.1721668, -19.1697636, -19.1701183, -19.1722507, -19.1723785
1569.2499999999725, -18.9457664, -18.945385, -18.9453373, -18.9440498, -18.9429264, -18.9437714, -18.9452343, -18.9441929, -18.9435921, -18.9450874
1569.2999999999724, -19.9950695, -19.9950562, -19.9950256, -19.9949608, -19.9946594, -19.994791, -19.9945068, -19.9944649, -19.9939632, -19.9935055
1569.3499999999724, -20.2542686, -20.254652, -20.254652, -20.2545605, -20.2544022, -20.2551422, -20.2545834, -20.2547588, -20.2549725, -20.2560558
1569.3999999999724, -19.2776871, -19.277729, -19.2780094, -19.2787514, -19.2782726, -19.2791786, -19.2811947, -19.2803574, -19.2806473, -19.2801437
1569.4499999999723, -18.7435074, -18.7446899, -18.7455101, -18.7449703, -18.7460899, -18.7473812, -18.7481956, -18.748064, -18.7484436, -18.7470474
1569.4999999999723, -19.8505611, -19.8487816, -19.8505955, -19.850996, -19.8514786, -19.8490849, -19.850214, -19.8503742, -19.8502159, -19.8503513
1569.5499999999722, -20.0519199, -20.0517387, -20.052721, -20.0542545, -20.0525131, -20.0526962, -20.0530643, -20.0531044, -20.0550804, -20.0543423
1569.5999999999722, -19.1599216, -19.1581383, -19.1573067, -19.1576519, -19.1567249, -19.1575451, -19.1567039, -19.1558189, -19.1537457, -19.1532593
1569.6499999999721, -19.0794353, -19.077425, -19.0787354, -19.0792847, -19.0777607, -19.0783215, -19.0773525, -19.0754147, -19.0729141, -19.0722961
1569.699999999972, -20.1869221, -20.182333, -20.1781578, -20.1754303, -20.1700153, -20.1669502, -20.1632557, -20.1587276, -20.1546688, -20.1529408
1569.749999999972, -20.4195728, -20.4229603, -20.4277706, -20.4314919, -20.4356747, -20.4368382, -20.439209, -20.4409847, -20.4413033, -20.4417515
1569.799999999972, -19.6602516, -19.6726456, -19.6902027, -19.7051735, -19.7174492, -19.7262535, -19.7354584, -19.7438869, -19.7511635, -19.7545166
1569.849999999972, -18.8553333, -18.8553638, -18.8587627, -18.8646545, -18.8681583, -18.8709106, -18.875473, -18.8767548, -18.8770142, -18.8767014
1569.899999999972, -19.3991051, -19.3906918, -19.3837013, -19.3763905, -19.3706493, -19.3675251, -19.3650246, -19.362318, -19.3591805, -19.3551197
1569.9499999999719, -20.2667942, -20.2654209, -20.265749, -20.2670078, -20.2637558, -20.2627602, -20.2616062, -20.2614384, -20.2605667, -20.2612972
1569.9999999999718, -19.9386063, -19.9389286, -19.9385395, -19.9385681, -19.9387569, -19.9397583, -19.9398003, -19.9398251, -19.9396019, -19.9396133
1570.0499999999718, -18.8944931, -18.8971195, -18.8967457, -18.8953247, -18.8972664, -18.8958225, -18.8950958, -18.8952026, -18.895668, -18.89575
1570.0999999999717, -19.2125053, -19.2121315, -19.2104988, -19.2109337, -19.2095165, -19.2110195, -19.2127056, -19.2131386, -19.2130489, -19.2133503
1570.1499999999717, -20.3610039, -20.3613701, -20.3600464, -20.3594875, -20.35923, -20.358633, -20.3588028, -20.3586597, -20.3589363, -20.3584538
1570.1999999999716, -20.3844242, -20.3842182, -20.3829403, -20.3832455, -20.3823109, -20.3831329, -20.3835087, -20.3831654, -20.3823013, -20.3831558
1570.2499999999716, -19.405138, -19.4040241, -19.40448, -19.404047, -19.4038601, -19.4037533, -19.4022541, -19.4028111, -19.4030685, -19.403244
1570.2999999999715, -19.1576729, -19.1582279, -19.1590652, -19.1610947, -19.1614418, -19.1613216, -19.1611652, -19.1625786, -19.163599, -19.1637592
1570.3499999999715, -20.2464008, -20.2470798, -20.2489662, -20.2502155, -20.2508755, -20.250164, -20.2494507, -20.2493, -20.2513256, -20.2523708
1570.3999999999714, -20.2928238, -20.2926331, -20.2905083, -20.2900696, -20.2889442, -20.288311, -20.2872658, -20.2886696, -20.2883701, -20.288805
1570.4499999999714, -19.113451, -19.1133499, -19.113308, -19.113493, -19.1142693, -19.1138363, -19.1126347, -19.1120701, -19.1123829, -19.1126213
1570.4999999999714, -19.1585407, -19.1578903, -19.1573315, -19.1557827, -19.1569805, -19.1578541, -19.1592522, -19.1587086, -19.1584549, -19.156229
1570.5499999999713, -20.4556351, -20.4535065, -20.4530964, -20.4498444, -20.4458752, -20.4438, -20.4432011, -20.4434624, -20.4438152, -20.4425259
1570.5999999999713, -20.4896526, -20.4956341, -20.4985371, -20.5025444, -20.5053787, -20.5069103, -20.5086269, -20.5103302, -20.513155, -20.5148277
1570.6499999999712, -19.5350208, -19.5352116, -19.5460682, -19.5583725, -19.5684853, -19.5791454, -19.5870113, -19.5912132, -19.5955353, -19.5958824
1570.6999999999712, -19.1305103, -19.1277103, -19.1231384, -19.1187515, -19.117136, -19.1150723, -19.1129303, -19.1107197, -19.1110516, -19.1086578
1570.7499999999711, -19.9482079, -19.9455891, -19.9374523, -19.9290371, -19.9178028, -19.9131622, -19.9105339, -19.9059448, -19.9018955, -19.8987694
1570.799999999971, -20.56633, -20.5688725, -20.5691948, -20.567791, -20.5681801, -20.5688953, -20.5693359, -20.5685883, -20.5685139, -20.5676956
1570.849999999971, -20.0048981, -20.0078621, -20.0104141, -20.0124893, -20.0126114, -20.0117359, -20.0131454, -20.013916, -20.0119896, -20.0124226
1570.899999999971, -18.936552, -18.9351597, -18.9369965, -18.937252, -18.9357166, -18.9353962, -18.9352131, -18.9367676, -18.9369488, -18.9378185
1570.949999999971, -19.5105495, -19.5115852, -19.5102787, -19.5097599, -19.5094872, -19.5082188, -19.5086765, -19.5085754, -19.5084553, -19.5083447
1570.999999999971, -20.5822411, -20.583395, -20.583519, -20.5831699, -20.5824661, -20.5838451, -20.5824299, -20.5829201, -20.583025, -20.5827465
