wavelength_nm ,power_reading_0_dbm ,power_reading_1_dbm ,power_reading_2_dbm ,power_reading_3_dbm ,power_reading_4_dbm ,power_reading_5_dbm ,power_reading_6_dbm ,power_reading_7_dbm ,power_reading_8_dbm ,power_reading_9_dbm 
1520.0, -20.997673, -20.9977341, -20.9971275, -20.9971104, -20.9978466, -20.9980183, -20.9982204, -20.9986115, -20.9986897, -20.9987278
1520.1, -21.1766968, -21.1763935, -21.1763821, -21.1763878, -21.1770992, -21.1765823, -21.1766968, -21.1769657, -21.1773834, -21.1766453
1520.1999999999998, -21.0644894, -21.0643959, -21.0634079, -21.0635509, -21.0620518, -21.062439, -21.0639648, -21.0647678, -21.0642948, -21.0648251
1520.2999999999997, -21.0838699, -21.0838242, -21.0843449, -21.084919, -21.0846195, -21.0852585, -21.0861626, -21.0870972, -21.0872498, -21.0876713
1520.3999999999996, -20.9731445, -20.9723206, -20.9728241, -20.9736481, -20.9733925, -20.9734974, -20.9735241, -20.9738235, -20.9745331, -20.9734917
1520.4999999999995, -21.1422958, -21.1417007, -21.1418934, -21.1422291, -21.1430759, -21.1423378, -21.141367, -21.1411781, -21.1417141, -21.1417866
1520.5999999999995, -21.137392, -21.1368484, -21.1371841, -21.1385403, -21.1390686, -21.1365814, -21.133213, -21.1322613, -21.1314068, -21.1298656
1520.6999999999994, -22.4817924, -22.4808044, -22.4802151, -22.4800396, -22.4783306, -22.478487, -22.479044, -22.4787807, -22.4807663, -22.4803715
1520.7999999999993, -21.0385571, -21.0383987, -21.0379715, -21.0382061, -21.038271, -21.0379448, -21.0369854, -21.0374508, -21.0362186, -21.0360069
1520.8999999999992, -21.0443153, -21.0437431, -21.043808, -21.0433521, -21.0444965, -21.0435753, -21.0427647, -21.0422325, -21.0427704, -21.0429592
1520.999999999999, -20.9865894, -20.9849396, -20.9851608, -20.985775, -20.9857731, -20.986393, -20.985899, -20.9852047, -20.9845219, -20.9844818
1521.099999999999, -20.9842129, -20.9842281, -20.9842014, -20.9842052, -20.9837341, -20.9833355, -20.9838562, -20.9843712, -20.9847355, -20.9848404
1521.199999999999, -20.9899044, -20.9891109, -20.9887218, -20.988369, -20.9887905, -20.9888039, -20.9889336, -20.9894276, -20.9897633, -20.9904633
1521.2999999999988, -20.8901253, -20.8899326, -20.8901157, -20.8900528, -20.8898869, -20.8898754, -20.8900852, -20.8897038, -20.889719, -20.8898335
1521.3999999999987, -20.9516106, -20.9522305, -20.9525299, -20.9506054, -20.9496708, -20.9500122, -20.9498825, -20.9495525, -20.9495888, -20.9492741
1521.4999999999986, -21.0347672, -21.034256, -21.0352936, -21.0359344, -21.0350628, -21.0356541, -21.0364952, -21.0367355, -21.0365238, -21.0359249
1521.5999999999985, -20.8568497, -20.8564205, -20.8565807, -20.8560276, -20.8561172, -20.8559589, -20.8559742, -20.8561649, -20.8559952, -20.8560944
1521.6999999999985, -20.9789848, -20.9797668, -20.9804554, -20.9802532, -20.9800053, -20.9794769, -20.97999, -20.9801102, -20.9806633, -20.9805431
1521.7999999999984, -20.8597088, -20.8585167, -20.85849, -20.859272, -20.8582935, -20.8595543, -20.860836, -20.8604374, -20.859869, -20.8594627
1521.8999999999983, -21.0242081, -21.0246296, -21.0244522, -21.0249767, -21.0248489, -21.0246181, -21.0247555, -21.0247593, -21.0248432, -21.0239429
1521.9999999999982, -20.9936733, -20.9929447, -20.9951839, -20.9945469, -20.9947433, -20.9959736, -20.9963322, -20.9971294, -20.9956017, -20.9954357
1522.099999999998, -20.9219799, -20.9221592, -20.9223919, -20.9206409, -20.9222069, -20.9234486, -20.9224548, -20.9222336, -20.9205837, -20.9212303
1522.199999999998, -20.8715477, -20.871624, -20.8708858, -20.871645, -20.871645, -20.8695736, -20.8692608, -20.8694305, -20.8703117, -20.8707962
1522.299999999998, -21.0348835, -21.035429, -21.0362415, -21.0369225, -21.0372391, -21.0361252, -21.0352993, -21.0340195, -21.0344791, -21.0349636
1522.3999999999978, -20.917038, -20.9179401, -20.9177723, -20.9177513, -20.9171791, -20.9177494, -20.9179878, -20.9175396, -20.9171848, -20.9173203
1522.4999999999977, -21.0436687, -21.0419044, -21.0417843, -21.0409222, -21.041872, -21.0416489, -21.0422344, -21.0417595, -21.0408497, -21.0408554
1522.5999999999976, -20.8120499, -20.8119164, -20.8116016, -20.8110065, -20.8113804, -20.8126068, -20.8128796, -20.8141556, -20.8121281, -20.8120422
1522.6999999999975, -21.1515198, -21.1518593, -21.1510353, -21.1511669, -21.1510296, -21.1509209, -21.1513481, -21.1522312, -21.1515198, -21.1516514
1522.7999999999975, -22.1042118, -22.1043663, -22.1052036, -22.1067142, -22.106287, -22.1062737, -22.1056709, -22.1053791, -22.1043739, -22.1029282
1522.8999999999974, -21.2188358, -21.2188282, -21.2195683, -21.2196159, -21.2193375, -21.2192402, -21.2190266, -21.2192745, -21.2189445, -21.218626
1522.9999999999973, -21.0986538, -21.0985184, -21.0992832, -21.0996838, -21.0993176, -21.0989056, -21.0987759, -21.0996208, -21.099453, -21.0988636
1523.0999999999972, -20.9258118, -20.9256802, -20.9258003, -20.9261665, -20.9265671, -20.9251556, -20.9256535, -20.9255886, -20.925312, -20.9248009
1523.199999999997, -20.9853401, -20.9851589, -20.9856186, -20.9859982, -20.9857597, -20.9850445, -20.9849091, -20.9857807, -20.9865799, -20.9872799
1523.299999999997, -21.0707474, -21.0715294, -21.0712013, -21.0708942, -21.0719662, -21.0715523, -21.0710106, -21.071352, -21.071106, -21.0713463
1523.399999999997, -20.8601017, -20.8587132, -20.8577614, -20.8579426, -20.8572655, -20.8583202, -20.8575039, -20.857729, -20.857233, -20.8576069
1523.4999999999968, -20.9539928, -20.9529495, -20.9538116, -20.9540462, -20.9565392, -20.9563808, -20.9557896, -20.95471, -20.9536991, -20.9546566
1523.5999999999967, -20.9427776, -20.9454308, -20.9435101, -20.9449043, -20.9449196, -20.94487, -20.9463367, -20.9479599, -20.9475479, -20.947813
1523.6999999999966, -20.9872303, -20.9916096, -20.9892406, -20.9892387, -20.9889851, -20.9877911, -20.9874172, -20.9880905, -20.9878445, -20.9856415
1523.7999999999965, -21.0292034, -21.0289917, -21.0277634, -21.02742, -21.0277977, -21.0273724, -21.0270615, -21.0270443, -21.0274696, -21.0278206
1523.8999999999965, -20.9055405, -20.9056816, -20.9065571, -20.9069653, -20.9073982, -20.9063644, -20.9051857, -20.9067135, -20.9046974, -20.9047508
1523.9999999999964, -20.8504639, -20.8509045, -20.8531399, -20.848505, -20.8482342, -20.8489723, -20.8486958, -20.848774, -20.8481808, -20.8501129
1524.0999999999963, -21.0134716, -21.012888, -21.0140057, -21.0142765, -21.0140247, -21.0125446, -21.0121822, -21.0131969, -21.0138245, -21.0146351
1524.1999999999962, -20.8095646, -20.8114319, -20.8102112, -20.8118839, -20.8096447, -20.8074455, -20.8150558, -20.8115063, -20.8107204, -20.8088074
1524.299999999996, -20.9349995, -20.9345798, -20.9339485, -20.9352932, -20.9347134, -20.9351673, -20.9346313, -20.9356346, -20.9358616, -20.9356213
1524.399999999996, -20.7548332, -20.7540112, -20.7522335, -20.7532959, -20.7530575, -20.7519798, -20.7534771, -20.7524853, -20.7531128, -20.7521877
1524.499999999996, -20.8680859, -20.8679104, -20.8671322, -20.8664131, -20.8685875, -20.8667011, -20.8674259, -20.8677635, -20.8671875, -20.8651352
1524.5999999999958, -20.8928757, -20.8927383, -20.8948956, -20.8961811, -20.8971863, -20.8931847, -20.8923359, -20.8926239, -20.8932037, -20.8946648
1524.6999999999957, -20.8886261, -20.8875065, -20.8860397, -20.8867798, -20.8887444, -20.8900452, -20.8892269, -20.8876629, -20.8928509, -20.8932037
1524.7999999999956, -20.7270565, -20.7263641, -20.7264729, -20.7263908, -20.7276554, -20.7280388, -20.7280464, -20.7279129, -20.7267208, -20.7273102
1524.8999999999955, -21.9134598, -21.9141464, -21.9151134, -21.9161072, -21.9157314, -21.9133701, -21.9130096, -21.9124756, -21.9131737, -21.913702
1524.9999999999955, -21.0022488, -20.9998207, -20.9995728, -20.9998093, -20.9995403, -20.9995289, -20.999321, -20.999897, -20.9993591, -20.9987488
1525.0999999999954, -20.780304, -20.7795925, -20.7783642, -20.777216, -20.7783394, -20.7782879, -20.7770138, -20.7762756, -20.7765484, -20.7767143
1525.1999999999953, -20.6931171, -20.6930466, -20.6943893, -20.6925583, -20.692503, -20.6922665, -20.691925, -20.6929073, -20.6935577, -20.6934395
1525.2999999999952, -20.5951614, -20.5979824, -20.5961113, -20.5938244, -20.5925674, -20.5924225, -20.5939083, -20.5936928, -20.595665, -20.5932789
1525.399999999995, -20.7290955, -20.7285175, -20.7291374, -20.7327442, -20.7311668, -20.7301598, -20.7282028, -20.729147, -20.7287197, -20.7299023
1525.499999999995, -20.6145821, -20.6143913, -20.6217136, -20.6138668, -20.6152821, -20.6186333, -20.6153603, -20.6115704, -20.6114311, -20.613821
1525.599999999995, -20.624527, -20.6236286, -20.6263714, -20.6282902, -20.6228237, -20.6234932, -20.6250954, -20.6246185, -20.6254292, -20.624567
1525.6999999999948, -20.5230637, -20.5235939, -20.5232296, -20.5249939, -20.5242844, -20.5224323, -20.5231037, -20.5237274, -20.5241528, -20.5228252
1525.7999999999947, -20.5057068, -20.5054626, -20.5057068, -20.5061398, -20.5064926, -20.5064316, -20.5079823, -20.5058994, -20.5068207, -20.5053635
1525.8999999999946, -20.610817, -20.6107101, -20.6119633, -20.6120892, -20.6107407, -20.6108379, -20.6127872, -20.6127167, -20.6120281, -20.6118164
1525.9999999999945, -20.4613705, -20.4604282, -20.4632797, -20.4612122, -20.459774, -20.4611664, -20.4614582, -20.4677353, -20.4704056, -20.464262
1526.0999999999945, -20.4534359, -20.4530582, -20.4538269, -20.4548016, -20.4534454, -20.4532814, -20.4555531, -20.4558086, -20.4545708, -20.4536972
1526.1999999999944, -20.4655724, -20.4679508, -20.4724636, -20.4689465, -20.4683838, -20.4674358, -20.4685955, -20.4694977, -20.4697208, -20.4687462
1526.2999999999943, -20.4296265, -20.4273968, -20.427309, -20.4268017, -20.4268856, -20.4268322, -20.4275455, -20.4275894, -20.4277058, -20.4268951
1526.3999999999942, -20.506979, -20.5065155, -20.5054874, -20.507576, -20.5081158, -20.506649, -20.5071831, -20.5084991, -20.5078278, -20.5068607
1526.499999999994, -20.371912, -20.3701191, -20.3714447, -20.3708096, -20.3739376, -20.3744812, -20.3764172, -20.3734283, -20.3746243, -20.3735428
1526.599999999994, -20.2689667, -20.2692947, -20.2699642, -20.2688103, -20.2688217, -20.2711468, -20.2700825, -20.2697487, -20.268568, -20.2682152
1526.699999999994, -20.4831676, -20.4827805, -20.4840698, -20.4838028, -20.4857731, -20.4876194, -20.4860077, -20.4858799, -20.4853783, -20.4849205
1526.7999999999938, -20.361866, -20.3624439, -20.3618145, -20.3610992, -20.3633633, -20.3637047, -20.3625927, -20.3625565, -20.3629036, -20.3613548
1526.8999999999937, -20.5680256, -20.5678806, -20.5671902, -20.5670605, -20.5680752, -20.5675373, -20.5680408, -20.5722942, -20.57061, -20.5700932
1526.9999999999936, -20.6892776, -20.6901016, -20.6911488, -20.6920624, -20.693224, -20.6928673, -20.6923485, -20.6938, -20.6951447, -20.6941051
1527.0999999999935, -20.9070587, -20.9046535, -20.9062843, -20.903965, -20.9043961, -20.9045372, -20.9044762, -20.9033508, -20.9030552, -20.9026642
1527.1999999999935, -20.5520077, -20.5506802, -20.5513096, -20.5504761, -20.5510464, -20.5517006, -20.5504475, -20.5499573, -20.5502548, -20.5516567
1527.2999999999934, -20.3042698, -20.3069096, -20.309433, -20.3083916, -20.3073654, -20.3063049, -20.3055134, -20.305481, -20.3053169, -20.3055801
1527.3999999999933, -20.361639, -20.3635998, -20.3620625, -20.3597012, -20.3600407, -20.3610134, -20.364502, -20.3649158, -20.3617287, -20.3602772
1527.4999999999932, -20.2602444, -20.2594337, -20.2625198, -20.2614536, -20.2609062, -20.2597218, -20.2603035, -20.2610092, -20.2608776, -20.2594891
1527.599999999993, -20.3490849, -20.3501472, -20.3501587, -20.3487244, -20.3477726, -20.3483162, -20.347393, -20.3482647, -20.3483505, -20.346941
1527.699999999993, -20.3636684, -20.364542, -20.3639317, -20.3655243, -20.3674049, -20.3671055, -20.3695164, -20.372673, -20.3884716, -20.3859425
1527.799999999993, -20.4643421, -20.4644146, -20.4655724, -20.4644547, -20.464571, -20.4642181, -20.462925, -20.4628239, -20.4633369, -20.4643707
1527.8999999999928, -20.2048626, -20.2057381, -20.2095356, -20.2130795, -20.2165108, -20.215704, -20.2112675, -20.2086449, -20.2064342, -20.2070389
1527.9999999999927, -20.3994179, -20.397337, -20.397337, -20.3962784, -20.3983784, -20.3972111, -20.397295, -20.3973656, -20.3983402, -20.3973427
1528.0999999999926, -20.2817783, -20.2822495, -20.2827988, -20.2829342, -20.2815266, -20.2810535, -20.2808094, -20.2816296, -20.2811356, -20.281662
1528.1999999999925, -20.4260712, -20.4271259, -20.4260807, -20.4257526, -20.4276276, -20.4275112, -20.4256325, -20.4284649, -20.4252319, -20.4260559
1528.2999999999925, -20.2895603, -20.2899475, -20.2879848, -20.2892532, -20.2886639, -20.2881908, -20.2891541, -20.2931099, -20.2903957, -20.2905579
1528.3999999999924, -20.2810555, -20.2786903, -20.2796402, -20.2829342, -20.2826462, -20.2797203, -20.2799053, -20.2820797, -20.2824306, -20.2816296
1528.4999999999923, -20.3825874, -20.3838768, -20.3847637, -20.3848553, -20.3845234, -20.3834839, -20.3825264, -20.3818302, -20.3816872, -20.3823166
1528.5999999999922, -20.4499702, -20.4489117, -20.4474983, -20.4472504, -20.4491863, -20.449585, -20.4506683, -20.4487514, -20.4476681, -20.447361
1528.699999999992, -20.3165646, -20.3166065, -20.314436, -20.3127613, -20.3123341, -20.3114567, -20.3139915, -20.314949, -20.3154469, -20.3149395
1528.799999999992, -20.4298248, -20.4290199, -20.4291153, -20.432003, -20.4357281, -20.4352341, -20.4335747, -20.4311352, -20.4321232, -20.4312172
1528.899999999992, -20.2577782, -20.2565308, -20.258316, -20.2586174, -20.2584362, -20.257267, -20.2576962, -20.2588844, -20.2587433, -20.257946
1528.9999999999918, -20.4532471, -20.450964, -20.4503059, -20.4494743, -20.4491138, -20.4492989, -20.4497528, -20.4496136, -20.449934, -20.4499722
1529.0999999999917, -20.9136868, -20.913044, -20.914381, -20.91502, -20.916214, -20.9144287, -20.9136276, -20.9132004, -20.9132156, -20.9143658
1529.1999999999916, -20.7317886, -20.7292366, -20.7285595, -20.7281132, -20.7283001, -20.7295704, -20.7287865, -20.7296848, -20.7283878, -20.7289314
1529.2999999999915, -20.2871399, -20.2864857, -20.2862072, -20.286129, -20.2867241, -20.2877083, -20.2881527, -20.286972, -20.2852325, -20.2852325
1529.3999999999915, -20.4956188, -20.4949036, -20.4952507, -20.4960403, -20.4945908, -20.4932022, -20.4933319, -20.4935894, -20.4954319, -20.4955158
1529.4999999999914, -20.2798328, -20.2785187, -20.2768574, -20.2764854, -20.278038, -20.2795067, -20.2779789, -20.2772884, -20.2764053, -20.2761097
1529.5999999999913, -20.4725227, -20.4743404, -20.4721107, -20.4714622, -20.4719048, -20.47225, -20.4714642, -20.4707508, -20.4719639, -20.470892
1529.6999999999912, -20.1805153, -20.1800232, -20.181345, -20.1824226, -20.1809063, -20.1820183, -20.18326, -20.1824093, -20.1816959, -20.1809349
1529.799999999991, -20.3988342, -20.3993797, -20.3987579, -20.398901, -20.3987198, -20.3991356, -20.3993225, -20.3993263, -20.3999786, -20.3996525
1529.899999999991, -20.2423553, -20.2425957, -20.2423134, -20.2419491, -20.2423, -20.2427387, -20.2435551, -20.2436237, -20.2430305, -20.2434368
1529.999999999991, -20.4187222, -20.418005, -20.418169, -20.4181595, -20.4176979, -20.4179726, -20.4193954, -20.4197617, -20.4200974, -20.4199715
1530.0999999999908, -20.2240696, -20.2222786, -20.2213039, -20.2208519, -20.2207279, -20.2206192, -20.2212372, -20.2211838, -20.2209682, -20.220829
1530.1999999999907, -20.3310318, -20.3318768, -20.3318119, -20.3328838, -20.3334408, -20.3337536, -20.331768, -20.3310184, -20.3312912, -20.3320789
1530.2999999999906, -20.1985664, -20.1984901, -20.1996689, -20.1999378, -20.1998692, -20.1992416, -20.1995087, -20.1987019, -20.1990547, -20.199728
1530.3999999999905, -20.4060631, -20.4065552, -20.4080467, -20.4071522, -20.4085236, -20.4066906, -20.407053, -20.4072571, -20.4065723, -20.4062061
1530.4999999999905, -20.1093731, -20.1099854, -20.1099129, -20.1100845, -20.1111908, -20.1109447, -20.1096153, -20.1099281, -20.1094742, -20.1102638
1530.5999999999904, -20.2828407, -20.2828598, -20.2828884, -20.2826214, -20.2827148, -20.2826214, -20.2831993, -20.28265, -20.2831764, -20.2829571
1530.6999999999903, -20.0878716, -20.0880375, -20.087944, -20.0888252, -20.0882683, -20.0877781, -20.0877781, -20.0875111, -20.0887852, -20.0877857
1530.7999999999902, -20.3337708, -20.3336391, -20.3324947, -20.3330364, -20.3336067, -20.3332729, -20.3336544, -20.3336296, -20.3339596, -20.3340416
1530.89999999999, -20.1361256, -20.1357803, -20.1357441, -20.1364555, -20.1367702, -20.1360855, -20.1360931, -20.1370544, -20.1369019, -20.1364422
1530.99999999999, -20.2117901, -20.2117519, -20.21134, -20.2109776, -20.2113953, -20.2115593, -20.2110462, -20.2110233, -20.2107868, -20.2113914
1531.09999999999, -20.1218376, -20.12216, -20.1221371, -20.1225929, -20.1226101, -20.1222687, -20.1215248, -20.1208992, -20.1215153, -20.1218472
1531.1999999999898, -20.3860931, -20.3864288, -20.3860855, -20.3839989, -20.3837528, -20.3847542, -20.3851166, -20.3850594, -20.3852119, -20.3843136
1531.2999999999897, -21.4051514, -21.4037323, -21.4038544, -21.4039936, -21.4042511, -21.4038773, -21.4036789, -21.4042225, -21.404253, -21.4047451
1531.3999999999896, -20.1293869, -20.1289024, -20.1276016, -20.1287441, -20.128397, -20.1290951, -20.1289997, -20.129261, -20.1292686, -20.1289158
1531.4999999999895, -19.9907284, -19.9904137, -19.9898357, -19.9909897, -19.9911404, -19.9903049, -19.9906731, -19.9902668, -19.9906273, -19.9897823
1531.5999999999894, -20.1428223, -20.1426735, -20.142519, -20.1426277, -20.1433487, -20.1437035, -20.1432915, -20.143589, -20.1432457, -20.1431465
1531.6999999999894, -19.9833279, -19.9836159, -19.9833336, -19.9829445, -19.9826031, -19.9834881, -19.9830017, -19.9833889, -19.9839344, -19.983181
1531.7999999999893, -20.1557922, -20.1559486, -20.1558762, -20.1559772, -20.1561127, -20.1563892, -20.1553288, -20.1556854, -20.1556225, -20.1554775
1531.8999999999892, -19.8444824, -19.8444099, -19.8443699, -19.8450336, -19.8449364, -19.8446121, -19.8444481, -19.8444824, -19.8444386, -19.8440037
1531.999999999989, -20.0436344, -20.0449467, -20.0461578, -20.0459995, -20.0463829, -20.0456638, -20.045496, -20.0461369, -20.045475, -20.0456905
1532.099999999989, -19.9248009, -19.9252548, -19.926733, -19.9270573, -19.9257107, -19.9257603, -19.9263058, -19.9261341, -19.9262295, -19.9255161
1532.199999999989, -20.0565853, -20.0570831, -20.0580254, -20.057827, -20.058424, -20.0588493, -20.0584202, -20.0591679, -20.0598774, -20.0588379
1532.2999999999888, -19.8730335, -19.8733234, -19.8732471, -19.8714066, -19.8720207, -19.8720551, -19.8722172, -19.8723297, -19.8718853, -19.8717747
1532.3999999999887, -19.9526005, -19.9529934, -19.9528694, -19.9521141, -19.9525585, -19.9527569, -19.9539909, -19.9532413, -19.9537983, -19.9537716
1532.4999999999886, -19.8118649, -19.8116379, -19.8110332, -19.8111095, -19.8111992, -19.8105907, -19.8100052, -19.8097038, -19.8106823, -19.8107147
1532.5999999999885, -20.0767975, -20.0767307, -20.0768108, -20.0765133, -20.0768738, -20.0764542, -20.0762424, -20.0765629, -20.0768814, -20.076807
1532.6999999999884, -19.7935448, -19.7934284, -19.7929516, -19.7941685, -19.7935791, -19.7921772, -19.7918396, -19.7918777, -19.7923069, -19.7921238
1532.7999999999884, -19.9400482, -19.9413719, -19.9418411, -19.9417477, -19.9420204, -19.9415627, -19.9410419, -19.9413395, -19.9410725, -19.9422264
1532.8999999999883, -19.7570801, -19.7596779, -19.7590408, -19.7600937, -19.7603798, -19.7610741, -19.7607708, -19.760704, -19.7607098, -19.7606812
1532.9999999999882, -19.9233379, -19.9232864, -19.9241962, -19.9246025, -19.9248009, -19.9240589, -19.9235134, -19.922802, -19.9224339, -19.9243183
1533.099999999988, -19.8503246, -19.8498592, -19.85005, -19.8497334, -19.8496323, -19.8497925, -19.8497372, -19.8501396, -19.8503361, -19.8505611
1533.199999999988, -19.9808693, -19.9810543, -19.9813099, -19.9809113, -19.980772, -19.9803371, -19.9798546, -19.9797363, -19.9804821, -19.9812069
1533.299999999988, -19.8107948, -19.8101311, -19.8105907, -19.8118267, -19.8118362, -19.8112793, -19.8118858, -19.8121605, -19.812851, -19.8127956
1533.3999999999878, -21.1214123, -21.1229553, -21.1234188, -21.1226921, -21.1234016, -21.1241779, -21.1244259, -21.1241379, -21.1237469, -21.124464
1533.4999999999877, -20.0676384, -20.0668831, -20.0659447, -20.0652618, -20.0658398, -20.0651512, -20.0657349, -20.0659218, -20.0654697, -20.0635796
1533.5999999999876, -19.901989, -19.9015961, -19.9018269, -19.9016819, -19.9036713, -19.9046631, -19.9050941, -19.9024811, -19.9015408, -19.9020329
1533.6999999999875, -19.8304176, -19.8297787, -19.8291454, -19.829071, -19.828516, -19.8278198, -19.8274002, -19.8281727, -19.8272209, -19.8260536
1533.7999999999874, -19.722271, -19.7223606, -19.72225, -19.7237701, -19.7237339, -19.7237129, -19.7232456, -19.7234516, -19.7237301, -19.7241116
1533.8999999999874, -19.9046688, -19.9042721, -19.9043217, -19.9041367, -19.9039764, -19.9046211, -19.904583, -19.9047623, -19.9040871, -19.9039459
1533.9999999999873, -19.7872849, -19.7870445, -19.7867889, -19.7870064, -19.7868862, -19.7873726, -19.787838, -19.7872887, -19.7877045, -19.7881165
1534.0999999999872, -19.8646507, -19.864645, -19.864439, -19.8649158, -19.8650284, -19.8644772, -19.8648796, -19.864563, -19.8644562, -19.8642826
1534.199999999987, -19.8262424, -19.8261204, -19.8275414, -19.8261795, -19.8258686, -19.8273487, -19.8269653, -19.8266106, -19.8271866, -19.8266773
1534.299999999987, -19.816061, -19.8168983, -19.8175316, -19.8180408, -19.8176727, -19.8174343, -19.8166142, -19.8161221, -19.8154793, -19.8159142
1534.399999999987, -19.9155426, -19.9144154, -19.9140129, -19.9141636, -19.9150276, -19.9152908, -19.9159031, -19.9139881, -19.9134521, -19.9145622
1534.4999999999868, -19.837986, -19.8369102, -19.8371086, -19.8362598, -19.8372078, -19.8366718, -19.8366756, -19.8368931, -19.8366089, -19.8366241
1534.5999999999867, -19.7564354, -19.7567997, -19.7571087, -19.7570343, -19.7560768, -19.7560368, -19.7551079, -19.7540646, -19.752573, -19.7524567
1534.6999999999866, -19.8392735, -19.8391685, -19.838562, -19.8381386, -19.8376198, -19.8376503, -19.8370934, -19.8367939, -19.836813, -19.8368511
1534.7999999999865, -19.788456, -19.7893429, -19.7895908, -19.7886066, -19.7881756, -19.7879925, -19.787344, -19.7873878, -19.7885532, -19.7883415
1534.8999999999864, -19.9238319, -19.923727, -19.9232178, -19.9234066, -19.9239864, -19.9237919, -19.9241447, -19.9238586, -19.9245033, -19.9237328
1534.9999999999864, -19.8249378, -19.8248997, -19.8263912, -19.8259945, -19.8250332, -19.8246994, -19.8256493, -19.8259697, -19.8260155, -19.8244019
1535.0999999999863, -19.7914543, -19.7912903, -19.7909775, -19.7920971, -19.7918797, -19.7920532, -19.7913036, -19.79035, -19.7909775, -19.7919388
1535.1999999999862, -19.9278412, -19.9278336, -19.9275665, -19.9277935, -19.9278603, -19.9285278, -19.9284534, -19.9283638, -19.9283848, -19.9283257
1535.299999999986, -19.8593693, -19.85812, -19.8573685, -19.8582191, -19.8575268, -19.8574295, -19.8578796, -19.8575001, -19.8586292, -19.858326
1535.399999999986, -19.889246, -19.8885269, -19.8884926, -19.8903065, -19.8922939, -19.8931618, -19.8934097, -19.8940067, -19.8943634, -19.8950844
1535.499999999986, -19.9799938, -19.978487, -19.9784298, -19.9788609, -19.9789696, -19.9793549, -19.9782276, -19.9793034, -19.979641, -19.9800892
1535.5999999999858, -20.8578053, -20.8562508, -20.855648, -20.8556194, -20.8562489, -20.8581696, -20.8593292, -20.857893, -20.8556709, -20.8555279
1535.6999999999857, -19.9625759, -19.9632301, -19.9633942, -19.9627419, -19.9614716, -19.9598789, -19.9623051, -19.9630527, -19.9631863, -19.9620247
1535.7999999999856, -19.7095852, -19.7089863, -19.7102165, -19.711235, -19.7117462, -19.711935, -19.7115459, -19.7108803, -19.7099171, -19.709734
1535.8999999999855, -19.9117603, -19.9116611, -19.9116402, -19.9113216, -19.9109325, -19.9109116, -19.9108772, -19.9120884, -19.9125309, -19.9127903
1535.9999999999854, -19.6499405, -19.649622, -19.650528, -19.6513615, -19.6521397, -19.6512165, -19.6499157, -19.6508179, -19.6507607, -19.6510468
1536.0999999999854, -19.8574467, -19.8569756, -19.8560429, -19.8558407, -19.8564339, -19.8566151, -19.8568344, -19.856699, -19.8557873, -19.8563137
1536.1999999999853, -19.6720085, -19.6710129, -19.6722107, -19.6731129, -19.6731815, -19.673563, -19.6734161, -19.6734638, -19.6737652, -19.6736164
1536.2999999999852, -19.8571358, -19.8570786, -19.856369, -19.8567524, -19.8580551, -19.8592033, -19.8594341, -19.8603859, -19.8604298, -19.8605995
1536.399999999985, -19.5749016, -19.5756397, -19.5754776, -19.5754166, -19.575798, -19.5753384, -19.5748405, -19.5739574, -19.57444, -19.5743027
1536.499999999985, -19.7606812, -19.7610264, -19.7601891, -19.7597141, -19.7594357, -19.7599087, -19.7604752, -19.7600479, -19.7601433, -19.7601109
1536.599999999985, -19.6019039, -19.6021748, -19.6019135, -19.6023312, -19.6022339, -19.6023197, -19.6017323, -19.6026955, -19.6027546, -19.6019535
1536.6999999999848, -19.8281345, -19.8282871, -19.8288193, -19.8297462, -19.8296947, -19.830452, -19.830246, -19.8292255, -19.8298473, -19.8300648
1536.7999999999847, -19.5025349, -19.5017071, -19.5001106, -19.4997025, -19.4993229, -19.4998951, -19.4985657, -19.4991226, -19.5000744, -19.5002518
1536.8999999999846, -19.6586723, -19.658989, -19.6590347, -19.6576996, -19.6590118, -19.6590652, -19.6591644, -19.6593151, -19.6600857, -19.6590939
1536.9999999999845, -19.4781494, -19.4782543, -19.4766998, -19.4773331, -19.4772625, -19.4772148, -19.4778118, -19.4790096, -19.4778061, -19.478138
1537.0999999999844, -19.7178307, -19.7180061, -19.717802, -19.7173805, -19.7181778, -19.7183304, -19.718214, -19.7182922, -19.7185421, -19.7188034
1537.1999999999844, -19.4947567, -19.4943371, -19.4935551, -19.4945145, -19.4954987, -19.4953041, -19.4951706, -19.4947033, -19.4943047, -19.4944324
1537.2999999999843, -19.6119614, -19.6141109, -19.610672, -19.6121464, -19.6141777, -19.6159763, -19.6173763, -19.6187153, -19.6194706, -19.6200027
1537.3999999999842, -19.3931026, -19.3920193, -19.3913956, -19.3925858, -19.3924332, -19.3925266, -19.3930321, -19.3932877, -19.392931, -19.3936787
1537.499999999984, -19.6600895, -19.6604996, -19.6600838, -19.6605663, -19.6600742, -19.6604214, -19.6605759, -19.6605988, -19.661253, -19.6614742
1537.599999999984, -19.539959, -19.5395184, -19.5399933, -19.5393887, -19.5392551, -19.5390472, -19.5395451, -19.5374527, -19.5378571, -19.536932
1537.699999999984, -20.5972443, -20.5982113, -20.5978241, -20.597208, -20.5971889, -20.5972729, -20.5970879, -20.5965576, -20.5958672, -20.5960522
1537.7999999999838, -19.459177, -19.4586105, -19.4583015, -19.457613, -19.4589272, -19.4580746, -19.4571037, -19.4573536, -19.4563751, -19.4548283
1537.8999999999837, -19.4085255, -19.4090481, -19.4100456, -19.4102879, -19.4113159, -19.4017582, -19.4056225, -19.4035854, -19.4018059, -19.4060612
1537.9999999999836, -19.3833828, -19.3832645, -19.3832722, -19.3830452, -19.3829594, -19.3817997, -19.3816738, -19.3815193, -19.3813934, -19.38167
1538.0999999999835, -19.3199387, -19.3195515, -19.3200836, -19.3187275, -19.3186817, -19.3186893, -19.3191319, -19.3195992, -19.3200703, -19.3190441
1538.1999999999834, -19.3671627, -19.3673363, -19.3681393, -19.3681946, -19.3674507, -19.3672981, -19.3675709, -19.3675346, -19.3685322, -19.3681889
1538.2999999999834, -19.2292461, -19.2296276, -19.2297401, -19.2303619, -19.2306118, -19.2310677, -19.2317963, -19.2317333, -19.2316265, -19.2307472
1538.3999999999833, -19.2887783, -19.2886639, -19.2897453, -19.2902241, -19.2887802, -19.288353, -19.2882423, -19.2880745, -19.286808, -19.2872772
1538.4999999999832, -19.3182755, -19.3196964, -19.3182716, -19.3196926, -19.3185501, -19.3186817, -19.3185883, -19.3161278, -19.3128948, -19.3152885
1538.599999999983, -19.1475544, -19.1466541, -19.1466045, -19.1460419, -19.1457596, -19.1454391, -19.1456299, -19.1465187, -19.1466808, -19.1462784
1538.699999999983, -19.2022038, -19.2032681, -19.2031002, -19.2035942, -19.2029533, -19.2018051, -19.2021809, -19.2032509, -19.2039986, -19.2029266
1538.799999999983, -19.1587753, -19.1598415, -19.1613941, -19.1614113, -19.1612034, -19.1616879, -19.1608067, -19.1605244, -19.1598053, -19.1590118
1538.8999999999828, -19.0990849, -19.0985813, -19.0991631, -19.0990105, -19.0999985, -19.0990849, -19.0990391, -19.0988655, -19.0992489, -19.1000366
1538.9999999999827, -19.2502518, -19.2490025, -19.24897, -19.249979, -19.2495041, -19.2487049, -19.2457809, -19.2468681, -19.2488289, -19.2506065
1539.0999999999826, -19.0574322, -19.0573959, -19.0564384, -19.0565376, -19.0563431, -19.0581856, -19.0570259, -19.056179, -19.057497, -19.0586605
1539.1999999999825, -19.1427402, -19.1426105, -19.1430378, -19.1420155, -19.1426144, -19.1433048, -19.1429024, -19.1428127, -19.1429863, -19.1429977
1539.2999999999824, -19.1136646, -19.1140575, -19.1143932, -19.1141472, -19.1142082, -19.1149139, -19.1143227, -19.1130924, -19.1136093, -19.113781
1539.3999999999824, -19.098299, -19.097105, -19.098259, -19.0978661, -19.0972824, -19.0975666, -19.097456, -19.0974865, -19.0964355, -19.0972366
1539.4999999999823, -19.1465092, -19.1477833, -19.1469097, -19.1466904, -19.1459694, -19.1454773, -19.1461029, -19.1467342, -19.1479969, -19.1465378
1539.5999999999822, -19.0052319, -19.0053959, -19.0051804, -19.0056973, -19.0048523, -19.0046234, -19.0042076, -19.0035896, -19.0028019, -19.0026741
1539.699999999982, -19.111824, -19.1121178, -19.1131897, -19.1128864, -19.1120644, -19.1120911, -19.1127815, -19.1123829, -19.1130314, -19.113245
1539.799999999982, -19.2520199, -19.2515583, -19.2513275, -19.2510872, -19.2514668, -19.250721, -19.2517624, -19.2520332, -19.2513275, -19.2519855
1539.899999999982, -20.027832, -20.0278358, -20.0286274, -20.0270405, -20.026268, -20.0267906, -20.0271511, -20.0274849, -20.0274582, -20.0272083
1539.9999999999818, -19.1842079, -19.1847725, -19.1820717, -19.1820869, -19.1825161, -19.1805992, -19.1819706, -19.1821861, -19.1833267, -19.1839275
1540.0999999999817, -18.8855133, -18.8851357, -18.8852749, -18.8853645, -18.8859825, -18.8866272, -18.8864918, -18.8866806, -18.886961, -18.886734
1540.1999999999816, -19.1524906, -19.1534748, -19.1538639, -19.1536903, -19.1522675, -19.1526394, -19.1525345, -19.1515179, -19.1520252, -19.1522255
1540.2999999999815, -18.9135342, -18.9141979, -18.9136868, -18.9123611, -18.9112186, -18.9121227, -18.9118481, -18.9119225, -18.9129143, -18.9128265
1540.3999999999814, -19.1127529, -19.1123829, -19.1121788, -19.1126995, -19.1125164, -19.1128292, -19.1133842, -19.1116028, -19.1112595, -19.1122437
1540.4999999999814, -18.8209076, -18.8206196, -18.8207111, -18.8211823, -18.8206844, -18.8210697, -18.821703, -18.8218365, -18.8224983, -18.8224487
1540.5999999999813, -19.1203365, -19.1202259, -19.1195774, -19.1194401, -19.1203194, -19.1200275, -19.1198158, -19.1193905, -19.1196957, -19.1199493
1540.6999999999812, -18.9566708, -18.9560242, -18.9562359, -18.9565735, -18.9568119, -18.957304, -18.9560089, -18.9554214, -18.9546661, -18.9542427
1540.799999999981, -19.1533241, -19.1536293, -19.1533737, -19.1535187, -19.1531773, -19.1534958, -19.1541176, -19.1541882, -19.153141, -19.1522808
1540.899999999981, -18.8758583, -18.875145, -18.8755226, -18.8752079, -18.8759956, -18.8753681, -18.8754349, -18.8746796, -18.8748627, -18.8749886
1540.999999999981, -19.0788097, -19.0793648, -19.0793514, -19.079258, -19.0796337, -19.0794849, -19.0798321, -19.0799274, -19.0806828, -19.0798969
1541.0999999999808, -18.8740082, -18.873827, -18.874054, -18.8743725, -18.8743973, -18.8741608, -18.8733177, -18.8727303, -18.8720512, -18.8713284
1541.1999999999807, -19.1589184, -19.1584778, -19.1579952, -19.1573677, -19.1567402, -19.1575661, -19.1581459, -19.1584835, -19.1584949, -19.1582756
1541.2999999999806, -18.8664684, -18.8667202, -18.8657818, -18.8669415, -18.8667736, -18.8670177, -18.8670254, -18.8665619, -18.8665142, -18.8672543
1541.3999999999805, -19.0663967, -19.067255, -19.0665855, -19.0665932, -19.0665436, -19.0661182, -19.0662632, -19.0651665, -19.0662766, -19.0662613
1541.4999999999804, -18.9065113, -18.9067039, -18.9060154, -18.9053211, -18.9045677, -18.9062004, -18.905714, -18.9058228, -18.9059887, -18.9052734
1541.5999999999804, -19.0876198, -19.0874805, -19.0877934, -19.0874672, -19.0877647, -19.0877514, -19.0880184, -19.0879383, -19.0889969, -19.0887661
1541.6999999999803, -19.0030346, -19.0030937, -19.0030842, -19.0024395, -19.0028439, -19.0031548, -19.0029755, -19.0033054, -19.0031338, -19.00247
1541.7999999999802, -19.1239929, -19.1251774, -19.1223583, -19.119875, -19.1200447, -19.1188469, -19.1189156, -19.118227, -19.119278, -19.1201305
1541.89999999998, -18.8936214, -18.8938522, -18.8939667, -18.8930511, -18.8932838, -18.8937435, -18.8952293, -18.8948078, -18.894186, -18.8933811
1541.99999999998, -19.8347988, -19.8359604, -19.8364601, -19.8350143, -19.835598, -19.8357792, -19.8352585, -19.8355751, -19.8361378, -19.8360443
1542.09999999998, -19.2212105, -19.2205887, -19.2207756, -19.2202778, -19.22015, -19.2201996, -19.2198181, -19.2194653, -19.2197876, -19.2196541
1542.1999999999798, -18.9028664, -18.9033966, -18.9036331, -18.9044247, -18.9056606, -18.907444, -18.9073334, -18.9065189, -18.9063416, -18.9078865
1542.2999999999797, -18.9620686, -18.962389, -18.9629173, -18.9617901, -18.9615593, -18.9609451, -18.9602661, -18.9610023, -18.9603672, -18.9604397
1542.3999999999796, -18.7671299, -18.7666035, -18.7665977, -18.7661095, -18.7664146, -18.7656879, -18.7652664, -18.7658157, -18.7663879, -18.7655144
1542.4999999999795, -18.9787521, -18.9793434, -18.9785328, -18.9790745, -18.978714, -18.9787941, -18.9787769, -18.9781246, -18.9787579, -18.9783134
1542.5999999999794, -18.7775383, -18.7782803, -18.7791557, -18.7795734, -18.7784958, -18.7786961, -18.7791386, -18.7788544, -18.7788372, -18.7794056
1542.6999999999794, -18.9138622, -18.9128742, -18.913166, -18.9121189, -18.9124737, -18.9130859, -18.9111729, -18.912571, -18.9129047, -18.9128323
1542.7999999999793, -18.7251282, -18.7250271, -18.724968, -18.7250443, -18.724575, -18.7258301, -18.7257061, -18.7261944, -18.7254868, -18.725441
1542.8999999999792, -18.7599468, -18.7599087, -18.7592602, -18.7599182, -18.7598438, -18.7597351, -18.7600899, -18.760622, -18.760273, -18.7592754
1542.999999999979, -18.7201023, -18.7199402, -18.7205963, -18.7211895, -18.7211533, -18.7216587, -18.721323, -18.7219086, -18.721241, -18.7209129
1543.099999999979, -18.8297882, -18.8294659, -18.8285027, -18.8291492, -18.829092, -18.8290558, -18.8290024, -18.8292694, -18.8298626, -18.829668
1543.199999999979, -18.554924, -18.5543785, -18.5546646, -18.5553055, -18.5550938, -18.5545559, -18.5553093, -18.555336, -18.5550308, -18.5551243
1543.2999999999788, -18.7933292, -18.7923946, -18.7917728, -18.7913151, -18.7913208, -18.7920284, -18.7922096, -18.7918758, -18.7921352, -18.7915325
1543.3999999999787, -18.5011234, -18.5019531, -18.5003109, -18.4994259, -18.5007782, -18.500658, -18.5001945, -18.5018253, -18.501833, -18.5013943
1543.4999999999786, -18.7419147, -18.7413139, -18.7421761, -18.7415314, -18.7419109, -18.7427826, -18.7424126, -18.7425957, -18.7423382, -18.7421112
1543.5999999999785, -18.4625931, -18.4617558, -18.4615746, -18.4617844, -18.462225, -18.4621468, -18.4630527, -18.4613914, -18.4602871, -18.4605408
1543.6999999999784, -18.6253033, -18.6251907, -18.6249752, -18.6257973, -18.6260128, -18.625864, -18.6251717, -18.6248417, -18.6246815, -18.6255322
1543.7999999999784, -18.483654, -18.4829502, -18.4831295, -18.481802, -18.4822788, -18.4839478, -18.4830379, -18.4818745, -18.4825802, -18.4832897
1543.8999999999783, -18.6011219, -18.5950413, -18.5919266, -18.591011, -18.5889225, -18.5883617, -18.5892639, -18.5896988, -18.5884876, -18.5886173
1543.9999999999782, -18.4252129, -18.4260063, -18.4264259, -18.4278412, -18.4256134, -18.4251366, -18.4257469, -18.4254017, -18.4264317, -18.4250908
1544.099999999978, -18.6674709, -18.6664371, -18.6660519, -18.6670551, -18.6672726, -18.6675282, -18.6679859, -18.666853, -18.6658459, -18.6662502
1544.199999999978, -19.3127899, -19.3130722, -19.3142738, -19.3144665, -19.3143578, -19.3149357, -19.3149586, -19.3142471, -19.3146858, -19.3154163
1544.299999999978, -18.4550762, -18.4551735, -18.4554386, -18.4555378, -18.4558697, -18.4556694, -18.4553509, -18.4542122, -18.4531174, -18.4537525
1544.3999999999778, -18.372858, -18.370842, -18.3714828, -18.3716793, -18.3715858, -18.371088, -18.3712845, -18.3711758, -18.3726311, -18.3722095
1544.4999999999777, -18.4438648, -18.4441433, -18.4448223, -18.444109, -18.4514236, -18.4566631, -18.4516125, -18.4451656, -18.4442825, -18.4438477
1544.5999999999776, -18.197361, -18.1974297, -18.197546, -18.1955948, -18.1949692, -18.1952705, -18.1944752, -18.1944771, -18.1952534, -18.196352
1544.6999999999775, -18.4447403, -18.4451561, -18.4450817, -18.4448357, -18.4456825, -18.4458981, -18.4449348, -18.4444752, -18.4449387, -18.4476471
1544.7999999999774, -18.2401791, -18.2392941, -18.2374954, -18.2374134, -18.2377415, -18.237545, -18.2377872, -18.2380543, -18.2379208, -18.2380638
1544.8999999999774, -18.3518791, -18.3521633, -18.3511162, -18.3515415, -18.3504505, -18.3510666, -18.3515091, -18.3518543, -18.3519363, -18.3511257
1544.9999999999773, -18.3060627, -18.3054161, -18.3037033, -18.3018932, -18.3005505, -18.3003578, -18.2999935, -18.299654, -18.2987309, -18.2999573
1545.0999999999772, -18.2192688, -18.2194462, -18.2186108, -18.2186756, -18.219677, -18.2197399, -18.220068, -18.2203007, -18.2195034, -18.219429
1545.199999999977, -18.274725, -18.2746391, -18.2745705, -18.2757263, -18.2750359, -18.2753258, -18.2756348, -18.2745552, -18.2742424, -18.2747574
1545.299999999977, -18.2833614, -18.2837982, -18.2816734, -18.2821407, -18.2816906, -18.280714, -18.2809143, -18.2820606, -18.2820454, -18.2813187
1545.399999999977, -18.1749268, -18.1750221, -18.174593, -18.1766052, -18.1784039, -18.1772804, -18.1749649, -18.1754856, -18.1760254, -18.1749973
1545.4999999999768, -18.2960682, -18.2963085, -18.2962093, -18.2969913, -18.2963676, -18.2973537, -18.2975349, -18.3001842, -18.2984657, -18.2971554
1545.5999999999767, -18.1930752, -18.1915016, -18.1907673, -18.1920033, -18.191679, -18.1914806, -18.1905193, -18.190958, -18.1906586, -18.1912994
1545.6999999999766, -18.2790298, -18.2796764, -18.2814713, -18.281395, -18.2799339, -18.2780056, -18.2767715, -18.2772484, -18.2775345, -18.2783947
1545.7999999999765, -18.3956509, -18.3962746, -18.3975792, -18.3957119, -18.3963413, -18.3965664, -18.3945599, -18.3936882, -18.3941154, -18.3938351
1545.8999999999764, -18.1614113, -18.1605568, -18.1598415, -18.1594982, -18.1593208, -18.160202, -18.1609039, -18.1609955, -18.1612892, -18.1612606
1545.9999999999764, -18.3078175, -18.306324, -18.3055019, -18.3053398, -18.3049545, -18.3046036, -18.3038387, -18.302599, -18.3033085, -18.3040981
1546.0999999999763, -18.2026405, -18.202795, -18.1998329, -18.2006874, -18.2014732, -18.2016792, -18.2004681, -18.2009926, -18.2026787, -18.2087173
1546.1999999999762, -18.330534, -18.3305569, -18.33078, -18.3301067, -18.3307209, -18.3310719, -18.3291759, -18.3289223, -18.3288822, -18.3299809
1546.299999999976, -18.7846851, -18.7855148, -18.7855244, -18.7838364, -18.7820816, -18.781004, -18.7818203, -18.7822075, -18.7824001, -18.7810688
1546.399999999976, -18.6072464, -18.6070786, -18.6058674, -18.6053009, -18.6065178, -18.6089725, -18.6091137, -18.6101398, -18.6111984, -18.6113091
1546.499999999976, -18.1700306, -18.1700954, -18.170948, -18.1709156, -18.1707859, -18.1711502, -18.1700706, -18.1696873, -18.1694145, -18.1687222
1546.5999999999758, -18.4101868, -18.4106617, -18.4114628, -18.4120541, -18.4117565, -18.410471, -18.4104233, -18.4100876, -18.410408, -18.4105206
1546.6999999999757, -18.2243347, -18.2234631, -18.22328, -18.223238, -18.2235107, -18.2238178, -18.2221889, -18.2223129, -18.2235279, -18.2234211
1546.7999999999756, -18.3884144, -18.3882523, -18.3883324, -18.3879509, -18.3879128, -18.3883533, -18.3894291, -18.3902588, -18.3909225, -18.3920517
1546.8999999999755, -18.1153202, -18.1150017, -18.1150665, -18.1156387, -18.1158104, -18.1157246, -18.1153355, -18.1161327, -18.1158752, -18.1154499
1546.9999999999754, -18.3623714, -18.3630714, -18.354063, -18.3553371, -18.3507633, -18.3495522, -18.3482113, -18.3472061, -18.3501797, -18.368557
1547.0999999999754, -18.1535168, -18.1527939, -18.1542473, -18.1532364, -18.1541367, -18.1519623, -18.1497898, -18.1502361, -18.1496677, -18.149374
1547.1999999999753, -18.4674206, -18.468132, -18.4681358, -18.4675713, -18.4678383, -18.4675503, -18.4677982, -18.4685116, -18.4678974, -18.4681969
1547.2999999999752, -18.087904, -18.0884743, -18.0886345, -18.0889912, -18.0883846, -18.0888786, -18.0893497, -18.0875778, -18.0890141, -18.0871716
1547.399999999975, -18.3658066, -18.3662624, -18.3676872, -18.36833, -18.3655777, -18.36656, -18.3647938, -18.3637486, -18.3645782, -18.3643913
1547.499999999975, -18.1242599, -18.126442, -18.1257153, -18.1256809, -18.1254063, -18.1271572, -18.1272526, -18.125309, -18.124321, -18.1248798
1547.599999999975, -18.3006706, -18.2992325, -18.3003712, -18.3011456, -18.3012028, -18.3016624, -18.3018112, -18.3017883, -18.3020649, -18.3026943
1547.6999999999748, -18.2161884, -18.2161217, -18.2152081, -18.2162476, -18.2158451, -18.2159462, -18.2156239, -18.2147655, -18.2155609, -18.2144394
1547.7999999999747, -18.2115746, -18.2130489, -18.215416, -18.2150574, -18.2132282, -18.2212124, -18.2447338, -18.2531815, -18.2509155, -18.2463474
1547.8999999999746, -18.1148586, -18.1139011, -18.1086826, -18.1062527, -18.105957, -18.1065826, -18.1060905, -18.1062889, -18.1072273, -18.1062756
1547.9999999999745, -18.2865906, -18.2887211, -18.2880077, -18.2857628, -18.2858353, -18.2858868, -18.2849846, -18.2869396, -18.2888126, -18.29006
1548.0999999999744, -18.1006317, -18.0999508, -18.1019936, -18.1011658, -18.0999641, -18.0995216, -18.1003323, -18.1011448, -18.1013374, -18.1001339
1548.1999999999744, -18.2919788, -18.2937565, -18.2925167, -18.2927685, -18.2918949, -18.2921467, -18.2930412, -18.2920551, -18.2892284, -18.2891617
1548.2999999999743, -18.023777, -18.0256996, -18.0279675, -18.0299625, -18.0304718, -18.0260468, -18.0250549, -18.0260887, -18.0269089, -18.0284119
1548.3999999999742, -18.2205677, -18.2213135, -18.2220898, -18.2226639, -18.2224808, -18.223278, -18.2227459, -18.2233849, -18.2222404, -18.2224541
1548.499999999974, -18.1976871, -18.1967564, -18.1966553, -18.1970768, -18.1974106, -18.1966648, -18.1968098, -18.1981144, -18.1994076, -18.1997433
1548.599999999974, -18.972683, -18.9730091, -18.9720173, -18.9735699, -18.9753971, -18.9743214, -18.9745388, -18.9727001, -18.9729424, -18.9729424
1548.699999999974, -18.2348042, -18.2358475, -18.235321, -18.2345009, -18.2344265, -18.2339954, -18.234787, -18.2344475, -18.2347431, -18.2341633
1548.7999999999738, -17.8978329, -17.897541, -17.8993111, -17.8996353, -17.8996773, -17.8991947, -17.8993855, -17.8991032, -17.8987923, -17.8983593
1548.8999999999737, -18.1349926, -18.1373272, -18.1362762, -18.1389103, -18.137188, -18.1358986, -18.1346951, -18.1356812, -18.135746, -18.1357117
1548.9999999999736, -17.9331074, -17.9348125, -17.9375229, -17.9432583, -17.9446831, -17.9386883, -17.9356384, -17.934042, -17.9336433, -17.9326439
1549.0999999999735, -18.0627975, -18.0622177, -18.0633831, -18.0637913, -18.0636978, -18.0632744, -18.0636692, -18.0644054, -18.0663223, -18.064579
1549.1999999999734, -17.7891197, -17.7890663, -17.7879105, -17.7880974, -17.7876854, -17.7885857, -17.7896385, -17.7891312, -17.7894001, -17.7886791
1549.2999999999734, -18.0271034, -18.0268269, -18.0276699, -18.0273914, -18.0276318, -18.0275173, -18.0277615, -18.0276947, -18.029047, -18.0273609
1549.3999999999733, -17.7438908, -17.7425652, -17.7423058, -17.7436924, -17.7437057, -17.7422104, -17.7427483, -17.7428379, -17.7424812, -17.7424469
1549.4999999999732, -18.0114422, -18.0116348, -18.0118351, -18.0117397, -18.0114422, -18.0117588, -18.0115433, -18.0114841, -18.0108337, -18.0114784
1549.599999999973, -17.6464081, -17.6466045, -17.6464958, -17.6468811, -17.6471424, -17.6477776, -17.648386, -17.6470299, -17.6470871, -17.6470165
1549.699999999973, -17.9330044, -17.9321308, -17.9331741, -17.9338512, -17.9338207, -17.9341717, -17.9341755, -17.9331379, -17.9334202, -17.9345303
1549.799999999973, -17.6446896, -17.6450462, -17.6447182, -17.6445827, -17.6448841, -17.6442204, -17.6447945, -17.6438408, -17.6432285, -17.6436138
1549.8999999999728, -17.9429359, -17.944191, -17.9438457, -17.9439278, -17.944603, -17.9445591, -17.9442177, -17.9444351, -17.9444752, -17.9442692
1549.9999999999727, -17.5686855, -17.5695229, -17.5704327, -17.5691547, -17.5686817, -17.5688438, -17.5693035, -17.569437, -17.5691528, -17.5691662
1550.0999999999726, -17.8302479, -17.8317318, -17.8311653, -17.8315411, -17.8305035, -17.8304615, -17.8300591, -17.8305969, -17.8303165, -17.830267
1550.1999999999725, -17.5758095, -17.575716, -17.576004, -17.5759239, -17.5758381, -17.5759296, -17.5759716, -17.5758781, -17.5760345, -17.575922
1550.2999999999724, -17.7482777, -17.7485218, -17.7488098, -17.7492027, -17.7493916, -17.7489624, -17.7500038, -17.7496796, -17.7496643, -17.7504635
1550.3999999999724, -17.6170082, -17.6143742, -17.6136055, -17.6154232, -17.6160049, -17.6164284, -17.6152973, -17.6142845, -17.6149712, -17.6147709
1550.4999999999723, -17.7680702, -17.7676868, -17.7684135, -17.7688389, -17.7686405, -17.7690811, -17.7691631, -17.7677155, -17.7699375, -17.7701511
1550.5999999999722, -17.547842, -17.5475388, -17.5475063, -17.5476742, -17.5484123, -17.5474281, -17.5480785, -17.5483112, -17.5485191, -17.5487595
1550.699999999972, -18.1617508, -18.1622696, -18.1622257, -18.1634274, -18.1629124, -18.162756, -18.1622868, -18.1624088, -18.162529, -18.1619587
1550.799999999972, -17.9761963, -17.9762268, -17.9759979, -17.9763069, -17.9769306, -17.9751415, -17.9763527, -17.9763374, -17.9763527, -17.9749908
1550.899999999972, -17.5195675, -17.5186405, -17.5192776, -17.5194435, -17.5197487, -17.5200195, -17.5197163, -17.5196953, -17.5199947, -17.5197334
1550.9999999999718, -17.6744366, -17.6754036, -17.6749763, -17.6752625, -17.6753864, -17.674881, -17.6746922, -17.6750584, -17.6756783, -17.6760063
1551.0999999999717, -17.3945942, -17.3956661, -17.3958969, -17.3957348, -17.3959122, -17.3958187, -17.3955421, -17.3947926, -17.3954716, -17.3953114
1551.1999999999716, -17.7009659, -17.7017765, -17.7019424, -17.702095, -17.7022705, -17.7019024, -17.7015553, -17.7032261, -17.702816, -17.7032127
1551.2999999999715, -17.4540482, -17.4541454, -17.4542599, -17.4539776, -17.4542522, -17.454443, -17.454031, -17.4547291, -17.4542732, -17.4543304
1551.3999999999714, -17.6455784, -17.6459312, -17.646143, -17.6461182, -17.6460209, -17.6462383, -17.6470222, -17.6461105, -17.6463337, -17.6460514
1551.4999999999714, -17.4254303, -17.4253559, -17.4258366, -17.4261417, -17.427187, -17.4272137, -17.4277344, -17.4294338, -17.428812, -17.4290733
1551.5999999999713, -17.6097412, -17.6099739, -17.6106281, -17.6102123, -17.6098537, -17.6097507, -17.6094818, -17.6094818, -17.6088009, -17.6079426
1551.6999999999712, -17.4693184, -17.4697437, -17.4696579, -17.4697285, -17.4709167, -17.4719086, -17.4715767, -17.4718685, -17.4718552, -17.4713306
1551.799999999971, -17.6521893, -17.6525497, -17.6542625, -17.655653, -17.6550198, -17.6545639, -17.6550579, -17.6543865, -17.6553192, -17.6549358
1551.899999999971, -17.3168888, -17.317379, -17.3161888, -17.3166313, -17.3166618, -17.316349, -17.3165188, -17.3170986, -17.3169117, -17.3168488
1551.999999999971, -17.6277027, -17.6284866, -17.6284027, -17.629076, -17.6296539, -17.6294899, -17.6297302, -17.62953, -17.629425, -17.6295013
1552.0999999999708, -17.3862057, -17.3871288, -17.3880405, -17.3882885, -17.3879204, -17.3885784, -17.3890572, -17.3904037, -17.3881454, -17.3888149
1552.1999999999707, -17.7343159, -17.7352848, -17.7361908, -17.7373753, -17.7370167, -17.7369328, -17.7370129, -17.7369061, -17.7375069, -17.7376537
1552.2999999999706, -17.3725357, -17.3728161, -17.3726254, -17.37216, -17.3712139, -17.3719177, -17.3718052, -17.3724823, -17.3714733, -17.3727646
1552.3999999999705, -17.663887, -17.6635666, -17.6631527, -17.6633472, -17.6626797, -17.6625957, -17.6621914, -17.6620789, -17.6624069, -17.6628685
1552.4999999999704, -17.3757782, -17.376379, -17.3752823, -17.3756447, -17.375597, -17.3760834, -17.375864, -17.3761158, -17.3754311, -17.3770733
1552.5999999999704, -17.7053986, -17.7061825, -17.7064514, -17.706831, -17.7067566, -17.7059841, -17.7062283, -17.7063332, -17.7066059, -17.7061577
1552.6999999999703, -17.3941288, -17.3945122, -17.3939629, -17.396122, -17.3958282, -17.3950081, -17.3953285, -17.3956051, -17.3946686, -17.3942432
1552.7999999999702, -17.6827564, -17.6831779, -17.6823235, -17.6830978, -17.6833935, -17.682518, -17.683239, -17.6832275, -17.6822414, -17.6824055
1552.89999999997, -17.7774868, -17.7779541, -17.7769814, -17.7784119, -17.7777348, -17.7760868, -17.7764339, -17.7755051, -17.7767544, -17.7769108
1552.99999999997, -17.9227562, -17.9209156, -17.9216805, -17.9200535, -17.9225883, -17.9241467, -17.9236908, -17.9250145, -17.9250298, -17.9258595
1553.09999999997, -17.793478, -17.7942257, -17.7938786, -17.7945576, -17.7944927, -17.7946053, -17.7938862, -17.7947369, -17.7942257, -17.7935314
1553.1999999999698, -17.4756031, -17.4754028, -17.4733963, -17.4755745, -17.4761066, -17.4758224, -17.4765854, -17.4758129, -17.4744015, -17.4753189
1553.2999999999697, -17.5183315, -17.5189762, -17.5179596, -17.517704, -17.5171146, -17.5176601, -17.5159512, -17.5170193, -17.5173302, -17.5171204
1553.3999999999696, -17.4921379, -17.4926853, -17.4933052, -17.4951649, -17.4951916, -17.4947605, -17.4949722, -17.4950924, -17.4945831, -17.4936924
1553.4999999999695, -17.5258369, -17.5245399, -17.523201, -17.5243092, -17.5257587, -17.5259991, -17.525589, -17.524931, -17.5250893, -17.5257187
1553.5999999999694, -17.4100361, -17.4093266, -17.4055519, -17.4010563, -17.3993645, -17.4008255, -17.4026146, -17.4031067, -17.4026566, -17.4011993
1553.6999999999694, -17.5775719, -17.5777397, -17.5785809, -17.5793533, -17.5795479, -17.5781746, -17.5782413, -17.5776997, -17.5787354, -17.5785236
1553.7999999999693, -17.27705, -17.2767849, -17.2766056, -17.2766533, -17.2755146, -17.2753086, -17.27528, -17.2749729, -17.2752266, -17.2747879
1553.8999999999692, -17.5730934, -17.5737877, -17.5740299, -17.5740757, -17.5746422, -17.5752754, -17.5738831, -17.5740528, -17.5740509, -17.5744534
1553.999999999969, -17.3045712, -17.3038273, -17.3030605, -17.3019466, -17.3010941, -17.3030853, -17.3042793, -17.3036556, -17.3029556, -17.3032742
1554.099999999969, -17.5894127, -17.5900517, -17.5899525, -17.5899391, -17.5899677, -17.5882931, -17.5894394, -17.5893211, -17.5905457, -17.5912952
1554.199999999969, -17.2560253, -17.2558479, -17.2544441, -17.2532978, -17.2530251, -17.2540112, -17.2542553, -17.2545071, -17.2554321, -17.2558022
1554.2999999999688, -17.4753532, -17.475008, -17.4746284, -17.475605, -17.4761581, -17.4750328, -17.4749947, -17.4743671, -17.4736786, -17.4743195
1554.3999999999687, -17.2371616, -17.2363148, -17.2356033, -17.2354069, -17.2351608, -17.2349758, -17.2346687, -17.235239, -17.2354031, -17.2339096
1554.4999999999686, -17.5492039, -17.5478077, -17.5475197, -17.5475006, -17.5468559, -17.5455112, -17.54599, -17.5469704, -17.5482311, -17.5481682
1554.5999999999685, -17.1937313, -17.193676, -17.1943092, -17.1941643, -17.1939697, -17.1944561, -17.1943665, -17.1932621, -17.1903152, -17.1900597
1554.6999999999684, -17.4377098, -17.437542, -17.438097, -17.4375801, -17.4365349, -17.4356403, -17.4361916, -17.4339066, -17.4340248, -17.4320927
1554.7999999999683, -17.1843548, -17.1836205, -17.1838112, -17.1836052, -17.1843224, -17.1847248, -17.1845284, -17.1846447, -17.184597, -17.1843128
1554.8999999999683, -17.4705982, -17.4710655, -17.4714355, -17.4688683, -17.4672756, -17.4700947, -17.4703789, -17.4705372, -17.470665, -17.4714241
1554.9999999999682, -17.2404861, -17.2390137, -17.2408218, -17.2413921, -17.240696, -17.2408142, -17.2405186, -17.2403698, -17.2404861, -17.2414417
1555.099999999968, -17.931139, -17.9328079, -17.9351788, -17.9351444, -17.9355774, -17.9359589, -17.9363441, -17.9362316, -17.9352913, -17.9367714
1555.199999999968, -17.5678349, -17.5680046, -17.5680447, -17.568119, -17.5682735, -17.5677128, -17.5673599, -17.5675373, -17.5674477, -17.5681648
1555.299999999968, -17.1608925, -17.1588135, -17.1599579, -17.1584606, -17.1551476, -17.1563358, -17.1541386, -17.1510468, -17.1489258, -17.1523151
1555.3999999999678, -17.3793392, -17.380373, -17.3802586, -17.3804359, -17.3803177, -17.3813763, -17.3814259, -17.3828583, -17.3829651, -17.3819885
1555.4999999999677, -17.0737419, -17.0744095, -17.074297, -17.0744667, -17.0733833, -17.0732956, -17.0724621, -17.0725937, -17.0687237, -17.0651836
1555.5999999999676, -17.3029785, -17.3028278, -17.3028202, -17.3027382, -17.303648, -17.3042946, -17.3052635, -17.3055496, -17.3054619, -17.3052464
1555.6999999999675, -17.0045815, -17.0094147, -17.0139713, -17.0153141, -17.0152092, -17.0143108, -17.0138016, -17.0140171, -17.0142937, -17.0142651
1555.7999999999674, -17.2651367, -17.2667351, -17.2670784, -17.2667179, -17.26651, -17.2598591, -17.252079, -17.2580967, -17.2654629, -17.2638493
1555.8999999999673, -17.0388641, -17.0383015, -17.0366306, -17.0301476, -17.0310249, -17.0349331, -17.0381241, -17.0397511, -17.0400639, -17.0401688
1555.9999999999673, -17.1205044, -17.1204052, -17.1222343, -17.1244125, -17.1246662, -17.1226025, -17.1217194, -17.120348, -17.1220322, -17.1232662
1556.0999999999672, -16.9685402, -16.9698143, -16.9673595, -16.9662304, -16.9676456, -16.9683151, -16.9686642, -16.9688358, -16.9697971, -16.9697247
1556.199999999967, -17.1858196, -17.1873913, -17.1875229, -17.1878891, -17.1888332, -17.1884289, -17.1875572, -17.1837158, -17.1819839, -17.1850147
1556.299999999967, -16.9070873, -16.9067001, -16.906023, -16.906435, -16.9093037, -16.9062309, -16.8991451, -16.8956547, -16.9023628, -16.9042549
1556.399999999967, -17.258173, -17.2582626, -17.2580204, -17.2583809, -17.2585182, -17.2583771, -17.2583332, -17.2579746, -17.2588863, -17.2579575
1556.4999999999668, -16.8978424, -16.898901, -16.8980064, -16.8977566, -16.8992405, -16.8984928, -16.8992519, -16.8994141, -16.8983002, -16.8981209
1556.5999999999667, -17.1730099, -17.1728668, -17.1728363, -17.1705265, -17.1719227, -17.1709309, -17.1682739, -17.1703606, -17.1705723, -17.1708851
1556.6999999999666, -16.8742046, -16.8726158, -16.8720894, -16.8738194, -16.8754559, -16.8757648, -16.8757839, -16.8757401, -16.8773251, -16.8777313
1556.7999999999665, -17.2172108, -17.217165, -17.2165661, -17.2176266, -17.2166538, -17.2147942, -17.2166061, -17.2173653, -17.2174206, -17.2168236
1556.8999999999664, -16.8177128, -16.8216438, -16.8216381, -16.8212013, -16.8212128, -16.8212357, -16.8213253, -16.8221817, -16.8218708, -16.8206997
1556.9999999999663, -17.1263885, -17.1269321, -17.1271725, -17.127058, -17.1267452, -17.1273308, -17.1275787, -17.1280594, -17.1288738, -17.1281204
1557.0999999999663, -16.8382359, -16.8374519, -16.8372517, -16.8372154, -16.8368073, -16.8350182, -16.8349724, -16.836031, -16.8367825, -16.8370495
1557.1999999999662, -17.1918278, -17.1913414, -17.1931915, -17.19384, -17.1942234, -17.1930237, -17.1903629, -17.1922035, -17.1925354, -17.1920128
1557.299999999966, -17.2473869, -17.247036, -17.2464542, -17.2469196, -17.2469177, -17.2468014, -17.2472477, -17.2471943, -17.2487316, -17.2485313
1557.399999999966, -17.5324497, -17.5327263, -17.5321369, -17.5332184, -17.533493, -17.5339489, -17.5354862, -17.5346909, -17.5359211, -17.5365791
1557.499999999966, -17.1772976, -17.1770134, -17.1774254, -17.1772633, -17.1765957, -17.1765347, -17.1753788, -17.1747723, -17.1731205, -17.1751404
1557.5999999999658, -16.8371716, -16.8374538, -16.8356686, -16.834549, -16.8359585, -16.8339252, -16.8341236, -16.8349419, -16.833765, -16.8364639
1557.6999999999657, -17.0752392, -17.0752773, -17.0750313, -17.0763893, -17.0763988, -17.0755596, -17.0739784, -17.0749779, -17.0756512, -17.0762882
1557.7999999999656, -16.8851738, -16.8849792, -16.8847828, -16.8849392, -16.8845463, -16.8847561, -16.8849392, -16.8841267, -16.8842506, -16.8848591
1557.8999999999655, -16.9842472, -16.9861698, -16.9879875, -16.9880867, -16.9879704, -16.9870701, -16.9868355, -16.9873333, -16.9874496, -16.9884109
1557.9999999999654, -16.7927151, -16.7911263, -16.7899818, -16.7894955, -16.7877159, -16.7867298, -16.7850513, -16.7846451, -16.7836609, -16.7840385
1558.0999999999653, -17.0901928, -17.0912476, -17.0909939, -17.0899315, -17.0886478, -17.0890751, -17.0898342, -17.0883408, -17.0853424, -17.0852394
1558.1999999999653, -16.8081093, -16.8080196, -16.8072472, -16.8068428, -16.8072701, -16.8083534, -16.8086376, -16.8086758, -16.8070393, -16.8082027
1558.2999999999652, -17.0880089, -17.08811, -17.0881596, -17.089613, -17.0894604, -17.0884724, -17.0849857, -17.087141, -17.0879002, -17.0882301
1558.399999999965, -16.7263565, -16.7259903, -16.7259598, -16.7258282, -16.7260303, -16.7254868, -16.7252769, -16.725296, -16.7254906, -16.7251797
1558.499999999965, -17.0595474, -17.058424, -17.0571918, -17.058094, -17.0598888, -17.0604362, -17.0594635, -17.0594196, -17.0599194, -17.0611324
1558.599999999965, -16.7674084, -16.767437, -16.7679005, -16.7680206, -16.7667103, -16.7658806, -16.7657509, -16.7668362, -16.7665825, -16.7667904
1558.6999999999648, -17.1108437, -17.1114578, -17.1114159, -17.1107159, -17.1105938, -17.1113281, -17.1106205, -17.1114769, -17.1117287, -17.1119022
1558.7999999999647, -16.7130032, -16.7135963, -16.7128677, -16.7131271, -16.7125053, -16.7130375, -16.7132721, -16.7125645, -16.7122231, -16.712841
1558.8999999999646, -17.0260658, -17.0249577, -17.0212975, -17.0202198, -17.0208206, -17.0193634, -17.0177174, -17.017292, -17.0178089, -17.0178432
1558.9999999999645, -16.8412952, -16.8433685, -16.8437233, -16.8436337, -16.8447132, -16.8447857, -16.8437462, -16.8435249, -16.844429, -16.8443394
1559.0999999999644, -17.0095615, -17.0086975, -17.0087624, -17.0093594, -17.008379, -17.0080013, -17.0092049, -17.0100632, -17.0107174, -17.0099163
1559.1999999999643, -16.8785114, -16.878479, -16.879034, -16.87784, -16.87644, -16.8739586, -16.8748722, -16.8738537, -16.8769703, -16.8758297
1559.2999999999643, -16.9618492, -16.9624786, -16.963356, -16.9631844, -16.9630737, -16.9638195, -16.9642334, -16.9631863, -16.9632931, -16.9637318
1559.3999999999642, -16.7699051, -16.7694969, -16.7701969, -16.7702675, -16.7702179, -16.7701511, -16.768837, -16.7696381, -16.7702255, -16.7701817
1559.499999999964, -17.2555294, -17.2552109, -17.255125, -17.2549496, -17.255373, -17.2564697, -17.2560711, -17.2544003, -17.2548046, -17.2551403
1559.599999999964, -17.3362656, -17.3368759, -17.3381462, -17.3377171, -17.3378105, -17.3383827, -17.3381672, -17.3391094, -17.3395557, -17.3388386
1559.699999999964, -16.7797527, -16.7806015, -16.7794552, -16.7775402, -16.7778721, -16.7791138, -16.7786293, -16.7772236, -16.7778072, -16.7772045
1559.7999999999638, -17.0513477, -17.0509148, -17.0500011, -17.0492611, -17.0489788, -17.0496407, -17.0499058, -17.050209, -17.0503139, -17.0492172
1559.8999999999637, -16.7292938, -16.7288647, -16.7281303, -16.7281647, -16.7274189, -16.728693, -16.7295513, -16.7285004, -16.729311, -16.7298088
1559.9999999999636, -17.0703888, -17.0706329, -17.0696182, -17.0704155, -17.0698051, -17.0707989, -17.0703506, -17.0700626, -17.0693836, -17.0697918
1560.0999999999635, -16.7343521, -16.7336235, -16.7347965, -16.7333488, -16.7338696, -16.7330151, -16.7313862, -16.7254105, -16.7242756, -16.7287445
1560.1999999999634, -16.9812794, -16.9817619, -16.9820633, -16.9820881, -16.9820251, -16.9809208, -16.9791908, -16.9793434, -16.9813747, -16.981636
1560.2999999999633, -16.6324959, -16.632412, -16.6319904, -16.6314144, -16.6317787, -16.6313457, -16.63064, -16.6315117, -16.6322727, -16.6321106
1560.3999999999633, -16.9745331, -16.9625359, -16.9523106, -16.9636269, -16.9720001, -16.9790287, -16.9787331, -16.9788857, -16.9797421, -16.9794559
1560.4999999999632, -16.6874161, -16.6841221, -16.6846333, -16.6835938, -16.687418, -16.687706, -16.6880798, -16.6869774, -16.6798553, -16.6839447
1560.599999999963, -16.9982491, -16.9975452, -16.9970627, -16.9968739, -16.9970665, -16.9980621, -16.9958611, -16.9963055, -16.9961376, -16.9964371
1560.699999999963, -16.6556587, -16.6573677, -16.65975, -16.6607018, -16.6616364, -16.6625767, -16.6622505, -16.6630611, -16.663866, -16.6639099
1560.799999999963, -16.8490505, -16.8490753, -16.8485527, -16.8481026, -16.8475189, -16.8474808, -16.8463516, -16.8451138, -16.8453064, -16.8451519
1560.8999999999628, -16.7414494, -16.7414417, -16.7415352, -16.7420273, -16.7412395, -16.7418327, -16.7414722, -16.7424183, -16.7414455, -16.7416782
1560.9999999999627, -16.8362942, -16.8362904, -16.8365288, -16.8360596, -16.8357487, -16.8361359, -16.8362999, -16.8360004, -16.8353539, -16.8355484
1561.0999999999626, -16.6806259, -16.6806831, -16.6806698, -16.6809139, -16.6811543, -16.6809349, -16.680439, -16.6795044, -16.6791191, -16.6789989
1561.1999999999625, -16.7553253, -16.755312, -16.7562828, -16.7564983, -16.7555695, -16.7556725, -16.7553921, -16.7534828, -16.7545967, -16.7546005
1561.2999999999624, -16.591814, -16.592329, -16.5920696, -16.5927734, -16.5921669, -16.5919991, -16.5914993, -16.5905418, -16.5902729, -16.5905094
1561.3999999999623, -16.8595104, -16.856123, -16.8560162, -16.8554554, -16.8574657, -16.8585758, -16.8587494, -16.8589077, -16.8594608, -16.8589478
1561.4999999999623, -16.7073307, -16.713522, -16.7174797, -16.7204227, -16.7231312, -16.7262001, -16.7298431, -16.7321186, -16.7318687, -16.7319374
1561.5999999999622, -16.7285519, -16.7269688, -16.7244339, -16.7213516, -16.7172165, -16.7164783, -16.7176704, -16.7180805, -16.7181244, -16.7164879
1561.699999999962, -16.6776752, -16.6766071, -16.6758461, -16.6754646, -16.6751842, -16.6746731, -16.675066, -16.6753063, -16.6754436, -16.6741676
1561.799999999962, -17.2784786, -17.2795467, -17.2800465, -17.2813816, -17.2806301, -17.2793026, -17.2795238, -17.2803173, -17.2801857, -17.280426
1561.899999999962, -16.7405148, -16.7401905, -16.7397003, -16.7408543, -16.7403088, -16.7397747, -16.7394238, -16.7383976, -16.7376308, -16.7376595
1561.9999999999618, -16.4694843, -16.4702358, -16.47118, -16.4717197, -16.4722195, -16.4716244, -16.4722557, -16.472723, -16.4721546, -16.4702568
1562.0999999999617, -16.7013397, -16.7012882, -16.7022457, -16.7018566, -16.7013512, -16.7010288, -16.7006245, -16.6997547, -16.7023277, -16.7024994
1562.1999999999616, -16.3407497, -16.3415051, -16.3413296, -16.3402367, -16.3404732, -16.3398132, -16.3397331, -16.3403549, -16.3416367, -16.3411713
1562.2999999999615, -16.6704578, -16.6705666, -16.6707077, -16.6713314, -16.6718636, -16.672205, -16.6722317, -16.6728554, -16.6721191, -16.6710014
1562.3999999999614, -16.343483, -16.3462772, -16.3501778, -16.351696, -16.3538303, -16.3551655, -16.3572426, -16.3589001, -16.3605728, -16.3617573
1562.4999999999613, -16.5179443, -16.5160294, -16.5155678, -16.5173836, -16.5172501, -16.5144501, -16.512289, -16.5111504, -16.5119286, -16.5113392
1562.5999999999613, -16.3476162, -16.3483181, -16.3489971, -16.3488007, -16.3483257, -16.3481693, -16.349432, -16.3501511, -16.3502121, -16.349308
1562.6999999999612, -16.3615189, -16.3610249, -16.3613186, -16.3613796, -16.3606777, -16.3640614, -16.363409, -16.3609772, -16.3609734, -16.3615246
1562.799999999961, -16.3711491, -16.37117, -16.3710117, -16.3704243, -16.3707504, -16.3708706, -16.3701134, -16.3712807, -16.3717918, -16.3710136
1562.899999999961, -16.3585281, -16.3586159, -16.3584347, -16.3589935, -16.3586273, -16.3584557, -16.3585262, -16.3586884, -16.3582134, -16.3577518
1562.999999999961, -16.2539158, -16.2529602, -16.2531776, -16.253418, -16.2529564, -16.2517033, -16.2521057, -16.2518272, -16.2521152, -16.2527714
1563.0999999999608, -16.3497238, -16.3510189, -16.3493233, -16.3488731, -16.3478832, -16.3467445, -16.3456135, -16.3453751, -16.3451385, -16.3433838
1563.1999999999607, -16.2553329, -16.2563019, -16.2584248, -16.2591095, -16.2591515, -16.2593555, -16.2599506, -16.259573, -16.259922, -16.2600212
1563.2999999999606, -16.226429, -16.2225361, -16.2177486, -16.2170105, -16.2136574, -16.2122936, -16.2097168, -16.2094688, -16.2075577, -16.2071705
1563.3999999999605, -16.3823204, -16.3842964, -16.3856564, -16.3875332, -16.3892403, -16.3881531, -16.3882141, -16.3885555, -16.3891678, -16.3889503
1563.4999999999604, -16.0291729, -16.0285378, -16.0284233, -16.0290184, -16.0284481, -16.0286503, -16.0288124, -16.0290318, -16.027895, -16.0292416
1563.5999999999603, -16.3211174, -16.3210087, -16.3206787, -16.3207054, -16.3214378, -16.322094, -16.3211575, -16.3217316, -16.3216553, -16.3218288
1563.6999999999603, -15.994957, -15.9964523, -15.9966898, -15.9964876, -15.9962244, -15.9956913, -15.9959707, -15.9958124, -15.99716, -15.9969492
1563.7999999999602, -16.3463306, -16.3476124, -16.3464775, -16.3467064, -16.3461895, -16.3460903, -16.3455811, -16.3457508, -16.3463879, -16.345911
1563.89999999996, -16.251215, -16.251442, -16.2519054, -16.2521305, -16.2520905, -16.2513657, -16.2511654, -16.2523556, -16.2514038, -16.2520676
1563.99999999996, -17.1278915, -17.1286144, -17.1289768, -17.1290989, -17.1294575, -17.1295261, -17.1302109, -17.1312771, -17.1311283, -17.1301136
1564.09999999996, -16.4340916, -16.4350662, -16.4358196, -16.4356232, -16.4378166, -16.4392624, -16.4393063, -16.4395847, -16.4393253, -16.4394073
1564.1999999999598, -16.2556477, -16.249794, -16.2438755, -16.2356853, -16.2310734, -16.2270374, -16.2267227, -16.2253304, -16.2212658, -16.2193737
1564.2999999999597, -16.2814636, -16.2827587, -16.2828846, -16.2819862, -16.2794189, -16.2766972, -16.2721004, -16.2698669, -16.2701817, -16.2706661
1564.3999999999596, -16.0781708, -16.0789604, -16.0797005, -16.0807457, -16.0809307, -16.0816269, -16.0816174, -16.0820274, -16.0814991, -16.0802326
1564.4999999999595, -16.1844959, -16.1853161, -16.1789703, -16.1884804, -16.1824741, -16.1799622, -16.1797771, -16.1788616, -16.1790123, -16.1783829
1564.5999999999594, -16.032589, -16.0331707, -16.0319138, -16.0322266, -16.0326176, -16.0323124, -16.0321293, -16.0322075, -16.0312576, -16.0314178
1564.6999999999593, -16.2276936, -16.2272758, -16.2292881, -16.2310715, -16.2320805, -16.2302494, -16.230135, -16.2295303, -16.2293358, -16.2291889
1564.7999999999593, -16.1059265, -16.1063709, -16.10742, -16.1088238, -16.1083508, -16.10923, -16.1088467, -16.1096745, -16.1156712, -16.1338711
1564.8999999999592, -16.1337395, -16.1336441, -16.1332512, -16.1339493, -16.1334782, -16.1350288, -16.2903061, -16.28195, -16.1985664, -16.1592865
1564.999999999959, -16.0714397, -16.0702, -16.0693054, -16.0664463, -16.0651188, -16.0621681, -16.0598392, -16.0598354, -16.0591049, -16.0600452
1565.099999999959, -16.274498, -16.2760506, -16.2773018, -16.2775974, -16.279604, -16.2813473, -16.2833691, -16.2834053, -16.2817516, -16.2822266
1565.199999999959, -15.9783211, -15.9763069, -15.9760532, -15.9778709, -15.9778967, -15.976573, -15.9748201, -15.9747782, -15.9755869, -15.9759579
1565.2999999999588, -16.2935429, -16.2928791, -16.2929783, -16.3018398, -16.2965851, -16.2955875, -16.2940826, -16.2944393, -16.2930813, -16.2931595
1565.3999999999587, -15.9033327, -15.9025917, -15.9017916, -15.9021406, -15.9010515, -15.9010658, -15.9012756, -15.9008427, -15.9004364, -15.8998127
1565.4999999999586, -16.2596664, -16.2601395, -16.2600021, -16.2598667, -16.2601795, -16.2598076, -16.2604904, -16.2606182, -16.2604733, -16.2609901
1565.5999999999585, -15.9638319, -15.964529, -15.9626579, -15.9622145, -15.9627514, -15.9612036, -15.9618931, -15.9625473, -15.9610872, -15.9607048
1565.6999999999584, -16.3641434, -16.3630543, -16.362978, -16.3633575, -16.3621159, -16.3632107, -16.3636951, -16.3633881, -16.3622379, -16.3604259
1565.7999999999583, -15.9119043, -15.9104786, -15.9102888, -15.9100275, -15.9106426, -15.9108582, -15.9141455, -15.9179335, -15.9133234, -15.9155893
1565.8999999999583, -16.2596588, -16.2587547, -16.2593708, -16.2600021, -16.2599812, -16.261364, -16.2619972, -16.259901, -16.2603493, -16.2617168
1565.9999999999582, -15.9493523, -15.9501429, -15.9509706, -15.9539719, -15.9556713, -15.9587574, -15.9570646, -15.9547729, -15.9554453, -15.9552879
1566.099999999958, -16.3513069, -16.3500252, -16.3502655, -16.3505974, -16.35005, -16.3495502, -16.3484325, -16.3473473, -16.3462238, -16.3459396
1566.199999999958, -16.2158337, -16.2148781, -16.21315, -16.2116852, -16.2125874, -16.2128716, -16.214077, -16.2123871, -16.2112064, -16.2113762
1566.299999999958, -16.8258286, -16.8252811, -16.8253231, -16.825037, -16.824852, -16.8237343, -16.8241329, -16.8237343, -16.8239803, -16.8240719
1566.3999999999578, -16.3517113, -16.3506069, -16.3483696, -16.3481808, -16.3492241, -16.3486919, -16.3483543, -16.3497505, -16.3520985, -16.3531456
1566.4999999999577, -15.9690695, -15.9703274, -15.971076, -15.9717798, -15.9722805, -15.9719038, -15.9707413, -15.9699612, -15.970006, -15.9702377
1566.5999999999576, -16.3375797, -16.3377075, -16.3400383, -16.3390312, -16.3382816, -16.337677, -16.3384094, -16.33815, -16.3370686, -16.3365021
1566.6999999999575, -15.9431973, -15.9437313, -15.9551706, -15.9582291, -15.9507608, -15.9474335, -15.9437227, -15.9463587, -15.9509268, -15.9452868
1566.7999999999574, -16.1948891, -16.1949272, -16.1982536, -16.2040768, -16.2018642, -16.2009773, -16.1985493, -16.1989803, -16.19837, -16.1978951
1566.8999999999573, -15.8438463, -15.8439932, -15.8471651, -15.8445749, -15.8450184, -15.8491993, -15.8494625, -15.8467379, -15.846487, -15.8470163
1566.9999999999573, -16.2255554, -16.2257214, -16.2256813, -16.2276764, -16.2301388, -16.2287865, -16.2290421, -16.2325935, -16.23139, -16.2295628
1567.0999999999572, -15.8980017, -15.8994865, -15.89816, -15.8971958, -15.8955698, -15.8957453, -15.8965197, -15.8961287, -15.8947668, -15.8942699
1567.199999999957, -16.1407967, -16.14221, -16.1442795, -16.1435852, -16.1426392, -16.1431713, -16.1414814, -16.140892, -16.1406765, -16.1411781
1567.299999999957, -15.8525887, -15.8515806, -15.852457, -15.8539886, -15.8516283, -15.8522282, -15.8511314, -15.8509521, -15.8507338, -15.8510418
1567.399999999957, -16.1271992, -16.1308479, -16.1294956, -16.1280956, -16.1286335, -16.1292152, -16.1277637, -16.1274128, -16.1284485, -16.1272621
1567.4999999999568, -15.8716459, -15.8713865, -15.8739347, -15.875701, -15.876832, -15.8758574, -15.8683882, -15.8686543, -15.8660469, -15.8689508
1567.5999999999567, -16.1283321, -16.1288681, -16.1289024, -16.1341171, -16.1336441, -16.1317158, -16.1296406, -16.1290817, -16.1298218, -16.1317158
1567.6999999999566, -15.7729101, -15.7766943, -15.7746935, -15.7750254, -15.7734442, -15.7775803, -15.7786827, -15.7802534, -15.7816162, -15.7804317
1567.7999999999565, -15.9112329, -15.9092855, -15.9100237, -15.9052467, -15.9036903, -15.8998671, -15.9005671, -15.8983707, -15.897418, -15.8943644
1567.8999999999564, -15.8761091, -15.8785696, -15.8811741, -15.881402, -15.8804007, -15.879528, -15.880352, -15.8796406, -15.8795433, -15.8807888
1567.9999999999563, -15.8541822, -15.855094, -15.855011, -15.8546963, -15.854249, -15.8519163, -15.8519821, -15.8524103, -15.8522739, -15.8530788
1568.0999999999563, -15.8882179, -15.8872976, -15.8878899, -15.8873205, -15.8850899, -15.8867149, -15.8846464, -15.8846111, -15.8857765, -15.8843422
1568.1999999999562, -15.7602406, -15.7595615, -15.7576904, -15.7574978, -15.7568359, -15.7594452, -15.7566948, -15.7556763, -15.7568865, -15.7568035
1568.299999999956, -15.8143206, -15.8125668, -15.8135862, -15.8142185, -15.8132763, -15.8132429, -15.8129845, -15.812829, -15.8141098, -15.8121243
1568.399999999956, -16.0915794, -16.094223, -16.0937939, -16.0914745, -16.08992, -16.0905113, -16.0920773, -16.0920544, -16.0935555, -16.092701
1568.499999999956, -16.7085762, -16.709074, -16.7064514, -16.6991844, -16.6969986, -16.6982384, -16.6974621, -16.6986427, -16.6997452, -16.6995449
1568.5999999999558, -15.8845863, -15.8902111, -15.8978691, -15.9053011, -15.9086809, -15.9084711, -15.9101095, -15.9126186, -15.9146681, -15.9166746
1568.6999999999557, -15.8609257, -15.8594122, -15.8562737, -15.8540401, -15.8533211, -15.8510399, -15.8511381, -15.8518867, -15.8517551, -15.8537445
1568.7999999999556, -15.6733923, -15.682785, -15.762866, -15.7989206, -15.8054562, -15.7924299, -15.7601318, -15.7170048, -15.6939974, -15.6833134
1568.8999999999555, -15.8384113, -15.8377028, -15.8382139, -15.8428793, -15.8419247, -15.8382616, -15.8376608, -15.8382292, -15.8376846, -15.837678
1568.9999999999554, -15.6900969, -15.6912928, -15.6915979, -15.6922979, -15.6917839, -15.6909752, -15.6893072, -15.6891003, -15.6880627, -15.6876478
1569.0999999999553, -15.702363, -15.7044144, -15.7059479, -15.7028828, -15.7016392, -15.7005243, -15.7002945, -15.7005482, -15.6992731, -15.6987438
1569.1999999999553, -15.6134176, -15.6117659, -15.6118126, -15.6131182, -15.6115742, -15.6123734, -15.6121244, -15.6120386, -15.6127605, -15.6141653
1569.2999999999552, -15.7048635, -15.7106152, -15.7140293, -15.7127056, -15.7094393, -15.7092896, -15.706974, -15.7053499, -15.7063122, -15.7054501
1569.399999999955, -15.6546707, -15.6583433, -15.6553421, -15.6542025, -15.6520796, -15.6509304, -15.6510334, -15.6519156, -15.6528845, -15.65096
1569.499999999955, -15.6477585, -15.6458101, -15.6424694, -15.6378679, -15.6374035, -15.6336031, -15.6329651, -15.6315117, -15.6295071, -15.6301517
1569.599999999955, -15.7272835, -15.6974421, -15.6855536, -15.684309, -15.6853409, -15.6866817, -15.6883059, -15.6918945, -15.6951733, -15.6952715
1569.6999999999548, -15.4803753, -15.4830294, -15.4888372, -15.4866276, -15.4825468, -15.4828043, -15.484725, -15.4851274, -15.4847021, -15.4838953
1569.7999999999547, -15.8313189, -15.8313875, -15.8328257, -15.8328638, -15.8354216, -15.8361959, -15.8354263, -15.8333235, -15.8326578, -15.8343744
1569.8999999999546, -15.5071831, -15.508172, -15.5079861, -15.5068655, -15.5084047, -15.5081749, -15.5074339, -15.5070696, -15.5067463, -15.5087156
1569.9999999999545, -15.7897739, -15.7899265, -15.7902479, -15.7901592, -15.7916079, -15.7908258, -15.7897768, -15.7902164, -15.7907629, -15.7915316
1570.0999999999544, -15.4549198, -15.4544487, -15.453723, -15.455719, -15.457058, -15.4587412, -15.4568186, -15.4545097, -15.4535294, -15.4531832
1570.1999999999543, -15.8038225, -15.8079624, -15.8084536, -15.8082876, -15.8101416, -15.8099051, -15.8085842, -15.8089609, -15.8078718, -15.807807
1570.2999999999543, -15.505023, -15.5042429, -15.5066938, -15.507206, -15.503582, -15.5080729, -15.509428, -15.5052538, -15.50389, -15.5011063
1570.3999999999542, -15.8616447, -15.8640842, -15.8642635, -15.8621378, -15.8635683, -15.8644657, -15.8660002, -15.8657122, -15.8649368, -15.8653946
1570.499999999954, -15.4509869, -15.4508696, -15.4509068, -15.4495964, -15.4502792, -15.449585, -15.4482651, -15.4491997, -15.4491835, -15.4493523
1570.599999999954, -15.8821058, -15.8841982, -15.8836088, -15.883482, -15.8839054, -15.8832264, -15.8821964, -15.8827181, -15.882266, -15.883646
1570.699999999954, -16.0278149, -16.0288696, -16.0304775, -16.0307922, -16.0292263, -16.0297184, -16.02948, -16.0292492, -16.0304298, -16.0304165
1570.7999999999538, -16.4518108, -16.4528828, -16.4533348, -16.4526196, -16.4531441, -16.4537373, -16.4525547, -16.4509792, -16.4521027, -16.4536285
1570.8999999999537, -16.0248699, -16.024477, -16.0252323, -16.0259838, -16.0267582, -16.0273972, -16.0269833, -16.0260105, -16.0256252, -16.0253067
1570.9999999999536, -15.5871019, -15.5861197, -15.5866594, -15.5866089, -15.5863638, -15.5863972, -15.5862522, -15.5855846, -15.5852957, -15.5859652
1571.0999999999535, -15.8618927, -15.8621016, -15.8624649, -15.8626633, -15.8619833, -15.8618908, -15.8617115, -15.8616362, -15.8626604, -15.8625364
1571.1999999999534, -15.6447296, -15.6464424, -15.6444283, -15.6434174, -15.6428022, -15.6433458, -15.64256, -15.6424112, -15.6436939, -15.643012
1571.2999999999533, -15.9460917, -15.9448662, -15.9442444, -15.9465675, -15.9481239, -15.9481878, -15.9476395, -15.9482641, -15.9487419, -15.9481306
1571.3999999999533, -15.535533, -15.5332232, -15.5341311, -15.5363426, -15.5354538, -15.5327454, -15.5323076, -15.5322924, -15.5318556, -15.532279
1571.4999999999532, -15.9419699, -15.9405384, -15.9396477, -15.9385958, -15.937685, -15.9384375, -15.9395494, -15.9389353, -15.9390221, -15.9384289
1571.599999999953, -15.6328678, -15.6340494, -15.6342402, -15.6349373, -15.6348267, -15.6334305, -15.6329107, -15.63309, -15.6334124, -15.6337614
1571.699999999953, -16.045681, -16.0453949, -16.0449467, -16.0441914, -16.0444202, -16.045332, -16.0455704, -16.0458622, -16.0460644, -16.0459042
1571.799999999953, -15.7007475, -15.7012882, -15.7013159, -15.701479, -15.7017975, -15.7017193, -15.7018118, -15.7015924, -15.7021112, -15.7027016
1571.8999999999528, -15.9564381, -15.9565477, -15.9552307, -15.9542542, -15.9550142, -15.9552069, -15.9555197, -15.9557104, -15.9549942, -15.9556627
1571.9999999999527, -15.6587019, -15.6578398, -15.6573038, -15.6576176, -15.6582661, -15.6581345, -15.6583891, -15.6571226, -15.6566963, -15.6566448
1572.0999999999526, -15.9898996, -15.9904594, -15.9910812, -15.9918823, -15.9926176, -15.9934158, -15.992938, -15.993372, -15.9935598, -15.9933615
1572.1999999999525, -15.7847328, -15.786252, -15.7870684, -15.7871065, -15.7873497, -15.7872496, -15.7876768, -15.7884588, -15.7887611, -15.789361
1572.2999999999524, -15.8862581, -15.8840609, -15.882946, -15.8820467, -15.8821812, -15.8820896, -15.8816195, -15.880722, -15.8798676, -15.8803444
1572.3999999999523, -15.8028431, -15.8041677, -15.8040123, -15.803545, -15.8043785, -15.803915, -15.804244, -15.8045073, -15.8060436, -15.805253
1572.4999999999523, -15.8137531, -15.8135242, -15.8147535, -15.8138695, -15.8136969, -15.8141994, -15.8135834, -15.8127909, -15.8125563, -15.8129406
1572.5999999999522, -15.9506073, -15.951416, -15.951067, -15.9505281, -15.9508514, -15.9505529, -15.9510832, -15.950448, -15.9505777, -15.9510698
1572.699999999952, -15.8420563, -15.8425293, -15.8425283, -15.842452, -15.8429365, -15.8431339, -15.8428164, -15.8436146, -15.8447037, -15.8462124
1572.799999999952, -15.8788223, -15.8788462, -15.8782129, -15.8782949, -15.8788385, -15.8793802, -15.879755, -15.8793306, -15.8793383, -15.8792772
1572.899999999952, -16.0334091, -16.0338516, -16.0348454, -16.0349388, -16.0351925, -16.0354347, -16.0362835, -16.0368786, -16.0379524, -16.0389805
1572.9999999999518, -16.8040581, -16.804224, -16.8044968, -16.8044319, -16.8061295, -16.805336, -16.8056145, -16.80583, -16.8057613, -16.8060646
1573.0999999999517, -16.1860828, -16.1900768, -16.1927814, -16.1958408, -16.1978664, -16.1993694, -16.2003613, -16.2009029, -16.2004547, -16.2012081
1573.1999999999516, -15.9198122, -15.9190168, -15.9188442, -15.9193373, -15.9190931, -15.9188738, -15.9182758, -15.9187727, -15.9186554, -15.9183826
1573.2999999999515, -15.7688904, -15.7682896, -15.7690773, -15.7691288, -15.7686243, -15.7688427, -15.7683048, -15.7676125, -15.7675953, -15.7683582
1573.3999999999514, -15.7923813, -15.802556, -15.8059378, -15.8017073, -15.7932987, -15.7913589, -15.7906742, -15.7897768, -15.7905016, -15.7894821
1573.4999999999513, -15.7755775, -15.7755527, -15.7757282, -15.7757454, -15.7772102, -15.7769842, -15.7774429, -15.7784595, -15.7782869, -15.7783651
1573.5999999999513, -15.7816629, -15.7813597, -15.7819891, -15.782155, -15.7816372, -15.7807903, -15.7805862, -15.7810411, -15.780755, -15.7807608
1573.6999999999512, -15.7769156, -15.7774582, -15.7773438, -15.7766743, -15.7770176, -15.7769861, -15.7768221, -15.7773876, -15.7772846, -15.7767839
1573.799999999951, -15.6381273, -15.6379385, -15.6373596, -15.6374445, -15.6381512, -15.6380434, -15.6376352, -15.6373034, -15.6377163, -15.637949
1573.899999999951, -15.6392927, -15.6386185, -15.6384459, -15.6382494, -15.6391802, -15.6392889, -15.6399431, -15.640172, -15.6396217, -15.6399899
1573.999999999951, -15.6084347, -15.6083069, -15.6062737, -15.6037445, -15.6048393, -15.6052437, -15.6047707, -15.6055698, -15.6056643, -15.6062708
1574.0999999999508, -15.9043455, -15.9056816, -15.9060946, -15.9070625, -15.9065104, -15.906951, -15.9072857, -15.9074717, -15.907918, -15.9084101
1574.1999999999507, -15.4931984, -15.4932861, -15.4938107, -15.4944859, -15.4940176, -15.4939108, -15.4941816, -15.4947596, -15.494751, -15.4937077
1574.2999999999506, -15.8057327, -15.8057051, -15.8059397, -15.8063574, -15.8066387, -15.8076611, -15.8073244, -15.8069124, -15.807641, -15.8077831
1574.3999999999505, -15.4366035, -15.4360437, -15.4360723, -15.4358616, -15.4361143, -15.435936, -15.4361496, -15.4353876, -15.435194, -15.4356527
1574.4999999999504, -15.8287992, -15.8290262, -15.8290815, -15.8287954, -15.828517, -15.8288231, -15.827898, -15.8289051, -15.8303537, -15.8295145
1574.5999999999503, -15.4506102, -15.4507875, -15.4500151, -15.4496918, -15.4481001, -15.4491768, -15.4477615, -15.4477406, -15.4480677, -15.4463243
1574.6999999999503, -15.7395468, -15.7393045, -15.7392874, -15.7388811, -15.7380705, -15.7394772, -15.7396002, -15.7398796, -15.739377, -15.7392235
1574.7999999999502, -15.3511267, -15.3510275, -15.3511477, -15.3521166, -15.3522587, -15.3517017, -15.3515263, -15.3521109, -15.3516064, -15.3514862
1574.89999999995, -15.7417412, -15.7411699, -15.7397442, -15.7385674, -15.7393913, -15.7403173, -15.7400513, -15.7401237, -15.740737, -15.7402611
1574.99999999995, -15.4977455, -15.4977417, -15.4983492, -15.4986753, -15.4980812, -15.4975977, -15.4970474, -15.4969616, -15.4973869, -15.4972239
1575.09999999995, -15.8352146, -15.8351984, -15.8348837, -15.8338852, -15.8332863, -15.8342857, -15.8341742, -15.8338423, -15.8349419, -15.8346386
1575.1999999999498, -15.5790405, -15.5802383, -15.5797262, -15.5805578, -15.5802879, -15.5810366, -15.5812645, -15.5801601, -15.5797224, -15.5787888
1575.2999999999497, -16.4756947, -16.4759388, -16.4765072, -16.4770775, -16.4770241, -16.4770031, -16.4767113, -16.4770126, -16.4766121, -16.4768524
1575.3999999999496, -15.837369, -15.8373919, -15.8385324, -15.838089, -15.8383646, -15.8386612, -15.8383932, -15.8383303, -15.8378954, -15.8374023
1575.4999999999495, -15.4250307, -15.4243717, -15.4247999, -15.4261312, -15.4272079, -15.4272146, -15.4261341, -15.4263258, -15.4262857, -15.4264984
1575.5999999999494, -15.7515116, -15.7516298, -15.7512388, -15.7509184, -15.7507076, -15.7506361, -15.750844, -15.7503414, -15.7503147, -15.7492695
1575.6999999999493, -15.295516, -15.2962751, -15.2962704, -15.2974176, -15.2976542, -15.2974033, -15.2976723, -15.2974958, -15.2972479, -15.2966013
1575.7999999999493, -15.6998329, -15.6979904, -15.6959915, -15.6971273, -15.698266, -15.6992664, -15.6988249, -15.6984386, -15.6982756, -15.6964598
1575.8999999999492, -15.3994818, -15.4009724, -15.4012136, -15.4007177, -15.4010725, -15.4016228, -15.401516, -15.4025707, -15.4029512, -15.4032764
1575.999999999949, -15.7213984, -15.7215767, -15.7220993, -15.7220631, -15.7212715, -15.7211142, -15.7212076, -15.7219296, -15.72299, -15.7231302
1576.099999999949, -15.4594326, -15.4571905, -15.4560661, -15.4574318, -15.4591408, -15.4585838, -15.4588223, -15.4586029, -15.4595528, -15.4600811
1576.199999999949, -15.5862284, -15.5854759, -15.5855904, -15.5862427, -15.5873861, -15.5879221, -15.5879354, -15.5872831, -15.5866251, -15.5873718
1576.2999999999488, -15.4975977, -15.497735, -15.4974794, -15.4964895, -15.496768, -15.4978352, -15.4967966, -15.4974012, -15.4966145, -15.4971027
1576.3999999999487, -15.603838, -15.6033726, -15.6036139, -15.6035252, -15.6045551, -15.605114, -15.6053467, -15.605567, -15.6051874, -15.6054611
1576.4999999999486, -15.5735998, -15.5736437, -15.5738983, -15.573966, -15.5735073, -15.5741014, -15.5742731, -15.5743637, -15.5737696, -15.5730591
1576.5999999999485, -15.5440216, -15.5440216, -15.543294, -15.5437469, -15.543519, -15.5441523, -15.5440435, -15.5428238, -15.5433474, -15.5448999
1576.6999999999484, -15.5881796, -15.5882759, -15.5888834, -15.5895452, -15.5897884, -15.5897102, -15.5898809, -15.589901, -15.5914965, -15.5907164
1576.7999999999483, -15.4859524, -15.4827986, -15.4817924, -15.4823351, -15.4813385, -15.4791327, -15.4778328, -15.4788742, -15.4789839, -15.4796295
1576.8999999999482, -15.7913771, -15.7916851, -15.7916698, -15.7912788, -15.7915649, -15.79175, -15.7917433, -15.7917824, -15.7918835, -15.7920809
1576.9999999999482, -15.4551802, -15.456254, -15.4545288, -15.4560041, -15.4571075, -15.4561415, -15.455945, -15.4546585, -15.4545488, -15.4527903
1577.099999999948, -15.7521687, -15.7507706, -15.7514057, -15.7516203, -15.7521505, -15.752223, -15.7507534, -15.7488794, -15.745739, -15.747366
1577.199999999948, -15.4219227, -15.4225473, -15.4204397, -15.4201689, -15.4198904, -15.4230261, -15.4235258, -15.4243898, -15.4251213, -15.4257135
1577.2999999999479, -15.8577242, -15.8583374, -15.8584538, -15.8591404, -15.8590889, -15.8584604, -15.8565464, -15.8581009, -15.8594456, -15.8592262
1577.3999999999478, -15.6163321, -15.6160021, -15.6160812, -15.616313, -15.6163492, -15.6164703, -15.6164284, -15.6168966, -15.6160831, -15.6150599
1577.4999999999477, -15.9936333, -15.9938707, -15.9932709, -15.9929104, -15.9916506, -15.9908943, -15.9897642, -15.9881468, -15.9877796, -15.9877834
1577.5999999999476, -16.1958656, -16.1963902, -16.1958256, -16.1950264, -16.1962624, -16.1966572, -16.1962547, -16.1971455, -16.1972828, -16.1957684
1577.6999999999475, -15.5862312, -15.5902567, -15.5905895, -15.5896845, -15.5887117, -15.5871782, -15.5884275, -15.5884027, -15.5894575, -15.5906048
1577.7999999999474, -15.899868, -15.9000645, -15.900178, -15.9002724, -15.900218, -15.899786, -15.8988848, -15.8999109, -15.9008942, -15.9009743
1577.8999999999473, -15.5501766, -15.5498066, -15.5510893, -15.5513105, -15.5512648, -15.5509472, -15.5506153, -15.5511265, -15.5496674, -15.5495081
1577.9999999999472, -15.8668098, -15.8660316, -15.8639688, -15.8652067, -15.8665104, -15.8680305, -15.8642378, -15.8659906, -15.8661995, -15.8678083
1578.0999999999472, -15.4650679, -15.4607229, -15.4621429, -15.4611721, -15.4577913, -15.4569149, -15.4563208, -15.460927, -15.4626627, -15.4619694
1578.199999999947, -15.8676586, -15.865098, -15.8676748, -15.8692837, -15.8680344, -15.8680611, -15.8661451, -15.8617258, -15.864645, -15.8667936
1578.299999999947, -15.5343046, -15.5354986, -15.5365686, -15.5366573, -15.5366678, -15.5372553, -15.5372543, -15.5371084, -15.5387554, -15.538476
1578.3999999999469, -15.9771643, -15.978405, -15.9765978, -15.9781456, -15.9748974, -15.9735985, -15.9776859, -15.9800787, -15.9802485, -15.9803267
1578.4999999999468, -15.4776945, -15.4558153, -15.3996449, -15.3970623, -15.4252005, -15.3886642, -15.423584, -15.4559937, -15.4685011, -15.4737387
1578.5999999999467, -15.8424368, -15.8469982, -15.8490257, -15.849637, -15.8498077, -15.850421, -15.8500986, -15.8490725, -15.8492136, -15.8467264
1578.6999999999466, -15.6068344, -15.6090393, -15.6103888, -15.608345, -15.6035032, -15.605916, -15.6084423, -15.6095495, -15.6115398, -15.6084471
1578.7999999999465, -15.8622437, -15.8635216, -15.8597012, -15.8525505, -15.8566399, -15.8591013, -15.8615999, -15.8634624, -15.8634396, -15.8618746
1578.8999999999464, -15.6751299, -15.6740112, -15.6758928, -15.674798, -15.6743069, -15.6747551, -15.6747513, -15.6737804, -15.6754084, -15.6750546
1578.9999999999463, -15.6931639, -15.693409, -15.6922045, -15.6940327, -15.6906071, -15.6924372, -15.6932039, -15.6944084, -15.6940308, -15.6906395
1579.0999999999462, -15.6052084, -15.5863171, -15.6077147, -15.6188793, -15.6195002, -15.6221581, -15.6154089, -15.6272106, -15.6234798, -15.6086359
1579.1999999999462, -15.7322693, -15.729826, -15.7356491, -15.7387714, -15.7380228, -15.7376375, -15.737978, -15.7367725, -15.7333183, -15.7334461
1579.299999999946, -15.8260269, -15.8268509, -15.825655, -15.826314, -15.8279753, -15.8282814, -15.8281784, -15.8271742, -15.8266125, -15.826973
1579.399999999946, -15.6649084, -15.6642599, -15.6641636, -15.6654682, -15.6655912, -15.6642647, -15.664609, -15.6653442, -15.6656694, -15.6649694
1579.4999999999459, -15.7769804, -15.7786589, -15.7795668, -15.7796879, -15.7799768, -15.780179, -15.7803478, -15.7810345, -15.7804098, -15.7784338
1579.5999999999458, -15.5893612, -15.5872507, -15.5866375, -15.5864487, -15.5876436, -15.5888872, -15.588788, -15.5891933, -15.5891352, -15.5878839
1579.6999999999457, -15.8752804, -15.8761272, -15.8781242, -15.8755398, -15.8692942, -15.8634529, -15.8626146, -15.8694744, -15.8742733, -15.8770733
1579.7999999999456, -16.6094131, -16.6071129, -16.6085052, -16.6086388, -16.6074829, -16.6084461, -16.6084824, -16.6097755, -16.6103382, -16.610878
1579.8999999999455, -15.8116474, -15.8114281, -15.8110132, -15.81147, -15.8111792, -15.8109674, -15.80931, -15.8100138, -15.8107958, -15.8113947
1579.9999999999454, -15.7443581, -15.7446356, -15.7452431, -15.7452803, -15.7453222, -15.7453823, -15.7466736, -15.7452507, -15.7451315, -15.746501
