wavelength_nm ,power_reading_0_dbm ,power_reading_1_dbm ,power_reading_2_dbm ,power_reading_3_dbm ,power_reading_4_dbm ,power_reading_5_dbm ,power_reading_6_dbm ,power_reading_7_dbm ,power_reading_8_dbm ,power_reading_9_dbm 
1540.0, -19.0886688, -19.091301, -19.0871601, -19.0892162, -19.0912399, -19.0951347, -19.0964699, -19.0971565, -19.0976772, -19.093174
1540.01, -19.0887337, -19.0879288, -19.0878963, -19.0867748, -19.1060066, -19.1017246, -19.0953865, -19.0910072, -19.089222, -19.0870075
1540.02, -19.0813904, -19.0818157, -19.084301, -19.0851955, -19.0822296, -19.0806217, -19.0802574, -19.0811501, -19.0819931, -19.0817776
1540.03, -19.0651531, -19.0722542, -19.0663013, -19.0681038, -19.0644989, -19.0670166, -19.0626678, -19.0603123, -19.0601921, -19.060854
1540.04, -19.0289764, -19.0294018, -19.0288658, -19.0280819, -19.0282822, -19.0277977, -19.0277805, -19.0276394, -19.028038, -19.0274296
1540.05, -18.984211, -18.9845829, -18.9849796, -18.9852371, -18.9852924, -18.9849777, -18.9853477, -18.9853134, -18.9859066, -18.9857349
1540.06, -18.9343071, -18.9353008, -18.9364128, -18.9369469, -18.9367332, -18.9346657, -18.9341812, -18.9336205, -18.9333878, -18.9320717
1540.07, -18.8845158, -18.8819809, -18.8824806, -18.882061, -18.882555, -18.8838367, -18.8823013, -18.8837757, -18.8865566, -18.8853111
1540.08, -18.8404198, -18.8426895, -18.8402691, -18.8402367, -18.8406448, -18.8410854, -18.8394814, -18.8401299, -18.8401794, -18.8414135
1540.09, -18.8084221, -18.8067017, -18.8074493, -18.8075981, -18.807703, -18.8083172, -18.8082695, -18.8091297, -18.8096085, -18.8088837
1540.1, -18.78932, -18.7908592, -18.7908745, -18.7894211, -18.7893105, -18.7893677, -18.7886105, -18.7892323, -18.791357, -18.7987518
1540.11, -18.7949677, -18.7950935, -18.7937889, -18.793602, -18.7935753, -18.7928772, -18.7920914, -18.7921963, -18.7922039, -18.7919846
1540.12, -18.8085518, -18.8099346, -18.8109589, -18.8144054, -18.8134327, -18.8126202, -18.8094902, -18.8090534, -18.8088226, -18.8081932
1540.1299999999999, -18.8433743, -18.8430023, -18.8430901, -18.8437901, -18.8463554, -18.8439159, -18.8413239, -18.8407078, -18.8403778, -18.8407974
1540.1399999999999, -18.8880711, -18.8888397, -18.8899555, -18.8904133, -18.8923244, -18.8933105, -18.8937435, -18.8915596, -18.8908901, -18.8913765
1540.1499999999999, -18.9321423, -18.9308681, -18.9323101, -18.9311905, -18.931118, -18.9318924, -18.9334526, -18.9332199, -18.9331799, -18.9325542
1540.1599999999999, -18.980566, -18.9813766, -18.9816551, -18.9802246, -18.980257, -18.9807758, -18.9802418, -18.980051, -18.9795589, -18.9803486
1540.1699999999998, -19.0164528, -19.015995, -19.0166512, -19.0163765, -19.0171909, -19.0162735, -19.016304, -19.0152702, -19.0152016, -19.0154839
1540.1799999999998, -19.0489693, -19.0479012, -19.0468292, -19.0463905, -19.0487309, -19.0478439, -19.0465679, -19.0471783, -19.0478172, -19.0465851
1540.1899999999998, -19.0629692, -19.0625229, -19.0622196, -19.0626087, -19.0609798, -19.0615997, -19.0620193, -19.0626011, -19.0615788, -19.0605621
1540.1999999999998, -19.0626297, -19.0618172, -19.0621624, -19.0631657, -19.0629711, -19.0617256, -19.0611935, -19.0615139, -19.062851, -19.0632801
1540.2099999999998, -19.0512562, -19.0509033, -19.0506935, -19.0488663, -19.0537872, -19.0537815, -19.0534992, -19.053793, -19.0554085, -19.0545425
1540.2199999999998, -19.0307598, -19.0324535, -19.0262508, -19.0245819, -19.0250053, -19.0265789, -19.0252113, -19.0248795, -19.0263023, -19.0262833
1540.2299999999998, -18.9871578, -18.9845181, -18.9863319, -18.984684, -18.9856987, -18.9851227, -18.985466, -18.9856281, -18.9855194, -18.9859562
1540.2399999999998, -18.9316139, -18.9320908, -18.9313831, -18.9321442, -18.9333096, -18.9326916, -18.9321136, -18.9321651, -18.934269, -18.9334831
1540.2499999999998, -18.8891659, -18.8890076, -18.8897038, -18.8884182, -18.8885899, -18.8873901, -18.8875313, -18.8883171, -18.8876381, -18.8872375
1540.2599999999998, -18.8495121, -18.8502655, -18.8494854, -18.8509121, -18.8528671, -18.8581028, -18.8559151, -18.8534985, -18.8515606, -18.8501568
1540.2699999999998, -18.8185844, -18.8198795, -18.8202381, -18.817276, -18.8170719, -18.8181763, -18.8195801, -18.8189774, -18.8182354, -18.8164806
1540.2799999999997, -18.7911949, -18.7920837, -18.7912178, -18.7916355, -18.7919159, -18.7909107, -18.790699, -18.791008, -18.7913284, -18.7919617
1540.2899999999997, -18.7956314, -18.7956924, -18.7938213, -18.7952499, -18.7955055, -18.7972851, -18.7970238, -18.7946777, -18.7950077, -18.7938042
1540.2999999999997, -18.8058529, -18.8056679, -18.8067036, -18.8063297, -18.8063564, -18.8062267, -18.806427, -18.8080273, -18.810421, -18.8084221
1540.3099999999997, -18.8307343, -18.8308868, -18.8325882, -18.8326874, -18.8299561, -18.8275547, -18.8266296, -18.8300018, -18.8325195, -18.8306446
1540.3199999999997, -18.8626747, -18.8626728, -18.8630905, -18.8632736, -18.8641853, -18.8642845, -18.8631821, -18.8631134, -18.8642082, -18.865551
1540.3299999999997, -18.9043026, -18.9054184, -18.9029388, -18.9027519, -18.9025421, -18.9023895, -18.9031963, -18.9022236, -18.9024372, -18.902216
1540.3399999999997, -18.9426155, -18.9417534, -18.9414921, -18.9409981, -18.9411449, -18.9422989, -18.9426556, -18.9435062, -18.9438972, -18.9436016
1540.3499999999997, -18.9733353, -18.9754181, -18.9752655, -18.9766006, -18.9791546, -18.9768753, -18.9741497, -18.9747868, -18.9757843, -18.9738178
1540.3599999999997, -19.0072422, -19.0070305, -19.0076752, -19.0079155, -19.0086174, -19.0071812, -19.0078259, -19.0084095, -19.008194, -19.008667
1540.3699999999997, -19.0225353, -19.021574, -19.0205498, -19.024229, -19.0291958, -19.0304852, -19.0262699, -19.0274944, -19.0230274, -19.0222301
1540.3799999999997, -19.0318794, -19.0312157, -19.0313416, -19.0298786, -19.0302753, -19.0314941, -19.0323811, -19.0326118, -19.0325546, -19.0300179
1540.3899999999996, -19.0263081, -19.0255108, -19.0263081, -19.0260315, -19.0264816, -19.0258751, -19.025795, -19.0265903, -19.026125, -19.0265713
1540.3999999999996, -19.0179806, -19.0184879, -19.0210972, -19.0182419, -19.0188351, -19.0177917, -19.0158863, -19.0181961, -19.0158539, -19.0170574
1540.4099999999996, -18.990427, -18.9900017, -18.9896164, -18.9902287, -18.9886265, -18.9893684, -18.9895039, -18.989502, -18.991785, -18.9908466
1540.4199999999996, -18.9598026, -18.9713516, -18.9720917, -18.9644547, -18.9592667, -18.9577122, -18.9579792, -18.9576702, -18.9580498, -18.9589405
1540.4299999999996, -18.9192696, -18.9191265, -18.9227219, -18.92659, -18.9265213, -18.9224968, -18.9203815, -18.9200344, -18.9226742, -18.9193954
1540.4399999999996, -18.8808994, -18.8797646, -18.8792744, -18.8789463, -18.8786163, -18.8780956, -18.8776035, -18.8778992, -18.8783474, -18.8782597
1540.4499999999996, -18.8403091, -18.840765, -18.840292, -18.8411713, -18.8416786, -18.840065, -18.841259, -18.8390636, -18.840641, -18.8434906
1540.4599999999996, -18.8034191, -18.8027058, -18.8032551, -18.8050117, -18.8045673, -18.8113403, -18.8077984, -18.8032875, -18.8110237, -18.8181381
1540.4699999999996, -18.770689, -18.771452, -18.769062, -18.769062, -18.7706223, -18.7711811, -18.7726116, -18.7755623, -18.7788372, -18.7767963
1540.4799999999996, -18.7490597, -18.7498665, -18.7512112, -18.7483559, -18.7487335, -18.7480869, -18.7489986, -18.7477245, -18.7483959, -18.7497482
1540.4899999999996, -18.7356529, -18.7340355, -18.7352543, -18.7334862, -18.7330284, -18.7330666, -18.7346992, -18.7351208, -18.7351894, -18.7370148
1540.4999999999995, -18.731369, -18.7323666, -18.7316341, -18.7317829, -18.7329731, -18.7309933, -18.7309494, -18.7321434, -18.7312984, -18.7305946
1540.5099999999995, -18.7485847, -18.7502518, -18.7434731, -18.7419586, -18.743454, -18.742094, -18.7425003, -18.7434692, -18.7425365, -18.7425575
1540.5199999999995, -18.7593899, -18.757185, -18.7557621, -18.7555332, -18.7578888, -18.7569599, -18.7569447, -18.7555332, -18.7568474, -18.7553654
1540.5299999999995, -18.784626, -18.7907944, -18.7900181, -18.7863846, -18.7869282, -18.7855968, -18.7866821, -18.7968979, -18.7934856, -18.7952042
1540.5399999999995, -18.8183155, -18.8173656, -18.8176422, -18.8177586, -18.8170452, -18.8169689, -18.8172112, -18.817215, -18.8160114, -18.8168926
1540.5499999999995, -18.8581028, -18.8574276, -18.8569164, -18.8586063, -18.8581619, -18.8586369, -18.8568783, -18.8591442, -18.8602886, -18.8558197
1540.5599999999995, -18.8936844, -18.8947277, -18.8965836, -18.8937893, -18.8938293, -18.893816, -18.8936939, -18.8948784, -18.8930283, -18.8938026
1540.5699999999995, -18.9378948, -18.938097, -18.9379501, -18.9358063, -18.9360504, -18.9375019, -18.9357567, -18.9349041, -18.9341354, -18.9342937
1540.5799999999995, -18.9649982, -18.9655342, -18.9654903, -18.9676075, -18.9676723, -18.9657021, -18.9638939, -18.9647388, -18.9661026, -18.9671001
1540.5899999999995, -19.0021439, -19.0022984, -19.0019817, -19.001503, -19.0007267, -19.000782, -19.002018, -19.0026722, -19.0032692, -19.0024452
1540.5999999999995, -19.0299072, -19.0309982, -19.0322323, -19.0316753, -19.030653, -19.029995, -19.0330887, -19.0349483, -19.034853, -19.0331573
1540.6099999999994, -19.0542755, -19.0543766, -19.0525017, -19.0536957, -19.0530949, -19.0524998, -19.0529022, -19.0534191, -19.0554581, -19.05797
1540.6199999999994, -19.0654678, -19.0655308, -19.0653992, -19.0662766, -19.0661774, -19.0653362, -19.0656605, -19.0662155, -19.0669155, -19.066227
1540.6299999999994, -19.067728, -19.0701237, -19.0668736, -19.0684586, -19.068676, -19.0677147, -19.0683346, -19.0670395, -19.0687428, -19.0685596
1540.6399999999994, -19.057518, -19.0574093, -19.0579109, -19.0584507, -19.0577869, -19.0573311, -19.0574245, -19.0563374, -19.0568237, -19.0586071
1540.6499999999994, -19.0391312, -19.0412998, -19.0405827, -19.0399532, -19.0414448, -19.0402966, -19.0399742, -19.0390453, -19.0375633, -19.0379887
1540.6599999999994, -19.0163422, -19.0155792, -19.0141792, -19.0132523, -19.0174141, -19.0150414, -19.0149746, -19.0130577, -19.0158119, -19.0151005
1540.6699999999994, -18.9760628, -18.976263, -18.9761028, -18.9757404, -18.9760208, -18.9777565, -18.9809551, -18.9826336, -18.9850636, -18.9823589
1540.6799999999994, -18.9486618, -18.9523602, -18.9495964, -18.9447727, -18.9408207, -18.9383888, -18.938055, -18.9369278, -18.9366703, -18.9370136
1540.6899999999994, -18.8986683, -18.9015408, -18.9031734, -18.9004059, -18.9011288, -18.9035873, -18.9035873, -18.8994694, -18.8988724, -18.8973846
1540.6999999999994, -18.8642902, -18.8680305, -18.8647118, -18.8659306, -18.8628826, -18.863184, -18.8640995, -18.8621216, -18.8621941, -18.8615723
1540.7099999999994, -18.8413811, -18.8424797, -18.844492, -18.8427944, -18.8457317, -18.8432026, -18.8439598, -18.8447838, -18.842844, -18.8430119
1540.7199999999993, -18.825346, -18.824482, -18.8248482, -18.8270493, -18.8266754, -18.8268166, -18.8244629, -18.8251457, -18.8255234, -18.8274078
1540.7299999999993, -18.8243084, -18.8243866, -18.824913, -18.8263454, -18.8237743, -18.8243217, -18.8263321, -18.8297901, -18.8316746, -18.8325462
1540.7399999999993, -18.8470573, -18.8460312, -18.8436794, -18.8424683, -18.8425426, -18.8410358, -18.8413696, -18.8416882, -18.8416443, -18.8430519
1540.7499999999993, -18.8677273, -18.8674622, -18.8674469, -18.8694248, -18.8713951, -18.8699303, -18.8690872, -18.8703976, -18.8707275, -18.87043
1540.7599999999993, -18.9002838, -18.9010754, -18.8991737, -18.8985462, -18.8976631, -18.8974247, -18.8974991, -18.8969002, -18.8978653, -18.89748
1540.7699999999993, -18.9381523, -18.9362679, -18.9351234, -18.9346256, -18.93577, -18.9347878, -18.9341717, -18.9344406, -18.9347439, -18.9352398
1540.7799999999993, -18.967392, -18.9685192, -18.9719048, -18.9699535, -18.9682922, -18.9678116, -18.9699898, -18.9710922, -18.968996, -18.9688473
1540.7899999999993, -19.0064373, -19.0061798, -19.006752, -19.0062504, -19.0060654, -19.0071163, -19.0067883, -19.0063019, -19.0063667, -19.0061741
1540.7999999999993, -19.0423679, -19.0424328, -19.0424156, -19.042263, -19.043129, -19.0419807, -19.0419998, -19.0432529, -19.0469074, -19.0488873
1540.8099999999993, -19.0584354, -19.0585823, -19.0578403, -19.057785, -19.0572186, -19.0594463, -19.0729408, -19.0669765, -19.0648117, -19.0615101
1540.8199999999993, -19.0739994, -19.0730724, -19.0722256, -19.0725346, -19.0722141, -19.0712643, -19.0700436, -19.0707417, -19.0720768, -19.0722885
1540.8299999999992, -19.0665131, -19.0671864, -19.0678005, -19.0666962, -19.0669594, -19.0671425, -19.066721, -19.0668144, -19.067318, -19.0727806
1540.8399999999992, -19.0570316, -19.0565605, -19.0560169, -19.0558739, -19.0560398, -19.0555401, -19.0553703, -19.0558319, -19.0574074, -19.0568657
1540.8499999999992, -19.0245419, -19.0244865, -19.0295925, -19.0559769, -19.0661182, -19.062521, -19.04636, -19.0341473, -19.0322628, -19.0262661
1540.8599999999992, -18.9875374, -18.9878769, -18.9869232, -18.9882507, -18.9891186, -18.9881096, -18.986145, -18.9862976, -18.9862366, -18.9878769
1540.8699999999992, -18.9419994, -18.9371433, -18.9366722, -18.9371357, -18.9374809, -18.9368172, -18.936079, -18.9380798, -18.9378853, -18.9359436
1540.8799999999992, -18.8831043, -18.8845215, -18.8879147, -18.8863564, -18.8834457, -18.8811607, -18.8827534, -18.8840904, -18.8838539, -18.8830414
1540.8899999999992, -18.8335094, -18.8316097, -18.8339157, -18.8333015, -18.8435631, -18.836153, -18.836607, -18.8352051, -18.8363552, -18.8464146
1540.8999999999992, -18.7874031, -18.787571, -18.786232, -18.7859917, -18.7885475, -18.7895927, -18.7886372, -18.7887993, -18.7879581, -18.7880955
1540.9099999999992, -18.7509212, -18.752161, -18.7508011, -18.7510242, -18.7507668, -18.7527561, -18.7520351, -18.7517242, -18.7524796, -18.7504845
1540.9199999999992, -18.7421818, -18.7410812, -18.7412529, -18.7430286, -18.7409573, -18.7405949, -18.7388973, -18.7390919, -18.7396564, -18.7406464
1540.9299999999992, -18.7399235, -18.7389488, -18.7405796, -18.7425785, -18.7420349, -18.7407227, -18.7409859, -18.743227, -18.7450066, -18.7426605
1540.9399999999991, -18.759922, -18.7616978, -18.76087, -18.7623959, -18.7648201, -18.7646618, -18.7628117, -18.7612991, -18.7608185, -18.7616596
1540.9499999999991, -18.7989483, -18.7997704, -18.8004494, -18.7990952, -18.7970657, -18.7964687, -18.7959061, -18.7960396, -18.8005123, -18.8029118
1540.9599999999991, -18.8298378, -18.8303452, -18.8331146, -18.8327103, -18.8342781, -18.8346519, -18.8334656, -18.8330917, -18.8345318, -18.8352222
1540.9699999999991, -18.8813896, -18.8814869, -18.8819752, -18.8808498, -18.8819675, -18.8821697, -18.8815479, -18.8811874, -18.8850536, -18.8859196
1540.979999999999, -18.9221706, -18.9240532, -18.9227657, -18.9215527, -18.9219589, -18.9213753, -18.9217682, -18.9220028, -18.9223728, -18.9240437
1540.989999999999, -18.9642525, -18.9618187, -18.9622726, -18.962183, -18.9635849, -18.9638462, -18.9636955, -18.9621162, -18.9628544, -18.9616795
1540.999999999999, -18.9924984, -18.9904747, -18.9916725, -18.9917603, -18.9925137, -18.9914513, -18.9928474, -18.9921913, -18.9912472, -18.991209
1541.009999999999, -19.0077038, -19.0070953, -19.0074196, -19.0067654, -19.0076141, -19.0074272, -19.0058708, -19.0056496, -19.0056171, -19.0067749
1541.019999999999, -19.0144386, -19.0147591, -19.0140915, -19.0150127, -19.0165062, -19.0147915, -19.0145359, -19.0157242, -19.0165348, -19.0158596
1541.029999999999, -19.0080166, -19.008173, -19.0082264, -19.0086365, -19.0092964, -19.0076618, -19.0080261, -19.0079536, -19.0087814, -19.009306
1541.039999999999, -18.9878254, -18.9870472, -18.9873219, -18.9876671, -18.988781, -18.9893513, -18.9900894, -18.989027, -18.9877224, -18.9866047
1541.049999999999, -18.9484119, -18.9500694, -18.9493656, -18.9482765, -18.9472313, -18.9475842, -18.9493198, -18.9509048, -18.9477787, -18.948185
1541.059999999999, -18.910696, -18.9112244, -18.9113712, -18.9117489, -18.9121971, -18.9118958, -18.9112358, -18.9110126, -18.9112663, -18.9115486
1541.069999999999, -18.8703651, -18.8687401, -18.8689919, -18.8695908, -18.8689117, -18.8692818, -18.8685513, -18.8690453, -18.8746452, -18.8808708
1541.079999999999, -18.8376637, -18.8377495, -18.8381844, -18.8359394, -18.835783, -18.8359261, -18.8357182, -18.8358994, -18.8370399, -18.8389091
1541.089999999999, -18.8156338, -18.814642, -18.8146915, -18.8145943, -18.8140507, -18.8145466, -18.8148251, -18.8158531, -18.8150902, -18.8151531
1541.099999999999, -18.7908955, -18.7897816, -18.7900009, -18.7906132, -18.7920189, -18.7919807, -18.7919674, -18.7918434, -18.791811, -18.7932358
1541.109999999999, -18.7862377, -18.7861843, -18.7864609, -18.786768, -18.7855892, -18.7852173, -18.7880726, -18.7906799, -18.7866898, -18.7861767
1541.119999999999, -18.8071918, -18.8059349, -18.804657, -18.8050594, -18.8061638, -18.8078308, -18.8077717, -18.8062782, -18.8056602, -18.8056545
1541.129999999999, -18.8383179, -18.8382111, -18.8368187, -18.8387413, -18.8386688, -18.8392868, -18.8378639, -18.8375835, -18.8385067, -18.839056
1541.139999999999, -18.8812122, -18.8813381, -18.8821411, -18.883173, -18.8820076, -18.8822842, -18.8860226, -18.8861103, -18.8914585, -18.8864956
1541.149999999999, -18.9304638, -18.9308548, -18.9268074, -18.926918, -18.9268093, -18.9265423, -18.9273643, -18.9279804, -18.9285889, -18.9278316
1541.159999999999, -18.9784966, -18.9789639, -18.9797134, -18.9797249, -18.9796314, -18.9806194, -18.9783955, -18.9778442, -18.9764557, -18.976511
1541.169999999999, -19.0159092, -19.0175304, -19.0193844, -19.0200481, -19.0176735, -19.0160923, -19.0156574, -19.0159416, -19.0157719, -19.0159225
1541.179999999999, -19.0471382, -19.0472431, -19.0472641, -19.0475197, -19.0473194, -19.0475826, -19.047945, -19.0477695, -19.0485554, -19.0480671
1541.189999999999, -19.0671749, -19.0668869, -19.0662689, -19.0679245, -19.0676918, -19.0680313, -19.0676079, -19.0679245, -19.0677624, -19.0684929
1541.199999999999, -19.0742645, -19.0747566, -19.0744648, -19.0756454, -19.0757561, -19.0780792, -19.0766068, -19.0769691, -19.0758934, -19.0774021
1541.209999999999, -19.0594673, -19.0595531, -19.0594959, -19.058712, -19.0611458, -19.0619926, -19.0611744, -19.060791, -19.0592365, -19.0590534
1541.219999999999, -19.0398445, -19.0402813, -19.0407276, -19.0408611, -19.0394173, -19.0408115, -19.041317, -19.0420055, -19.0416183, -19.0434608
1541.2299999999989, -19.0156746, -19.0154209, -19.015686, -19.0146484, -19.0151997, -19.0161934, -19.0148468, -19.014101, -19.0144596, -19.0154495
1541.2399999999989, -18.9764977, -18.9753151, -18.9740582, -18.9744244, -18.9740467, -18.9747143, -18.9742031, -18.9747314, -18.9740601, -18.9742508
1541.2499999999989, -18.9327469, -18.9322529, -18.9307041, -18.9295979, -18.9313278, -18.9299603, -18.9291172, -18.9285316, -18.9285851, -18.9299221
1541.2599999999989, -18.880867, -18.8811874, -18.8797226, -18.8796101, -18.8789425, -18.8783798, -18.8794804, -18.8785305, -18.877779, -18.8774719
1541.2699999999988, -18.8398647, -18.8395748, -18.8393536, -18.8404465, -18.841423, -18.8408337, -18.8414383, -18.8412838, -18.8402729, -18.8395634
1541.2799999999988, -18.807663, -18.8087502, -18.8079834, -18.8090839, -18.8082256, -18.8074532, -18.8079472, -18.808363, -18.8076019, -18.8077831
1541.2899999999988, -18.7793732, -18.7789593, -18.7790089, -18.7797318, -18.780838, -18.7820435, -18.7798862, -18.7796001, -18.7796535, -18.7820225
1541.2999999999988, -18.7628479, -18.7630901, -18.7623234, -18.762331, -18.7627602, -18.7638779, -18.7628078, -18.7632484, -18.7618179, -18.7620945
1541.3099999999988, -18.7623711, -18.7609196, -18.7604408, -18.7604465, -18.7603531, -18.7603016, -18.760891, -18.7614155, -18.7617207, -18.7628613
1541.3199999999988, -18.774334, -18.7760811, -18.7794685, -18.7792969, -18.7782516, -18.7758121, -18.7753296, -18.7755699, -18.775631, -18.77565
1541.3299999999988, -18.787693, -18.7877293, -18.788784, -18.788332, -18.7884064, -18.7878952, -18.787241, -18.7871227, -18.7874908, -18.7874546
1541.3399999999988, -18.8127022, -18.8158531, -18.8193836, -18.819952, -18.8171978, -18.8123035, -18.8113537, -18.8124523, -18.811821, -18.8127785
1541.3499999999988, -18.8383732, -18.839468, -18.839201, -18.8391514, -18.8390675, -18.8388729, -18.8390255, -18.8391857, -18.8402805, -18.8391666
1541.3599999999988, -18.8690987, -18.8677425, -18.8678513, -18.8673477, -18.8682289, -18.8693237, -18.8695774, -18.8689499, -18.8694153, -18.867445
1541.3699999999988, -18.8967094, -18.895565, -18.896843, -18.8974495, -18.8970623, -18.8952713, -18.8960133, -18.8963108, -18.8962879, -18.8966312
1541.3799999999987, -18.927412, -18.9266281, -18.9262981, -18.9259872, -18.9264259, -18.9260483, -18.9259624, -18.9259205, -18.9268436, -18.9267521
1541.3899999999987, -18.9515476, -18.9515553, -18.950489, -18.9510956, -18.9520397, -18.952282, -18.9522438, -18.9524975, -18.9505692, -18.9517708
1541.3999999999987, -18.9713955, -18.9717255, -18.9736099, -18.9729939, -18.9712982, -18.9715366, -18.9716702, -18.9724464, -18.971817, -18.9726696
1541.4099999999987, -18.988636, -18.9883404, -18.9872551, -18.9866066, -18.9871788, -18.9871578, -18.9881096, -18.9873943, -18.9875393, -18.9878292
1541.4199999999987, -18.9982815, -18.9975128, -18.9980583, -18.998394, -18.997448, -18.9960461, -18.9971905, -18.9973125, -18.9985809, -18.9982281
1541.4299999999987, -18.9964447, -18.994957, -18.994627, -18.9950905, -18.9948177, -18.9957104, -18.9949112, -18.9963455, -18.9953537, -18.9948139
1541.4399999999987, -18.9905052, -18.9894791, -18.9900513, -18.9905529, -18.992588, -18.9919052, -18.9916859, -18.991827, -18.9917984, -18.9921932
1541.4499999999987, -18.9794331, -18.9798126, -18.9797897, -18.9783878, -18.9794445, -18.9791088, -18.9798489, -18.9796925, -18.978344, -18.9776554
1541.4599999999987, -18.9592628, -18.9602509, -18.9615765, -18.9610786, -18.9608116, -18.9614124, -18.9607563, -18.9606323, -18.9617558, -18.9635277
1541.4699999999987, -18.9440746, -18.944643, -18.943428, -18.9426327, -18.9424801, -18.9435329, -18.9433994, -18.9422531, -18.9426632, -18.9420986
1541.4799999999987, -18.9070587, -18.9077873, -18.9080849, -18.9076939, -18.9063854, -18.9067249, -18.9331455, -18.9443913, -18.9307079, -18.9187565
1541.4899999999986, -18.8784389, -18.8768272, -18.8775311, -18.8790588, -18.8789349, -18.8779621, -18.8768291, -18.8773632, -18.8776836, -18.8764057
1541.4999999999986, -18.8551044, -18.853714, -18.8521099, -18.8515015, -18.8529892, -18.8529987, -18.8530846, -18.8522167, -18.8505821, -18.8488617
1541.5099999999986, -18.8246231, -18.8241463, -18.8242683, -18.8244076, -18.82547, -18.825655, -18.8252659, -18.824789, -18.8252201, -18.8250465
1541.5199999999986, -18.8140278, -18.8145561, -18.8143578, -18.8137531, -18.8137093, -18.8132725, -18.8143864, -18.8140163, -18.8138981, -18.8129711
1541.5299999999986, -18.8044529, -18.8043003, -18.8051853, -18.8058643, -18.80476, -18.8066273, -18.8066483, -18.8047047, -18.8035011, -18.8043747
1541.5399999999986, -18.8007622, -18.7996101, -18.7993984, -18.7996559, -18.7996979, -18.80089, -18.8011246, -18.8012619, -18.8001251, -18.7984161
1541.5499999999986, -18.8148746, -18.8147621, -18.8143158, -18.8148804, -18.8142357, -18.8148422, -18.8147964, -18.8154507, -18.8153973, -18.8158989
1541.5599999999986, -18.8439674, -18.8440819, -18.8439827, -18.8431416, -18.8434639, -18.843811, -18.8433285, -18.8441925, -18.8437233, -18.8427258
1541.5699999999986, -18.873888, -18.8748074, -18.8744335, -18.8734055, -18.8728962, -18.8747311, -18.8821011, -18.8826427, -18.8866978, -18.881424
1541.5799999999986, -18.9104271, -18.9112549, -18.9122486, -18.9121704, -18.9105568, -18.910574, -18.9099541, -18.9088287, -18.9099312, -18.9104042
1541.5899999999986, -18.9535084, -18.9536915, -18.9547443, -18.9548702, -18.9531174, -18.9547424, -18.95434, -18.9528027, -18.9529743, -18.9534168
1541.5999999999985, -18.9914188, -18.991209, -18.9915485, -18.9921913, -18.9926186, -18.9916458, -18.9919395, -18.9917393, -18.992054, -18.9928913
1541.6099999999985, -19.0331669, -19.0337353, -19.0337772, -19.0342007, -19.0334015, -19.0332336, -19.032938, -19.03335, -19.0335846, -19.0329437
1541.6199999999985, -19.0332813, -19.033371, -19.0323105, -19.031826, -19.0313511, -19.0315304, -19.0313511, -19.0320644, -19.0325813, -19.0330257
1541.6299999999985, -19.0825233, -19.0822544, -19.0824203, -19.082531, -19.0832062, -19.0834637, -19.082943, -19.0819759, -19.0826263, -19.0829086
1541.6399999999985, -19.0993233, -19.1012421, -19.1005726, -19.1010342, -19.1001854, -19.099844, -19.0995464, -19.099308, -19.0998058, -19.0994701
1541.6499999999985, -19.1019039, -19.1018715, -19.1014252, -19.1019211, -19.1034298, -19.1020451, -19.1021481, -19.1024685, -19.1021156, -19.1014271
1541.6599999999985, -19.088047, -19.0883274, -19.0889339, -19.0876904, -19.0876465, -19.0876026, -19.0895329, -19.0893784, -19.0896034, -19.0899944
1541.6699999999985, -19.0677261, -19.068367, -19.0681324, -19.0673752, -19.06777, -19.0681076, -19.0677891, -19.0678005, -19.066824, -19.0668221
1541.6799999999985, -19.0291958, -19.029438, -19.0288868, -19.0290852, -19.0281372, -19.028656, -19.0293961, -19.0280628, -19.0288029, -19.0287991
1541.6899999999985, -18.9874268, -18.9877033, -18.9859333, -18.9858646, -18.9856033, -18.9852715, -18.9851933, -18.985672, -18.9858665, -18.9849052
1541.6999999999985, -18.9446964, -18.946106, -18.944931, -18.9441776, -18.9476166, -18.9479904, -18.9454327, -18.9444408, -18.9446621, -18.9450836
1541.7099999999984, -18.8989811, -18.8994808, -18.9003983, -18.9006977, -18.9013081, -18.8973866, -18.8974133, -18.8979874, -18.8974419, -18.8977566
1541.7199999999984, -18.8651047, -18.8647671, -18.8637123, -18.863266, -18.8642044, -18.8656254, -18.8670254, -18.8657055, -18.8653336, -18.8659019
1541.7299999999984, -18.8463173, -18.8443012, -18.844698, -18.8438816, -18.8468933, -18.8461781, -18.8452759, -18.844902, -18.8444176, -18.8439236
1541.7399999999984, -18.8311863, -18.8313713, -18.8312454, -18.8319149, -18.8359528, -18.8432255, -18.8434849, -18.8444538, -18.8407211, -18.8439465
1541.7499999999984, -18.842001, -18.8423538, -18.8422012, -18.8407421, -18.8405342, -18.8406219, -18.8411617, -18.8416138, -18.8421154, -18.8423214
1541.7599999999984, -18.8690987, -18.8689404, -18.8694305, -18.8700428, -18.8703022, -18.8699417, -18.8697662, -18.8685513, -18.8679562, -18.8682861
1541.7699999999984, -18.8993263, -18.899271, -18.8988037, -18.8995037, -18.899601, -18.8987141, -18.8988914, -18.8992691, -18.8989792, -18.9000111
1541.7799999999984, -18.935709, -18.9347496, -18.9348831, -18.9351788, -18.93466, -18.9349899, -18.93536, -18.9360867, -18.9363441, -18.9351463
1541.7899999999984, -18.9717693, -18.9717579, -18.9726772, -18.9734879, -18.9734325, -18.9729633, -18.9723988, -18.9723091, -18.9714642, -18.9720497
1541.7999999999984, -19.0020447, -19.0019646, -19.0028324, -19.0034027, -19.0033092, -19.0028572, -19.0027065, -19.0025234, -19.0024624, -19.0021954
1541.8099999999984, -19.0209446, -19.0208149, -19.0203056, -19.021143, -19.0235729, -19.0239906, -19.0246029, -19.0240021, -19.0240307, -19.0226498
1541.8199999999983, -19.0288773, -19.0280933, -19.0280914, -19.0274315, -19.0271015, -19.0271988, -19.027441, -19.028492, -19.0285587, -19.0278587
1541.8299999999983, -19.0150299, -19.0155163, -19.0158215, -19.0143986, -19.0140495, -19.0142822, -19.0154572, -19.0162544, -19.0151844, -19.0150299
1541.8399999999983, -18.9845161, -18.9836254, -18.9843159, -18.9848671, -18.9850121, -18.9848804, -18.9844494, -18.9846859, -18.9846649, -18.9861259
1541.8499999999983, -18.9509029, -18.9511127, -18.9509163, -18.9508801, -18.9512863, -18.9528408, -18.9543915, -18.9553013, -18.9553528, -18.957737
1541.8599999999983, -18.9135952, -18.9133453, -18.9110241, -18.909214, -18.9077816, -18.9064503, -18.9065895, -18.9064198, -18.9058361, -18.9060745
1541.8699999999983, -18.8526497, -18.8533058, -18.8534069, -18.8521519, -18.8535404, -18.8551006, -18.8593197, -18.8671665, -18.8639851, -18.8587761
1541.8799999999983, -18.8193588, -18.8173389, -18.8171654, -18.8169956, -18.818161, -18.818306, -18.8183727, -18.8166466, -18.8161201, -18.8156853
1541.8899999999983, -18.7877693, -18.7875385, -18.7873192, -18.7885838, -18.7890816, -18.7870426, -18.7871323, -18.7895241, -18.7887058, -18.7885246
1541.8999999999983, -18.7893143, -18.7900085, -18.7902412, -18.7910843, -18.790144, -18.7905579, -18.7917194, -18.7925949, -18.7957249, -18.7980118
1541.9099999999983, -18.8232784, -18.8228951, -18.8222923, -18.8218746, -18.8209591, -18.8209343, -18.8223953, -18.8230972, -18.8237019, -18.822731
1541.9199999999983, -18.8769684, -18.8768635, -18.8775826, -18.8772469, -18.8762627, -18.8757, -18.8767586, -18.878479, -18.8768883, -18.8777599
1541.9299999999982, -18.9802322, -18.9820614, -18.9807892, -18.978756, -18.978653, -18.9785843, -18.9797478, -18.9811649, -18.9804325, -18.9801998
1541.9399999999982, -19.0887337, -19.0894566, -19.0900574, -19.0902786, -19.0897083, -19.0893478, -19.0896683, -19.0896015, -19.0906315, -19.0908756
1541.9499999999982, -19.214777, -19.214674, -19.2150803, -19.2134571, -19.2140198, -19.2136345, -19.2132511, -19.2138386, -19.2143421, -19.2147675
1541.9599999999982, -19.2135296, -19.2147636, -19.2151794, -19.2162514, -19.2157955, -19.2163086, -19.2162685, -19.2153835, -19.2156239, -19.2150154
1541.9699999999982, -19.4018745, -19.4018135, -19.4021244, -19.4014225, -19.4013119, -19.4010906, -19.4014435, -19.4019146, -19.4025307, -19.4025326
1541.9799999999982, -19.4563332, -19.4565868, -19.457674, -19.4575768, -19.4571533, -19.4574623, -19.4580364, -19.4577084, -19.4570808, -19.4567604
1541.9899999999982, -19.5065365, -19.5062122, -19.5061378, -19.5061493, -19.5061417, -19.5064793, -19.5066738, -19.5074253, -19.5072937, -19.5082722
1541.9999999999982, -19.6011791, -19.6024647, -19.6015301, -19.6000156, -19.6006451, -19.6000404, -19.600605, -19.6010323, -19.6014862, -19.601347
1542.0099999999982, -19.7778931, -19.7778912, -19.7786064, -19.7791901, -19.7797184, -19.7791939, -19.780283, -19.7793312, -19.7790394, -19.7784233
1542.0199999999982, -19.923975, -19.924221, -19.925478, -19.9245739, -19.9241352, -19.9304256, -19.9388866, -19.9373131, -19.9309883, -19.9288902
1542.0299999999982, -19.8584938, -19.8572464, -19.8569279, -19.8577938, -19.8584843, -19.8588276, -19.8589249, -19.8573418, -19.8570995, -19.8564072
1542.0399999999981, -19.6128731, -19.6154213, -19.6156254, -19.6145496, -19.6143627, -19.6145287, -19.6135941, -19.6140919, -19.6141224, -19.6147404
1542.0499999999981, -19.4241371, -19.4230804, -19.4232044, -19.4223995, -19.4232769, -19.4229832, -19.4224739, -19.4215794, -19.4216404, -19.420723
1542.0599999999981, -19.3307629, -19.3312874, -19.3301277, -19.3299255, -19.330759, -19.3350964, -19.337244, -19.3388729, -19.3379955, -19.3337135
1542.0699999999981, -19.3058872, -19.3052921, -19.3060188, -19.3062305, -19.3062649, -19.3068562, -19.3065891, -19.3082409, -19.3061066, -19.3062744
1542.079999999998, -19.2885189, -19.2878571, -19.2874203, -19.2875233, -19.2873573, -19.2875862, -19.2868004, -19.2874146, -19.2881966, -19.2876663
1542.089999999998, -19.2518044, -19.2518902, -19.2526302, -19.2529888, -19.253479, -19.2535553, -19.2529621, -19.2529354, -19.2526169, -19.2532101
1542.099999999998, -19.1931801, -19.1928616, -19.1922245, -19.1915474, -19.191206, -19.1930733, -19.1917458, -19.1910992, -19.1941319, -19.1969223
1542.109999999998, -19.1201515, -19.1197758, -19.1197166, -19.1199665, -19.1193352, -19.1182022, -19.1191063, -19.1189556, -19.1190929, -19.1187439
1542.119999999998, -19.0314426, -19.0313454, -19.0320396, -19.0293751, -19.0309124, -19.0318184, -19.0312748, -19.0296001, -19.0296116, -19.0317078
1542.129999999998, -18.9504375, -18.9505062, -18.9511089, -18.9502182, -18.9521236, -18.9512882, -18.949295, -18.9481182, -18.9478626, -18.9481907
1542.139999999998, -18.8733521, -18.8735847, -18.872366, -18.871645, -18.871645, -18.8722248, -18.8720379, -18.8723564, -18.8720493, -18.8716049
1542.149999999998, -18.8190441, -18.817852, -18.8183193, -18.8176517, -18.8174152, -18.8172112, -18.8175049, -18.8176079, -18.8183517, -18.8191414
1542.159999999998, -18.7830887, -18.7821751, -18.7809219, -18.7817192, -18.782795, -18.7831898, -18.7827587, -18.7813892, -18.7806244, -18.7811928
1542.169999999998, -18.7680244, -18.7674294, -18.7662334, -18.7660999, -18.7668076, -18.7673721, -18.7675762, -18.767992, -18.7666531, -18.766283
1542.179999999998, -18.767437, -18.7674427, -18.7690525, -18.7700214, -18.7704258, -18.769556, -18.7681103, -18.7673588, -18.7686977, -18.7701492
1542.189999999998, -18.7782269, -18.7778664, -18.778017, -18.7770748, -18.7768078, -18.7769394, -18.7776833, -18.7785149, -18.7778931, -18.7772064
1542.199999999998, -18.7976112, -18.797678, -18.7983055, -18.7979336, -18.7978325, -18.7981567, -18.7972527, -18.7969437, -18.7971306, -18.7976112
1542.209999999998, -18.8301105, -18.830162, -18.8297081, -18.8297634, -18.8302021, -18.8300629, -18.8302574, -18.8297577, -18.8303452, -18.8306198
1542.219999999998, -18.8595943, -18.8585625, -18.8600063, -18.8597622, -18.8600712, -18.8596859, -18.8589802, -18.85816, -18.8580551, -18.8576756
1542.229999999998, -18.8862019, -18.8844891, -18.884306, -18.8854866, -18.8853302, -18.8857765, -18.8854923, -18.8847771, -18.8843384, -18.8851833
1542.239999999998, -18.9123783, -18.9121113, -18.9117966, -18.9104939, -18.9101315, -18.9099655, -18.909544, -18.9094162, -18.9092445, -18.9092216
1542.249999999998, -18.9295311, -18.929245, -18.9287167, -18.9281635, -18.9285049, -18.9282818, -18.928175, -18.9280777, -18.9282417, -18.9285069
1542.259999999998, -18.937027, -18.9365616, -18.936552, -18.9367161, -18.9369907, -18.9367638, -18.9378242, -18.9359493, -18.9362354, -18.9364815
1542.269999999998, -18.9406452, -18.940485, -18.9403191, -18.9399815, -18.9399548, -18.939024, -18.9401321, -18.9401417, -18.9404392, -18.9403915
1542.279999999998, -18.9315414, -18.9305611, -18.9310589, -18.9320602, -18.9319, -18.9321556, -18.9353733, -18.9366417, -18.9363747, -18.936697
1542.289999999998, -18.9163666, -18.9165668, -18.9192924, -18.9215126, -18.9220333, -18.9217243, -18.9222126, -18.9220753, -18.9223003, -18.9225655
1542.299999999998, -18.8909607, -18.8901653, -18.8895874, -18.8886242, -18.8890228, -18.8890285, -18.8895302, -18.8901958, -18.8897762, -18.8903961
1542.309999999998, -18.8572845, -18.8573112, -18.8577614, -18.8582001, -18.8578873, -18.8580437, -18.8581676, -18.8582783, -18.8585339, -18.8583488
1542.319999999998, -18.8198891, -18.8190117, -18.8191986, -18.8192997, -18.819418, -18.8193626, -18.8204079, -18.8234997, -18.8231926, -18.8240776
1542.3299999999979, -18.7799549, -18.7815609, -18.78269, -18.7800255, -18.7794209, -18.7797241, -18.7797031, -18.7792072, -18.7804661, -18.7801571
1542.3399999999979, -18.7368031, -18.7364788, -18.7363682, -18.7365837, -18.7376022, -18.7377319, -18.7378216, -18.7376976, -18.7378235, -18.738121
1542.3499999999979, -18.7025089, -18.7025108, -18.7020969, -18.7016735, -18.7022629, -18.7025356, -18.7020855, -18.7014046, -18.7019749, -18.7029324
1542.3599999999979, -18.6713943, -18.6730785, -18.671854, -18.6715946, -18.6714096, -18.6718903, -18.6731453, -18.6723537, -18.6712933, -18.6713047
1542.3699999999978, -18.6551952, -18.6555271, -18.6561489, -18.6556969, -18.6560822, -18.656992, -18.6557484, -18.6549759, -18.6543064, -18.6538887
1542.3799999999978, -18.6522388, -18.6523552, -18.65201, -18.6523094, -18.6510448, -18.6505356, -18.6506519, -18.6505413, -18.65061, -18.6506824
1542.3899999999978, -18.660841, -18.6607952, -18.6607914, -18.6612587, -18.6606865, -18.6598434, -18.6593323, -18.6591072, -18.6600189, -18.6592674
1542.3999999999978, -18.675005, -18.6754093, -18.675396, -18.6749363, -18.6737461, -18.6745625, -18.6738434, -18.6749535, -18.6734791, -18.6741409
1542.4099999999978, -18.7060032, -18.7065639, -18.7062912, -18.706852, -18.7066631, -18.7068501, -18.7063942, -18.7065315, -18.7062492, -18.7062817
1542.4199999999978, -18.7394753, -18.7392883, -18.739378, -18.7388783, -18.7393646, -18.7403145, -18.7394238, -18.7395058, -18.7391224, -18.738575
1542.4299999999978, -18.7773132, -18.7774315, -18.7776489, -18.7772999, -18.7775002, -18.7768288, -18.7775993, -18.7775135, -18.7767525, -18.7772617
1542.4399999999978, -18.8177338, -18.8173466, -18.8169174, -18.8170586, -18.8173313, -18.8170776, -18.8163605, -18.8163795, -18.8163662, -18.8165474
1542.4499999999978, -18.8576107, -18.8578167, -18.8577557, -18.8584957, -18.8585033, -18.858305, -18.856926, -18.8558235, -18.8563137, -18.8570099
1542.4599999999978, -18.8929043, -18.8920517, -18.8916225, -18.8919125, -18.8921986, -18.8924885, -18.8919888, -18.8929024, -18.8924904, -18.8929157
1542.4699999999978, -18.9196587, -18.9192333, -18.9199314, -18.9212284, -18.9202862, -18.9191608, -18.9197407, -18.9208374, -18.9211998, -18.922617
1542.4799999999977, -18.9351139, -18.9351349, -18.9350834, -18.9345894, -18.9341221, -18.9355984, -18.9351406, -18.9354553, -18.9355164, -18.9354076
1542.4899999999977, -18.9399452, -18.9415741, -18.9413834, -18.941082, -18.940361, -18.9417934, -18.9449024, -18.9498329, -18.9489117, -18.9444313
1542.4999999999977, -18.9330502, -18.9332352, -18.9341183, -18.9338932, -18.9337673, -18.9333038, -18.9336338, -18.9322548, -18.9329414, -18.9341049
1542.5099999999977, -18.9142971, -18.9134655, -18.9122314, -18.9121628, -18.9107933, -18.9120579, -18.9120998, -18.9119549, -18.9121056, -18.9125633
1542.5199999999977, -18.8825779, -18.8823166, -18.881403, -18.8812904, -18.8817825, -18.8824978, -18.8823357, -18.882616, -18.8823738, -18.8815804
1542.5299999999977, -18.843008, -18.8434086, -18.8432865, -18.8433495, -18.8433743, -18.8432751, -18.8430748, -18.8431263, -18.8433781, -18.844696
1542.5399999999977, -18.8060474, -18.8057213, -18.8044109, -18.8042336, -18.8048344, -18.8069401, -18.805872, -18.803957, -18.8041916, -18.8038445
1542.5499999999977, -18.7641888, -18.7641068, -18.7648544, -18.7678509, -18.7711754, -18.7712727, -18.7710934, -18.7699947, -18.7704506, -18.7708817
1542.5599999999977, -18.7293129, -18.7294083, -18.7296162, -18.7296181, -18.7301636, -18.7295551, -18.7296295, -18.7299328, -18.7294502, -18.7294922
1542.5699999999977, -18.7039356, -18.7058907, -18.7045269, -18.703928, -18.7035236, -18.7029057, -18.7038708, -18.7036533, -18.7037811, -18.7040005
1542.5799999999977, -18.6882839, -18.6886024, -18.6890507, -18.6890793, -18.6889515, -18.6886883, -18.6886902, -18.6888809, -18.6883793, -18.6888332
1542.5899999999976, -18.685236, -18.6830158, -18.6830769, -18.6827564, -18.6822472, -18.6825447, -18.6821499, -18.6828785, -18.6825562, -18.6825695
1542.5999999999976, -18.6967697, -18.6961365, -18.6967697, -18.6960316, -18.6953831, -18.6955814, -18.6953831, -18.6954994, -18.6955853, -18.6952057
1542.6099999999976, -18.7213669, -18.7216778, -18.7217979, -18.7216797, -18.7215557, -18.7219124, -18.7212791, -18.7211132, -18.7223606, -18.7219143
1542.6199999999976, -18.7490616, -18.7487526, -18.7490139, -18.7488594, -18.7485466, -18.7477779, -18.7487106, -18.7492828, -18.7500935, -18.749155
1542.6299999999976, -18.7923336, -18.7923145, -18.7923279, -18.792944, -18.7932854, -18.7927723, -18.7924862, -18.7925873, -18.7925053, -18.7924175
1542.6399999999976, -18.83004, -18.8300247, -18.8300762, -18.8303585, -18.8304844, -18.830265, -18.8305664, -18.8304253, -18.8308296, -18.8311138
1542.6499999999976, -18.8761082, -18.8753395, -18.874958, -18.8739662, -18.8733692, -18.8741035, -18.8736153, -18.8732147, -18.8733635, -18.8729706
1542.6599999999976, -18.9021282, -18.9025288, -18.9033928, -18.90481, -18.9030342, -18.9020157, -18.9020805, -18.9019871, -18.9025688, -18.9030685
1542.6699999999976, -18.9240913, -18.9230804, -18.9226418, -18.9220638, -18.921526, -18.9224262, -18.9218121, -18.9213448, -18.9212093, -18.9211636
1542.6799999999976, -18.9207726, -18.9223747, -18.9227123, -18.9227905, -18.922617, -18.9223461, -18.9229393, -18.9227219, -18.9218197, -18.921833
1542.6899999999976, -18.9023838, -18.9025898, -18.9025211, -18.9029922, -18.9042645, -18.9046612, -18.9057751, -18.905405, -18.9054508, -18.9056759
1542.6999999999975, -18.8683872, -18.8683395, -18.8686485, -18.868227, -18.8687534, -18.8693447, -18.8685055, -18.8687916, -18.8684597, -18.8684101
1542.7099999999975, -18.8106441, -18.8108463, -18.8103485, -18.8109055, -18.8108578, -18.8105469, -18.8101654, -18.8110218, -18.8102112, -18.8109131
1542.7199999999975, -18.7553921, -18.7553368, -18.7554379, -18.7547951, -18.7549038, -18.7544613, -18.7551117, -18.7553177, -18.7551575, -18.7550831
1542.7299999999975, -18.6860924, -18.6851826, -18.6854, -18.6849689, -18.6844616, -18.684824, -18.6852379, -18.6867657, -18.6859932, -18.6853409
1542.7399999999975, -18.6303501, -18.6300869, -18.6308727, -18.6313305, -18.630579, -18.6307011, -18.6319199, -18.6314964, -18.6316185, -18.630928
1542.7499999999975, -18.5805798, -18.5812702, -18.5805416, -18.5802555, -18.5816631, -18.581707, -18.5812035, -18.5814686, -18.5810699, -18.5826817
1542.7599999999975, -18.5522671, -18.5516758, -18.5517082, -18.5514088, -18.5509987, -18.5515213, -18.5523338, -18.5522652, -18.5514469, -18.5520115
1542.7699999999975, -18.5446262, -18.543581, -18.5428581, -18.5421581, -18.5425835, -18.5427055, -18.54352, -18.5432873, -18.5434322, -18.543026
1542.7799999999975, -18.5584183, -18.5581341, -18.5581779, -18.5580177, -18.5575542, -18.5579891, -18.5577679, -18.5570602, -18.5573673, -18.5571346
1542.7899999999975, -18.5845966, -18.5850067, -18.5849266, -18.5848713, -18.5840454, -18.5835285, -18.5832634, -18.5833073, -18.5834522, -18.584116
1542.7999999999975, -18.6224041, -18.6236591, -18.62286, -18.6238785, -18.6240406, -18.6234035, -18.6220684, -18.6212139, -18.6215611, -18.622036
1542.8099999999974, -18.6673164, -18.6667747, -18.6675854, -18.6676369, -18.6677151, -18.6675415, -18.6669235, -18.6667862, -18.6675053, -18.6668682
1542.8199999999974, -18.7086163, -18.7079525, -18.7077904, -18.7075291, -18.7091522, -18.7089558, -18.7089539, -18.7081947, -18.708662, -18.7089634
1542.8299999999974, -18.749361, -18.7497578, -18.7501011, -18.7498875, -18.7489967, -18.7488403, -18.7488155, -18.7496281, -18.7499943, -18.7510624
1542.8399999999974, -18.7842693, -18.7837315, -18.783699, -18.7834206, -18.7835827, -18.7849236, -18.7847767, -18.784586, -18.7835102, -18.7832298
1542.8499999999974, -18.8081799, -18.8083458, -18.8093395, -18.8090706, -18.8086376, -18.808363, -18.8086491, -18.8082542, -18.8087387, -18.8088551
1542.8599999999974, -18.8212528, -18.82057, -18.8206825, -18.8208733, -18.8213196, -18.8227882, -18.8227406, -18.822113, -18.8221283, -18.822752
1542.8699999999974, -18.8179932, -18.8182507, -18.8171844, -18.8172226, -18.8167706, -18.8167, -18.8163013, -18.816328, -18.8169556, -18.8174362
1542.8799999999974, -18.807766, -18.807415, -18.8076591, -18.8076096, -18.8080254, -18.8083687, -18.8076401, -18.8084259, -18.8079453, -18.8077774
1542.8899999999974, -18.7806664, -18.7809772, -18.7806377, -18.7807255, -18.7815342, -18.7805462, -18.7810879, -18.781271, -18.7808094, -18.7812519
1542.8999999999974, -18.7460442, -18.7463207, -18.7466278, -18.7461376, -18.7470646, -18.7465115, -18.7462387, -18.7465878, -18.7470493, -18.7471294
1542.9099999999974, -18.7017441, -18.7014065, -18.7015896, -18.7015858, -18.7022209, -18.7021217, -18.7019081, -18.7019215, -18.7025394, -18.7028828
1542.9199999999973, -18.664629, -18.6643791, -18.6641579, -18.6650944, -18.6641121, -18.6644363, -18.6640224, -18.66399, -18.6643524, -18.6647034
1542.9299999999973, -18.6226883, -18.6230679, -18.6229401, -18.6226406, -18.6230011, -18.622612, -18.6233006, -18.6229401, -18.6225204, -18.6218452
1542.9399999999973, -18.5955887, -18.5946846, -18.5948029, -18.5960846, -18.5965786, -18.5959187, -18.5943718, -18.5937328, -18.5940609, -18.5947914
1542.9499999999973, -18.5657368, -18.5672817, -18.5667706, -18.5648937, -18.5638981, -18.5647678, -18.5683212, -18.5679169, -18.5674362, -18.567976
1542.9599999999973, -18.5634003, -18.5638618, -18.563343, -18.5638618, -18.5638981, -18.5636139, -18.5630322, -18.5632019, -18.5637302, -18.5633259
1542.9699999999973, -18.570858, -18.5711384, -18.5717945, -18.5711594, -18.5717106, -18.5713387, -18.5712852, -18.5721054, -18.5717506, -18.5718632
1542.9799999999973, -18.5943661, -18.5944214, -18.595089, -18.5951862, -18.5957127, -18.5953674, -18.5946846, -18.5952263, -18.5954647, -18.5956554
1542.9899999999973, -18.6245956, -18.624691, -18.625761, -18.6258068, -18.6258888, -18.6253376, -18.6255741, -18.6259785, -18.6257668, -18.6254692
1542.9999999999973, -18.6588726, -18.6579475, -18.6582813, -18.6579342, -18.6571655, -18.6577873, -18.6577072, -18.6579571, -18.6564178, -18.6580601
1543.0099999999973, -18.6991291, -18.6990376, -18.699337, -18.6992817, -18.6992283, -18.6996307, -18.6997128, -18.6991291, -18.6992607, -18.6988602
1543.0199999999973, -18.7394791, -18.7385025, -18.738224, -18.7381573, -18.7390327, -18.7399197, -18.7391987, -18.7382202, -18.7372246, -18.737421
1543.0299999999972, -18.7758465, -18.7761135, -18.7768078, -18.7772007, -18.7776489, -18.7770786, -18.7773762, -18.7767391, -18.7759895, -18.7758408
1543.0399999999972, -18.8005276, -18.8005829, -18.8025608, -18.8050098, -18.8052006, -18.804697, -18.8069553, -18.8058357, -18.8052139, -18.80546
1543.0499999999972, -18.8296814, -18.8272991, -18.8265266, -18.8263969, -18.8264332, -18.8256969, -18.8250942, -18.8260689, -18.8263931, -18.8270016
1543.0599999999972, -18.8379936, -18.837944, -18.8380299, -18.8387833, -18.8386955, -18.8386116, -18.8389034, -18.838459, -18.8385887, -18.8385658
1543.0699999999972, -18.8433418, -18.8443127, -18.8438911, -18.8430119, -18.8427696, -18.8427467, -18.8425598, -18.8433437, -18.8439789, -18.843153
1543.0799999999972, -18.8383408, -18.8384819, -18.8392029, -18.8389874, -18.8390293, -18.8390942, -18.8391838, -18.8391438, -18.8390598, -18.8394737
1543.0899999999972, -18.8191605, -18.8201828, -18.8201218, -18.8199825, -18.8199425, -18.819849, -18.8209667, -18.8206921, -18.820303, -18.8209114
1543.0999999999972, -18.7951603, -18.7960892, -18.7958145, -18.7954617, -18.7958183, -18.7961273, -18.7964191, -18.7964191, -18.7967377, -18.7967682
1543.1099999999972, -18.7596493, -18.7597923, -18.7595959, -18.7610397, -18.7616806, -18.761261, -18.7611256, -18.7606907, -18.7607555, -18.7615643
1543.1199999999972, -18.7219658, -18.7229481, -18.7228546, -18.723299, -18.7231274, -18.7230854, -18.7235298, -18.7237377, -18.7237854, -18.7239342
1543.1299999999972, -18.6755009, -18.6757183, -18.675539, -18.6759415, -18.6760883, -18.6758919, -18.6763859, -18.6757793, -18.6765347, -18.6765175
1543.1399999999971, -18.6376953, -18.6373177, -18.6378002, -18.6378956, -18.6378956, -18.638031, -18.6383228, -18.6387253, -18.6393776, -18.6392517
1543.1499999999971, -18.5953636, -18.5956688, -18.5948277, -18.5948925, -18.5944576, -18.5944347, -18.595089, -18.595274, -18.5953445, -18.5952549
1543.1599999999971, -18.5594749, -18.5599461, -18.5612526, -18.5607719, -18.5607357, -18.5613251, -18.5609207, -18.5608559, -18.5614109, -18.5618324
1543.1699999999971, -18.5301514, -18.5293179, -18.5296173, -18.5296726, -18.5295219, -18.5294876, -18.5291653, -18.5291824, -18.5298691, -18.529295
1543.179999999997, -18.506073, -18.505764, -18.5059071, -18.506567, -18.5063267, -18.5061703, -18.5057449, -18.5068913, -18.5072231, -18.5070801
1543.189999999997, -18.4978123, -18.4970722, -18.4976597, -18.4981461, -18.4976139, -18.4975128, -18.4970436, -18.4971161, -18.4968529, -18.4970779
1543.199999999997, -18.5022812, -18.5030384, -18.5028, -18.5021801, -18.5018234, -18.5020542, -18.5024261, -18.5027256, -18.5017376, -18.5034561
1543.209999999997, -18.515543, -18.5152702, -18.5150928, -18.5156269, -18.5154705, -18.5151482, -18.5148067, -18.5150375, -18.5141487, -18.5138435
1543.219999999997, -18.5358524, -18.5358391, -18.535162, -18.5348015, -18.5356274, -18.5342693, -18.5341568, -18.5342064, -18.5340252, -18.5343151
1543.229999999997, -18.5675297, -18.5677643, -18.5677471, -18.5676594, -18.5673771, -18.5667477, -18.5658512, -18.5665607, -18.5668411, -18.5672722
1543.239999999997, -18.6001072, -18.6003876, -18.6010323, -18.6011086, -18.6003933, -18.5997314, -18.599741, -18.5994682, -18.5994225, -18.5996284
1543.249999999997, -18.6338329, -18.6346703, -18.6344337, -18.6340828, -18.6333733, -18.6338997, -18.6336823, -18.6341953, -18.6339607, -18.63484
1543.259999999997, -18.6674709, -18.6680126, -18.6677799, -18.6685066, -18.6680241, -18.6677933, -18.6680813, -18.6674328, -18.6672821, -18.6678543
1543.269999999997, -18.6985855, -18.6989136, -18.6989784, -18.6990013, -18.6988831, -18.7003098, -18.6988831, -18.6981888, -18.6991768, -18.6998672
1543.279999999997, -18.724432, -18.723381, -18.7232227, -18.7237873, -18.7249393, -18.7242527, -18.7246475, -18.7244167, -18.7243843, -18.724514
1543.289999999997, -18.7409782, -18.7400131, -18.7410221, -18.7420197, -18.7413349, -18.740963, -18.7409935, -18.7407703, -18.7399635, -18.7407951
1543.299999999997, -18.7459412, -18.7455101, -18.745985, -18.7463322, -18.7460136, -18.7454967, -18.7455349, -18.744875, -18.745882, -18.7454758
1543.309999999997, -18.7457714, -18.7460251, -18.7467766, -18.7461414, -18.74576, -18.7457371, -18.745863, -18.7459278, -18.7453499, -18.746664
1543.319999999997, -18.7234821, -18.7232018, -18.7234459, -18.7229805, -18.7234154, -18.7240734, -18.7233181, -18.7238045, -18.7236118, -18.723402
1543.329999999997, -18.6930656, -18.693182, -18.6929436, -18.6929951, -18.6922512, -18.6934261, -18.6920395, -18.6923161, -18.6932793, -18.6932507
1543.339999999997, -18.656229, -18.656992, -18.655941, -18.6563854, -18.6564293, -18.6572208, -18.6554489, -18.6547337, -18.6549988, -18.6547947
1543.349999999997, -18.6202221, -18.6201019, -18.6200314, -18.6196899, -18.6194878, -18.6201611, -18.6196995, -18.6198044, -18.6193123, -18.6196365
1543.359999999997, -18.5803604, -18.5790443, -18.5800552, -18.5826225, -18.5823574, -18.5813866, -18.5811348, -18.5813007, -18.581604, -18.5803318
1543.369999999997, -18.5373993, -18.5379066, -18.5376148, -18.5374107, -18.5377102, -18.5385685, -18.5381756, -18.5379639, -18.538599, -18.5387135
1543.379999999997, -18.5095673, -18.5097046, -18.5105705, -18.5098858, -18.5099277, -18.5089531, -18.5094738, -18.5100117, -18.5096531, -18.5098305
1543.389999999997, -18.489275, -18.487999, -18.4880638, -18.4888058, -18.4884148, -18.4879379, -18.4884396, -18.4890709, -18.4887638, -18.4899731
1543.399999999997, -18.4798431, -18.4795189, -18.4793396, -18.4789009, -18.4785995, -18.4790382, -18.4797001, -18.4794312, -18.4791088, -18.4791756
1543.409999999997, -18.4810257, -18.4808693, -18.4807949, -18.4807281, -18.4815464, -18.4818211, -18.4813385, -18.4807339, -18.4806747, -18.4804211
1543.419999999997, -18.4882774, -18.4887867, -18.4891415, -18.489193, -18.4887428, -18.488884, -18.4892845, -18.4896488, -18.4897804, -18.4899216
1543.4299999999969, -18.5115871, -18.5123711, -18.5127087, -18.5127239, -18.5126038, -18.5127544, -18.5130539, -18.5125294, -18.5125999, -18.5126801
1543.4399999999969, -18.5450478, -18.5442982, -18.5444317, -18.5449505, -18.545887, -18.5458755, -18.5453758, -18.5452728, -18.5452805, -18.5459232
1543.4499999999969, -18.5782604, -18.5764103, -18.575737, -18.576601, -18.5772533, -18.5782852, -18.5773354, -18.5757828, -18.5776253, -18.5783138
1543.4599999999969, -18.6178474, -18.6170063, -18.6170921, -18.6166191, -18.616291, -18.6165237, -18.617445, -18.617033, -18.6176701, -18.618454
1543.4699999999968, -18.6561394, -18.6553268, -18.6552086, -18.6543922, -18.6544113, -18.6547413, -18.6544266, -18.6548767, -18.6545105, -18.6521435
1543.4799999999968, -18.6864853, -18.6865597, -18.6853867, -18.6866989, -18.6874237, -18.6852741, -18.683836, -18.6822338, -18.6832981, -18.6852512
1543.4899999999968, -18.7089653, -18.7092743, -18.7099094, -18.7095947, -18.7091675, -18.7085266, -18.7058105, -18.7072792, -18.7076664, -18.7077065
1543.4999999999968, -18.7233772, -18.7231712, -18.7233715, -18.7234726, -18.7240334, -18.7241917, -18.7227688, -18.7224503, -18.7231693, -18.7232533
1543.5099999999968, -18.7237358, -18.7248478, -18.7263584, -18.725111, -18.7250385, -18.7251759, -18.7253265, -18.725378, -18.7261143, -18.726881
1543.5199999999968, -18.7077808, -18.7110596, -18.7116013, -18.7120132, -18.7116013, -18.711628, -18.7109852, -18.7126751, -18.7128811, -18.712759
1543.5299999999968, -18.6848755, -18.683115, -18.6836128, -18.6847858, -18.6803875, -18.6794701, -18.6803799, -18.6840878, -18.6828613, -18.6828117
1543.5399999999968, -18.6392727, -18.6383934, -18.6384926, -18.6383991, -18.6378345, -18.6382256, -18.6379128, -18.6360874, -18.6360035, -18.6364498
1543.5499999999968, -18.5896053, -18.590519, -18.5926819, -18.5923595, -18.5911312, -18.5917282, -18.5923233, -18.5906334, -18.5903988, -18.5909767
1543.5599999999968, -18.5349865, -18.5344543, -18.5343018, -18.5329514, -18.5336971, -18.533474, -18.5338898, -18.5327778, -18.5328579, -18.5331268
1543.5699999999968, -18.483139, -18.48283, -18.483036, -18.4825344, -18.4820442, -18.4816875, -18.4816208, -18.4812393, -18.4823799, -18.4832859
1543.5799999999967, -18.4449215, -18.4446125, -18.4437771, -18.4434757, -18.4449501, -18.4449272, -18.4448376, -18.4449635, -18.4443378, -18.4443588
1543.5899999999967, -18.4231014, -18.4227257, -18.4229717, -18.4230804, -18.4230461, -18.4237041, -18.4236126, -18.4232292, -18.4238682, -18.4243088
1543.5999999999967, -18.4211578, -18.4211044, -18.4212875, -18.4217072, -18.4227619, -18.4222679, -18.4227619, -18.4230003, -18.4226894, -18.4232655
1543.6099999999967, -18.4367771, -18.4350662, -18.4358044, -18.4358444, -18.4361687, -18.4360905, -18.4357338, -18.4359589, -18.435957, -18.4359016
1543.6199999999967, -18.4696388, -18.4688931, -18.4688377, -18.4700222, -18.4693012, -18.4677944, -18.4687271, -18.4697342, -18.4703999, -18.4700508
1543.6299999999967, -18.5062656, -18.5063782, -18.5067787, -18.5066986, -18.5065536, -18.506031, -18.5061798, -18.5053043, -18.5069046, -18.5077896
1543.6399999999967, -18.5537529, -18.5532436, -18.5536251, -18.5534286, -18.5540352, -18.5541039, -18.5544262, -18.5542336, -18.5542946, -18.5532341
1543.6499999999967, -18.5848541, -18.5851212, -18.5856647, -18.5856018, -18.5854816, -18.5856133, -18.5861301, -18.5857563, -18.5859108, -18.5856133
1543.6599999999967, -18.622118, -18.6225853, -18.6228199, -18.6228065, -18.6225948, -18.6224117, -18.6219006, -18.6219597, -18.6226196, -18.622797
1543.6699999999967, -18.6428051, -18.6427784, -18.6418629, -18.6422634, -18.6423168, -18.6428356, -18.643383, -18.6435471, -18.6433163, -18.6438427
1543.6799999999967, -18.6454258, -18.6451778, -18.6450157, -18.6453552, -18.647049, -18.646595, -18.6466579, -18.6462593, -18.6463051, -18.6464939
1543.6899999999966, -18.6424217, -18.6418953, -18.6423111, -18.6420898, -18.6425648, -18.6417408, -18.6413193, -18.6414547, -18.6409721, -18.6407604
1543.6999999999966, -18.6188755, -18.6188812, -18.6199703, -18.6197777, -18.6190948, -18.6197643, -18.6192646, -18.6195698, -18.6195698, -18.6197586
1543.7099999999966, -18.5850163, -18.5857029, -18.5854702, -18.5857792, -18.5858326, -18.5862522, -18.5861263, -18.5863037, -18.5857105, -18.585928
1543.7199999999966, -18.5409946, -18.5407562, -18.5409203, -18.540596, -18.541172, -18.5408535, -18.5411015, -18.5406113, -18.5406761, -18.5406361
1543.7299999999966, -18.5042267, -18.5039787, -18.503315, -18.5036392, -18.5030041, -18.5031967, -18.5019093, -18.5019169, -18.5009003, -18.5016289
1543.7399999999966, -18.4580555, -18.4567986, -18.4579849, -18.4582577, -18.4581318, -18.4580708, -18.4575462, -18.4582233, -18.4587612, -18.4588528
1543.7499999999966, -18.4236717, -18.4225464, -18.4228973, -18.422884, -18.4232941, -18.4232006, -18.4228497, -18.4225769, -18.4225025, -18.4225273
1543.7599999999966, -18.39534, -18.3955574, -18.3955956, -18.3963528, -18.3960495, -18.3957539, -18.3955002, -18.3954964, -18.3961258, -18.3964577
1543.7699999999966, -18.388916, -18.3892403, -18.3879452, -18.3881798, -18.3868885, -18.3875084, -18.3879547, -18.3877621, -18.3878593, -18.3880653
1543.7799999999966, -18.3949032, -18.3946552, -18.3948517, -18.3946609, -18.3948898, -18.395483, -18.3949661, -18.3951702, -18.3942184, -18.394495
1543.7899999999966, -18.4112625, -18.4119129, -18.411787, -18.4120884, -18.4116306, -18.4131985, -18.4127636, -18.4120159, -18.4129372, -18.4130154
1543.7999999999965, -18.4464893, -18.4464283, -18.4476318, -18.4481907, -18.4479847, -18.4482136, -18.4477177, -18.4480324, -18.4483929, -18.4486485
1543.8099999999965, -18.4829502, -18.4836426, -18.4833069, -18.483305, -18.4832497, -18.4827862, -18.4829845, -18.4830017, -18.4836502, -18.4841385
1543.8199999999965, -18.522419, -18.5225067, -18.5226116, -18.5228653, -18.5222492, -18.522316, -18.5222263, -18.5223484, -18.5223713, -18.5219803
1543.8299999999965, -18.5576324, -18.5585957, -18.5586662, -18.5580025, -18.5583229, -18.5593071, -18.5584908, -18.5577259, -18.5580521, -18.5587654
1543.8399999999965, -18.5961399, -18.5962734, -18.5960751, -18.5962639, -18.5952759, -18.5962048, -18.5958405, -18.5949383, -18.5941792, -18.5948429
1543.8499999999965, -18.6173496, -18.617445, -18.6177769, -18.6176548, -18.617918, -18.6172943, -18.6169739, -18.6175385, -18.6185913, -18.6168976
1543.8599999999965, -18.6323605, -18.6314011, -18.6325111, -18.631794, -18.6327667, -18.63237, -18.6329269, -18.6337128, -18.6337967, -18.6340199
1543.8699999999965, -18.6363354, -18.6368389, -18.6368771, -18.6370926, -18.6374397, -18.6379738, -18.6379509, -18.6376991, -18.6375809, -18.6379852
1543.8799999999965, -18.6355343, -18.6348171, -18.6354237, -18.6347771, -18.6341496, -18.6339188, -18.6340218, -18.6338367, -18.6354141, -18.6346264
1543.8899999999965, -18.6284523, -18.6273422, -18.6276016, -18.6281185, -18.6280403, -18.6277962, -18.6267834, -18.6267967, -18.627512, -18.6274338
1543.8999999999965, -18.6091557, -18.60919, -18.6086063, -18.6084061, -18.6078243, -18.6078987, -18.6083851, -18.607563, -18.6078453, -18.6082726
1543.9099999999964, -18.5833588, -18.5835381, -18.5835609, -18.583519, -18.5827465, -18.5823345, -18.5827255, -18.582943, -18.5826778, -18.5828876
1543.9199999999964, -18.5443764, -18.545002, -18.5449905, -18.5454121, -18.5457344, -18.5451183, -18.5443897, -18.544445, -18.544878, -18.5445118
1543.9299999999964, -18.5073967, -18.5069904, -18.5082226, -18.5069523, -18.5089111, -18.5090218, -18.5068073, -18.5052776, -18.5079327, -18.5092945
1543.9399999999964, -18.4832706, -18.4850082, -18.4851227, -18.4850655, -18.4859867, -18.4863873, -18.4863949, -18.4858494, -18.4849205, -18.485117
1543.9499999999964, -18.449255, -18.4482136, -18.4481182, -18.446806, -18.4478016, -18.4476871, -18.4477291, -18.4479923, -18.4481659, -18.4480972
1543.9599999999964, -18.4206238, -18.4203186, -18.4202099, -18.4204769, -18.4198055, -18.4198933, -18.4211845, -18.4209824, -18.4219437, -18.42132
1543.9699999999964, -18.4075432, -18.4086304, -18.4069939, -18.4066715, -18.4079552, -18.4083042, -18.4086552, -18.4086933, -18.4072208, -18.4080925
1543.9799999999964, -18.3991127, -18.3985844, -18.3985806, -18.3984394, -18.3979454, -18.3978119, -18.39818, -18.3958263, -18.3971577, -18.3978176
1543.9899999999964, -18.399416, -18.3986835, -18.398262, -18.397541, -18.3982124, -18.3983994, -18.397934, -18.3986626, -18.3990498, -18.3987522
1543.9999999999964, -18.409935, -18.4103527, -18.4101524, -18.4103737, -18.4103985, -18.4092674, -18.4092808, -18.4106617, -18.4091816, -18.4101486
1544.0099999999964, -18.4384804, -18.4378033, -18.4386158, -18.4391956, -18.4390163, -18.4389019, -18.4390583, -18.4398022, -18.4394531, -18.4391651
1544.0199999999963, -18.4757977, -18.4760475, -18.4756298, -18.4762917, -18.4760513, -18.4754868, -18.4760456, -18.4747372, -18.4744282, -18.4755077
1544.0299999999963, -18.5134277, -18.5128326, -18.5122852, -18.5113926, -18.5103951, -18.509903, -18.510603, -18.5108337, -18.5114002, -18.5116062
1544.0399999999963, -18.5547523, -18.5542603, -18.5548363, -18.5560493, -18.5555744, -18.5548496, -18.5552368, -18.5543766, -18.555933, -18.5565338
1544.0499999999963, -18.6067677, -18.606287, -18.6065388, -18.6061878, -18.6070004, -18.6061115, -18.6068974, -18.6070938, -18.6074047, -18.6069927
1544.0599999999963, -18.6433487, -18.6428165, -18.6426029, -18.6425266, -18.6429195, -18.6423721, -18.6412849, -18.639164, -18.6394196, -18.6406097
1544.0699999999963, -18.6735039, -18.6726856, -18.6737518, -18.6728115, -18.6727448, -18.6714497, -18.6710625, -18.6699219, -18.6710281, -18.6725025
1544.0799999999963, -18.6909103, -18.6920967, -18.6922626, -18.6928864, -18.6933212, -18.6929855, -18.6929893, -18.6925201, -18.6913986, -18.6922474
1544.0899999999963, -18.7099953, -18.7085056, -18.707819, -18.7085133, -18.7093925, -18.7095509, -18.7094955, -18.7096615, -18.7094364, -18.7081528
1544.0999999999963, -18.7029305, -18.7028065, -18.7024193, -18.7026978, -18.7026749, -18.7022209, -18.7025051, -18.7029934, -18.7015324, -18.7027988
1544.1099999999963, -18.6753769, -18.6754932, -18.675642, -18.6764565, -18.6754971, -18.6756973, -18.6760654, -18.6757088, -18.6762447, -18.6769371
1544.1199999999963, -18.6422081, -18.6429081, -18.6416683, -18.6414204, -18.6416931, -18.6409531, -18.641819, -18.6422691, -18.6417904, -18.6417999
1544.1299999999962, -18.597784, -18.5913391, -18.5880642, -18.5853958, -18.5875664, -18.5794601, -18.5756207, -18.5741081, -18.5864315, -18.5883865
1544.1399999999962, -18.5693111, -18.5694695, -18.5693855, -18.5689087, -18.5694065, -18.5695553, -18.5691853, -18.5680504, -18.5692101, -18.5686932
1544.1499999999962, -18.5630417, -18.5626564, -18.5632229, -18.5630531, -18.562355, -18.5623398, -18.5620079, -18.5633545, -18.5633488, -18.5629692
1544.1599999999962, -18.5935631, -18.5939465, -18.5949612, -18.5938568, -18.5926285, -18.5940304, -18.5945377, -18.5951061, -18.5951176, -18.5944347
1544.1699999999962, -18.694252, -18.6924229, -18.6946564, -18.6947002, -18.6945419, -18.6951084, -18.6955185, -18.6954441, -18.6958961, -18.6964512
1544.1799999999962, -18.8553524, -18.8552151, -18.8547211, -18.8550777, -18.85392, -18.8537941, -18.855032, -18.8555565, -18.8562241, -18.8560162
1544.1899999999962, -19.0534992, -19.0519085, -19.0515118, -19.0529499, -19.0510578, -19.0504799, -19.0509586, -19.0513859, -19.0518856, -19.0518723
1544.1999999999962, -19.24757, -19.2465839, -19.2448826, -19.2431564, -19.2446232, -19.2438812, -19.2411098, -19.2442379, -19.2438202, -19.2413883
1544.2099999999962, -19.3567295, -19.3574162, -19.3576469, -19.3576393, -19.3586044, -19.3587437, -19.3585587, -19.3578472, -19.3571758, -19.3569431
1544.2199999999962, -19.4010868, -19.4003639, -19.4010601, -19.4002247, -19.4005775, -19.3998203, -19.4006977, -19.3992825, -19.3982315, -19.3967476
1544.2299999999962, -19.4520473, -19.4512768, -19.452198, -19.4538784, -19.453352, -19.4494553, -19.4459171, -19.4347534, -19.4334507, -19.4310932
1544.2399999999961, -19.4754162, -19.4756908, -19.4790115, -19.4815311, -19.4814224, -19.4843636, -19.4849339, -19.4831581, -19.4843254, -19.4833794
1544.2499999999961, -19.3899212, -19.3899097, -19.3904419, -19.3909206, -19.3910599, -19.3908157, -19.3908138, -19.3912048, -19.3913078, -19.3913383
1544.2599999999961, -19.2194195, -19.2173557, -19.2164383, -19.2158394, -19.2162685, -19.2176571, -19.2175922, -19.2165718, -19.2155838, -19.2148552
1544.2699999999961, -18.9741383, -18.9732323, -18.9722672, -18.9720669, -18.9734344, -18.9738503, -18.9729748, -18.9717922, -18.9709549, -18.9709339
1544.279999999996, -18.7763424, -18.7766781, -18.7768745, -18.776062, -18.7768288, -18.777462, -18.7775364, -18.7783546, -18.7775059, -18.7775383
1544.289999999996, -18.6254559, -18.6262589, -18.6252308, -18.6256866, -18.6242733, -18.6247635, -18.6258888, -18.6261787, -18.6275444, -18.6261768
1544.299999999996, -18.5224628, -18.5248585, -18.5242271, -18.5252609, -18.5295448, -18.5293732, -18.5252876, -18.5228367, -18.5251541, -18.5281868
1544.309999999996, -18.4918842, -18.4924374, -18.4925289, -18.4926491, -18.4919586, -18.4900646, -18.4903793, -18.491024, -18.4912739, -18.4912071
1544.319999999996, -18.4943638, -18.4944401, -18.4936657, -18.4930496, -18.4939747, -18.493124, -18.4934616, -18.4931393, -18.4934635, -18.493475
1544.329999999996, -18.5093231, -18.5093918, -18.5112171, -18.5121937, -18.5124321, -18.5121078, -18.5104904, -18.5115395, -18.5118599, -18.5129452
1544.339999999996, -18.5375023, -18.5381985, -18.5387859, -18.5393143, -18.5393658, -18.5392513, -18.5388412, -18.5375786, -18.5392075, -18.5382252
1544.349999999996, -18.5637207, -18.5635719, -18.5628433, -18.5630703, -18.5625038, -18.5634441, -18.5631046, -18.5640335, -18.5636024, -18.564373
1544.359999999996, -18.5730743, -18.5735073, -18.5728817, -18.5720062, -18.5730095, -18.5731697, -18.5738697, -18.5741272, -18.5731888, -18.5728207
1544.369999999996, -18.5699348, -18.569521, -18.5713654, -18.5686035, -18.5654697, -18.5634212, -18.5593185, -18.5645103, -18.5694313, -18.5709915
1544.379999999996, -18.5524082, -18.5535431, -18.5566063, -18.5575485, -18.556427, -18.5562305, -18.5568562, -18.5561943, -18.5566254, -18.5563583
1544.389999999996, -18.513588, -18.5182514, -18.5171375, -18.517622, -18.5185871, -18.517498, -18.5192795, -18.5184441, -18.5171146, -18.5196991
1544.399999999996, -18.4678097, -18.4686756, -18.4685669, -18.4688015, -18.4683056, -18.4683075, -18.4674244, -18.4673252, -18.4678001, -18.4682198
1544.409999999996, -18.4114056, -18.4117661, -18.4115028, -18.41189, -18.4115849, -18.4113235, -18.4121513, -18.4114189, -18.4122372, -18.4130344
1544.419999999996, -18.3611259, -18.3611984, -18.3606834, -18.3613281, -18.3609486, -18.360157, -18.3602505, -18.362072, -18.3617134, -18.3603287
1544.429999999996, -18.3127079, -18.3141899, -18.3154278, -18.3141365, -18.3125496, -18.3114986, -18.3130493, -18.3144035, -18.3145943, -18.3136864
1544.439999999996, -18.2904968, -18.2898903, -18.2896175, -18.289978, -18.2881107, -18.2877693, -18.2890778, -18.2897682, -18.2893429, -18.2894821
1544.449999999996, -18.2765694, -18.2768612, -18.2774506, -18.276001, -18.276371, -18.2767467, -18.2755013, -18.2773457, -18.2776642, -18.2782021
1544.459999999996, -18.2864933, -18.2858047, -18.2847443, -18.2835445, -18.2848129, -18.2838078, -18.2852306, -18.2856369, -18.2855091, -18.2846375
1544.469999999996, -18.3097458, -18.3098488, -18.3114262, -18.3111019, -18.3108902, -18.3108425, -18.3099365, -18.3103046, -18.3079071, -18.3097229
1544.479999999996, -18.352808, -18.3533173, -18.3546562, -18.3539772, -18.3541298, -18.3542614, -18.3540707, -18.3537178, -18.3538857, -18.3528137
1544.489999999996, -18.3919392, -18.3910694, -18.3931503, -18.3929386, -18.3931103, -18.3920555, -18.3927307, -18.3918667, -18.3926373, -18.3930492
1544.499999999996, -18.4453449, -18.4443302, -18.4448051, -18.4449463, -18.446104, -18.4458027, -18.4470158, -18.4457455, -18.4469776, -18.4466991
1544.509999999996, -18.4843998, -18.4828033, -18.4834843, -18.4845009, -18.4851208, -18.4857197, -18.485054, -18.4850006, -18.4858723, -18.4859447
1544.519999999996, -18.5137062, -18.5041962, -18.4916191, -18.4814873, -18.4847012, -18.5058498, -18.5142593, -18.5153255, -18.5157223, -18.5156593
1544.5299999999959, -18.533329, -18.5324917, -18.5320549, -18.5324936, -18.5322666, -18.5330181, -18.5326996, -18.5305691, -18.5283146, -18.5322723
1544.5399999999959, -18.5231972, -18.5236931, -18.5232563, -18.523201, -18.5224781, -18.5231762, -18.5239429, -18.521719, -18.522768, -18.5236874
1544.5499999999959, -18.5018406, -18.5025291, -18.5022202, -18.5019016, -18.5017986, -18.5021725, -18.5021362, -18.5031052, -18.5024395, -18.5026245
1544.5599999999959, -18.4579144, -18.4571552, -18.4571533, -18.4564075, -18.4561977, -18.4574795, -18.4571247, -18.4572811, -18.4575157, -18.4577579
1544.5699999999958, -18.4040775, -18.4031734, -18.4032307, -18.403204, -18.4040146, -18.4046612, -18.4036598, -18.3974438, -18.4046555, -18.4024754
1544.5799999999958, -18.3502178, -18.3505764, -18.3517132, -18.3520088, -18.3515568, -18.3513451, -18.3504715, -18.3512955, -18.35182, -18.3521461
1544.5899999999958, -18.293745, -18.2933273, -18.294405, -18.2950859, -18.2944851, -18.2942753, -18.2947712, -18.2943554, -18.2941303, -18.2935772
1544.5999999999958, -18.2493229, -18.2495499, -18.2500668, -18.2510052, -18.251791, -18.2522068, -18.251852, -18.2505932, -18.2501106, -18.2509861
1544.6099999999958, -18.2279644, -18.226902, -18.2270088, -18.2258053, -18.2260551, -18.2257614, -18.2260208, -18.2256069, -18.2258759, -18.2267036
1544.6199999999958, -18.2190018, -18.2172718, -18.2203789, -18.2205315, -18.2197647, -18.2189293, -18.218504, -18.2185917, -18.2179184, -18.1941395
1544.6299999999958, -18.2178593, -18.2179317, -18.2175083, -18.2176762, -18.2175674, -18.2162457, -18.2161942, -18.2167568, -18.2167053, -18.2166691
1544.6399999999958, -18.2411041, -18.2418213, -18.2422657, -18.2426357, -18.2420635, -18.2423191, -18.2423248, -18.2416916, -18.2420692, -18.24193
1544.6499999999958, -18.2795162, -18.279932, -18.278841, -18.2784634, -18.2784157, -18.2788906, -18.2802563, -18.2802391, -18.2799072, -18.2803135
1544.6599999999958, -18.3156662, -18.3151665, -18.3151684, -18.3157005, -18.316637, -18.3150311, -18.3165188, -18.3163929, -18.316309, -18.3167362
1544.6699999999958, -18.3626919, -18.3630257, -18.3625526, -18.3627186, -18.3627911, -18.3631058, -18.3626862, -18.3625202, -18.3627338, -18.3626938
1544.6799999999957, -18.4015446, -18.4013462, -18.401186, -18.4002209, -18.4001579, -18.4006672, -18.4015179, -18.4020042, -18.4025669, -18.402401
1544.6899999999957, -18.4296989, -18.4317513, -18.4360943, -18.4371815, -18.4383354, -18.4395351, -18.4379559, -18.4374428, -18.4375515, -18.4375076
1544.6999999999957, -18.4682064, -18.4676876, -18.4665527, -18.4664059, -18.4664268, -18.466486, -18.4666328, -18.4658661, -18.4651775, -18.4672375
1544.7099999999957, -18.4860249, -18.4861736, -18.4858303, -18.4860783, -18.4867077, -18.4864788, -18.4870682, -18.4861469, -18.4873161, -18.486866
1544.7199999999957, -18.4972706, -18.4974003, -18.497551, -18.4980392, -18.497612, -18.4978714, -18.4975643, -18.4958534, -18.4961014, -18.4978714
1544.7299999999957, -18.4910088, -18.4904442, -18.4906464, -18.4914036, -18.4916687, -18.491169, -18.4909172, -18.490633, -18.4895706, -18.4899101
1544.7399999999957, -18.4790916, -18.4779606, -18.4775925, -18.4765682, -18.4764404, -18.4771595, -18.4765987, -18.4767265, -18.476532, -18.4766121
1544.7499999999957, -18.4522839, -18.4534588, -18.4533005, -18.4528503, -18.4540596, -18.4527836, -18.4531651, -18.45294, -18.4527836, -18.4537868
1544.7599999999957, -18.4291172, -18.4282608, -18.428545, -18.4282703, -18.4292221, -18.429245, -18.4285736, -18.4288807, -18.4290504, -18.4287739
1544.7699999999957, -18.3972378, -18.4004326, -18.399231, -18.3954029, -18.3977489, -18.3985729, -18.399971, -18.4003048, -18.4003162, -18.3990288
1544.7799999999957, -18.3657665, -18.36759, -18.3685436, -18.3689308, -18.3680668, -18.3672371, -18.367321, -18.3674049, -18.3691349, -18.3701515
1544.7899999999956, -18.337595, -18.3385735, -18.3387794, -18.3383083, -18.3372784, -18.3376331, -18.3373966, -18.3372707, -18.3378887, -18.3375225
1544.7999999999956, -18.3086643, -18.3080387, -18.3096027, -18.3098049, -18.3099442, -18.3097763, -18.309391, -18.309536, -18.3085957, -18.3082886
1544.8099999999956, -18.2801418, -18.279438, -18.2794209, -18.2804527, -18.2778778, -18.2771397, -18.2799435, -18.2798042, -18.2786827, -18.2787876
1544.8199999999956, -18.2679996, -18.2677841, -18.2669716, -18.2656517, -18.2650795, -18.2665901, -18.2673187, -18.2682934, -18.2668476, -18.2666588
1544.8299999999956, -18.2569504, -18.2591305, -18.2601318, -18.2596855, -18.2595444, -18.2603703, -18.2610779, -18.2612362, -18.2615204, -18.2616463
1544.8399999999956, -18.2569714, -18.2570076, -18.2567825, -18.2568989, -18.257061, -18.2570915, -18.2571754, -18.2564945, -18.2573757, -18.2568531
1544.8499999999956, -18.2605839, -18.2610493, -18.2608967, -18.2603722, -18.2597218, -18.2576237, -18.2578335, -18.2580376, -18.2580662, -18.2585106
1544.8599999999956, -18.2690163, -18.2691574, -18.2688789, -18.2690105, -18.2691154, -18.2703609, -18.2694874, -18.2703972, -18.2700596, -18.2695751
1544.8699999999956, -18.2896404, -18.2892685, -18.2891674, -18.2884445, -18.2880535, -18.2890186, -18.2882938, -18.2886715, -18.2883739, -18.287199
1544.8799999999956, -18.3179016, -18.317318, -18.3180866, -18.3173122, -18.3192005, -18.3190403, -18.3193798, -18.3197784, -18.3192959, -18.3188324
1544.8899999999956, -18.3491325, -18.3499317, -18.3516026, -18.3516788, -18.3490353, -18.3473492, -18.3496227, -18.3488636, -18.350914, -18.3515682
1544.8999999999955, -18.387928, -18.3859138, -18.3862686, -18.385746, -18.3866024, -18.386385, -18.3852367, -18.3851376, -18.3859653, -18.3865032
1544.9099999999955, -18.4248524, -18.4258881, -18.4260864, -18.4263859, -18.4258423, -18.4254894, -18.4243164, -18.4234791, -18.4232845, -18.423605
1544.9199999999955, -18.456131, -18.456955, -18.4558811, -18.4562359, -18.4567814, -18.4574471, -18.4577923, -18.4576759, -18.4575348, -18.4568634
1544.9299999999955, -18.4946957, -18.494791, -18.4946041, -18.4944592, -18.4938354, -18.4942265, -18.4938469, -18.4939289, -18.4940548, -18.4937592
1544.9399999999955, -18.5171661, -18.5168591, -18.5166645, -18.5155602, -18.5161018, -18.5152416, -18.515543, -18.5146866, -18.5148106, -18.5155926
1544.9499999999955, -18.5330467, -18.5322437, -18.5320797, -18.5320816, -18.532814, -18.5335484, -18.5347595, -18.5344143, -18.5348282, -18.5347939
1544.9599999999955, -18.5316296, -18.5308094, -18.5315704, -18.5303555, -18.5310917, -18.5303612, -18.5307217, -18.5314655, -18.5317974, -18.5294666
1544.9699999999955, -18.5210419, -18.5206966, -18.5198841, -18.5194035, -18.5173359, -18.5187759, -18.5196705, -18.5203381, -18.5199776, -18.5191269
1544.9799999999955, -18.4937763, -18.4936504, -18.493454, -18.493679, -18.4946022, -18.4949512, -18.4939423, -18.4913502, -18.4914742, -18.4927788
1544.9899999999955, -18.456358, -18.4556808, -18.4527874, -18.4499149, -18.452549, -18.455986, -18.4561634, -18.4549809, -18.4546909, -18.4551163
1544.9999999999955, -18.4026508, -18.4045048, -18.4056168, -18.4061432, -18.4069691, -18.4075832, -18.4065666, -18.4019833, -18.4055042, -18.4064617
