wavelength_nm ,power_reading_0_dbm ,power_reading_1_dbm ,power_reading_2_dbm ,power_reading_3_dbm ,power_reading_4_dbm ,power_reading_5_dbm ,power_reading_6_dbm ,power_reading_7_dbm ,power_reading_8_dbm ,power_reading_9_dbm 
1540.0, -19.2354889, -19.2366161, -19.237711, -19.2383366, -19.2382526, -19.2386627, -19.2385731, -19.238121, -19.2368317, -19.2365913
1540.01, -19.2299347, -19.2294788, -19.2307911, -19.2294006, -19.229105, -19.230135, -19.2311268, -19.2310524, -19.2307167, -19.2312298
1540.02, -19.2152672, -19.2164955, -19.2165604, -19.2167492, -19.2168884, -19.2167225, -19.2179298, -19.2196674, -19.2196369, -19.2189388
1540.03, -19.1923695, -19.1916008, -19.1898632, -19.188385, -19.1877823, -19.1875324, -19.187582, -19.1877251, -19.187851, -19.1879959
1540.04, -19.1440582, -19.1426773, -19.1430016, -19.1439133, -19.1446667, -19.1449471, -19.1451893, -19.145525, -19.1452885, -19.1456432
1540.05, -19.0972481, -19.0966072, -19.0959282, -19.0967236, -19.0952816, -19.0954037, -19.0953159, -19.0957508, -19.0961418, -19.0963898
1540.06, -19.03792, -19.0378819, -19.0390968, -19.0389214, -19.0395756, -19.0396805, -19.0402164, -19.0403481, -19.040432, -19.0407619
1540.07, -18.9994488, -18.9993267, -18.9980354, -18.9966908, -18.9977551, -18.9995689, -18.999157, -18.9993477, -18.9994717, -18.9997768
1540.08, -18.9546604, -18.9543533, -18.9549904, -18.9548645, -18.9542484, -18.9539242, -18.9548016, -18.9548054, -18.9553051, -18.9546661
1540.09, -18.9298916, -18.9319267, -18.9316673, -18.9313393, -18.9319191, -18.9325371, -18.933054, -18.933075, -18.9344254, -18.9360561
1540.1, -18.9142227, -18.9178867, -18.9187241, -18.9204769, -18.9213734, -18.9212894, -18.921072, -18.9189091, -18.9201031, -18.9218941
1540.11, -18.9267845, -18.9267063, -18.9258251, -18.9267216, -18.9265022, -18.9265347, -18.9261894, -18.9266605, -18.9271622, -18.9270687
1540.12, -18.956213, -18.9565048, -18.9630508, -18.9632587, -18.9631939, -18.9625111, -18.9622669, -18.9628677, -18.9631577, -18.9629669
1540.1299999999999, -18.9897137, -18.9900036, -18.9887657, -18.9911289, -18.990736, -18.9897728, -18.9889488, -18.988945, -18.9889603, -18.9901485
1540.1399999999999, -19.0324039, -19.0326424, -19.032959, -19.0334225, -19.0329762, -19.0331059, -19.0331059, -19.0340805, -19.0342369, -19.0328655
1540.1499999999999, -19.0790386, -19.0776825, -19.0784683, -19.0785198, -19.0795231, -19.0799713, -19.0799255, -19.0789413, -19.0794296, -19.0805702
1540.1599999999999, -19.1226082, -19.123333, -19.1241322, -19.1237774, -19.1230984, -19.1208286, -19.1177845, -19.1193066, -19.1196175, -19.1210251
1540.1699999999998, -19.1485844, -19.1515369, -19.1531448, -19.1531277, -19.1523876, -19.151762, -19.1531925, -19.1536274, -19.1530647, -19.1534386
1540.1799999999998, -19.1831207, -19.1830196, -19.1819096, -19.18186, -19.1823902, -19.1815338, -19.1822414, -19.1818962, -19.1799393, -19.181591
1540.1899999999998, -19.1880932, -19.1882896, -19.188055, -19.1882496, -19.1880436, -19.1874046, -19.1878223, -19.1872826, -19.1873569, -19.1874847
1540.1999999999998, -19.1818142, -19.1812477, -19.1788235, -19.1789532, -19.1788082, -19.1787491, -19.1786442, -19.1783504, -19.1785679, -19.1785755
1540.2099999999998, -19.1674271, -19.1680145, -19.1692333, -19.1696415, -19.1691456, -19.1694031, -19.1688709, -19.1683559, -19.1685581, -19.1684914
1540.2199999999998, -19.1377258, -19.1396332, -19.1395397, -19.1406574, -19.1414738, -19.1407547, -19.1388969, -19.1390533, -19.138834, -19.1382828
1540.2299999999998, -19.1031322, -19.102663, -19.1032352, -19.1042042, -19.1039772, -19.104353, -19.1037712, -19.1043663, -19.1046619, -19.1043854
1540.2399999999998, -19.0696793, -19.0675297, -19.0678864, -19.0666828, -19.0688019, -19.0691013, -19.0686855, -19.0688019, -19.070055, -19.0705662
1540.2499999999998, -19.0305061, -19.0309639, -19.0308552, -19.0294342, -19.0297031, -19.0292492, -19.0291595, -19.030056, -19.0309639, -19.0317631
1540.2599999999998, -18.9917507, -18.9916649, -18.9904823, -18.9911366, -18.9913464, -18.991539, -18.9922829, -18.9916973, -18.9910221, -18.9897804
1540.2699999999998, -18.9576988, -18.9562416, -18.9561977, -18.9556656, -18.9556389, -18.958498, -18.9577522, -18.9569702, -18.9579659, -18.9591599
1540.2799999999997, -18.9370174, -18.9379253, -18.9384403, -18.938818, -18.9371567, -18.9369144, -18.9371223, -18.938549, -18.9380226, -18.9380322
1540.2899999999997, -18.9313431, -18.9317932, -18.9310875, -18.9308758, -18.9302502, -18.9294128, -18.9300556, -18.9294395, -18.9300995, -18.9308529
1540.2999999999997, -18.9375725, -18.9378738, -18.937706, -18.9384995, -18.9393272, -18.9392529, -18.9389, -18.938324, -18.9397945, -18.9392662
1540.3099999999997, -18.956892, -18.9574242, -18.9579506, -18.9572754, -18.9580193, -18.9579201, -18.9577789, -18.9575233, -18.9570961, -18.9575577
1540.3199999999997, -18.9959393, -18.9957237, -18.9953957, -18.9945297, -18.993885, -18.9918766, -18.9937382, -18.9949932, -18.9944687, -18.9935455
1540.3299999999997, -19.0284615, -19.0278835, -19.0294209, -19.0305939, -19.0303478, -19.0300827, -19.030241, -19.0298882, -19.0295734, -19.0295658
1540.3399999999997, -19.0797253, -19.0791111, -19.0795059, -19.0800076, -19.078474, -19.080061, -19.0810146, -19.0810642, -19.0800152, -19.0795593
1540.3499999999997, -19.1173058, -19.1180248, -19.1177273, -19.1172924, -19.1168995, -19.1168537, -19.1158962, -19.1153774, -19.1151562, -19.1156921
1540.3599999999997, -19.1462898, -19.147049, -19.1477032, -19.1473446, -19.1467991, -19.1446838, -19.1468334, -19.1473866, -19.1476917, -19.1470356
1540.3699999999997, -19.1666241, -19.1667442, -19.1660461, -19.1656628, -19.1661949, -19.1653595, -19.1661625, -19.1663876, -19.1662769, -19.1667671
1540.3799999999997, -19.1705341, -19.1710243, -19.1709461, -19.1700592, -19.1711998, -19.1711483, -19.1723289, -19.1723785, -19.1709118, -19.1725788
1540.3899999999996, -19.1690178, -19.1690464, -19.1681957, -19.1683617, -19.1681309, -19.1683521, -19.1687565, -19.1687546, -19.1684837, -19.1682281
1540.3999999999996, -19.1566792, -19.1568184, -19.157238, -19.1568565, -19.1567249, -19.1560345, -19.1548386, -19.1567192, -19.1571789, -19.1568317
1540.4099999999996, -19.1364117, -19.1362686, -19.1357079, -19.135313, -19.134325, -19.1354771, -19.1352921, -19.1362095, -19.1360989, -19.1368198
1540.4199999999996, -19.1023293, -19.1027412, -19.1025028, -19.1021652, -19.1004162, -19.1017857, -19.1016903, -19.1011906, -19.101202, -19.1003723
1540.4299999999996, -19.0522385, -19.0526466, -19.0577831, -19.0594006, -19.0605621, -19.0600662, -19.059742, -19.06077, -19.0610027, -19.0603542
1540.4399999999996, -19.0177326, -19.0175858, -19.0176792, -19.0170174, -19.0167522, -19.0166931, -19.0161343, -19.0166988, -19.0170879, -19.0176487
1540.4499999999996, -18.9729576, -18.9738636, -18.9736366, -18.9734631, -18.9731007, -18.9730911, -18.972765, -18.9722691, -18.9721947, -18.9726067
1540.4599999999996, -18.9288654, -18.9290848, -18.9287491, -18.9313736, -18.9311829, -18.9304428, -18.9306431, -18.9307976, -18.9304905, -18.9297466
1540.4699999999996, -18.8996925, -18.9016705, -18.9004822, -18.900631, -18.9014511, -18.9013538, -18.9019241, -18.9006958, -18.9003963, -18.8999367
1540.4799999999996, -18.8767891, -18.8785095, -18.8768997, -18.8767204, -18.8781452, -18.8783741, -18.87854, -18.8798103, -18.8809509, -18.8804493
1540.4899999999996, -18.8647041, -18.8655319, -18.8647671, -18.862854, -18.8632145, -18.8652096, -18.8655415, -18.8661213, -18.8662701, -18.8670273
1540.4999999999995, -18.8585052, -18.8563881, -18.8572311, -18.858429, -18.8589325, -18.8591175, -18.8585968, -18.8581295, -18.8582745, -18.8588924
1540.5099999999995, -18.8670559, -18.8675156, -18.8673019, -18.8681736, -18.8660526, -18.8675461, -18.865654, -18.8657455, -18.8661556, -18.8671341
1540.5199999999995, -18.8824062, -18.8832188, -18.8827934, -18.8831692, -18.8838882, -18.8836117, -18.8831654, -18.8821869, -18.8832893, -18.8829021
1540.5299999999995, -18.9072456, -18.9073944, -18.9079075, -18.9095764, -18.9066029, -18.9057655, -18.9061718, -18.9069271, -18.9067974, -18.9081211
1540.5399999999995, -18.9389648, -18.9397659, -18.9402466, -18.9407101, -18.9399529, -18.9397621, -18.9401073, -18.9401169, -18.9397392, -18.9381561
1540.5499999999995, -18.9744911, -18.9749985, -18.9751511, -18.9751186, -18.9755268, -18.9745979, -18.9747372, -18.9743977, -18.9730606, -18.9727039
1540.5599999999995, -19.0150928, -19.0162315, -19.0152912, -19.013649, -19.0147953, -19.0155411, -19.0159779, -19.0153389, -19.0148067, -19.0137424
1540.5699999999995, -19.0358067, -19.0423069, -19.045248, -19.0496082, -19.0471096, -19.0466728, -19.0453434, -19.0451412, -19.0458965, -19.0465279
1540.5799999999995, -19.0869904, -19.0852947, -19.0873928, -19.0867119, -19.0855751, -19.0844784, -19.0819893, -19.0837078, -19.0818882, -19.0828972
1540.5899999999995, -19.1149883, -19.1155949, -19.1150112, -19.1154537, -19.1149445, -19.1148243, -19.1145859, -19.1140366, -19.1142159, -19.1140366
1540.5999999999995, -19.1424751, -19.1428299, -19.1429653, -19.143568, -19.1437111, -19.1435833, -19.1431675, -19.14361, -19.1434822, -19.1432915
1540.6099999999994, -19.1658592, -19.1661949, -19.1662312, -19.1664581, -19.1667252, -19.1669121, -19.1671238, -19.1679649, -19.1676826, -19.1680832
1540.6199999999994, -19.1775055, -19.1770287, -19.1779613, -19.1787167, -19.1786118, -19.1785679, -19.1783695, -19.1787243, -19.1785717, -19.1785069
1540.6299999999994, -19.1753063, -19.1757584, -19.1758785, -19.175972, -19.1753731, -19.175333, -19.1767998, -19.176054, -19.1759605, -19.1761093
1540.6399999999994, -19.1633682, -19.1637058, -19.163517, -19.1643391, -19.1641655, -19.1642246, -19.1642551, -19.1646729, -19.164299, -19.1645164
1540.6499999999994, -19.1491451, -19.1490593, -19.1496563, -19.1491337, -19.1493969, -19.1485538, -19.148634, -19.1490192, -19.1487465, -19.1468277
1540.6599999999994, -19.1197586, -19.1193562, -19.1193447, -19.1196346, -19.1181755, -19.1180687, -19.1167259, -19.1161804, -19.1180229, -19.1189575
1540.6699999999994, -19.0907097, -19.091589, -19.092453, -19.092041, -19.0920353, -19.0922928, -19.0925846, -19.0929413, -19.0924625, -19.0912971
1540.6799999999994, -19.0500526, -19.0501003, -19.0501575, -19.0497322, -19.0497398, -19.0499954, -19.0511627, -19.0512753, -19.0500565, -19.0492611
1540.6899999999994, -19.0131207, -19.0128803, -19.012888, -19.0136509, -19.0143585, -19.0141392, -19.0155029, -19.0149632, -19.0143833, -19.0153999
1540.6999999999994, -18.9884243, -18.9861221, -18.9820843, -18.9891663, -18.9890614, -18.9879532, -18.9811459, -18.980299, -18.9834709, -18.9853706
1540.7099999999994, -18.9670181, -18.967432, -18.9679375, -18.9675293, -18.967783, -18.9681568, -18.9680824, -18.9679928, -18.9676323, -18.9675026
1540.7199999999993, -18.9615059, -18.9581032, -18.9555779, -18.9603462, -18.9617424, -18.96134, -18.9582062, -18.9589481, -18.9561005, -18.9589157
1540.7299999999993, -18.9633598, -18.9641647, -18.965292, -18.9642487, -18.96385, -18.9591312, -18.9603367, -18.9610157, -18.9600544, -18.9619198
1540.7399999999993, -18.9716187, -18.9720726, -18.971386, -18.969883, -18.9645519, -18.9702816, -18.9704437, -18.9669304, -18.964695, -18.9660282
1540.7499999999993, -18.9915619, -18.9920177, -18.9911919, -18.9903221, -18.9905338, -18.9904537, -18.9870834, -18.9890881, -18.9909954, -18.9927158
1540.7599999999993, -19.0169144, -19.0159225, -19.0181675, -19.0178814, -19.0174885, -19.0169525, -19.0159206, -19.0169239, -19.0170593, -19.0178299
1540.7699999999993, -19.0453014, -19.045248, -19.0450573, -19.0445309, -19.0439796, -19.0448265, -19.0454102, -19.0461979, -19.04673, -19.0456657
1540.7799999999993, -19.0793839, -19.0809116, -19.0807781, -19.0800858, -19.0801563, -19.0803947, -19.0795383, -19.079895, -19.079813, -19.0788422
1540.7899999999993, -19.120779, -19.1182156, -19.1197701, -19.1191254, -19.1204491, -19.1186905, -19.1174393, -19.1193657, -19.1198101, -19.1210213
1540.7999999999993, -19.1497917, -19.1496334, -19.1505299, -19.150486, -19.1505985, -19.1516972, -19.1511097, -19.1522655, -19.1525745, -19.1525745
1540.8099999999993, -19.1870556, -19.1877384, -19.187521, -19.1872425, -19.1870003, -19.1872768, -19.1869678, -19.1880512, -19.1883907, -19.1881771
1540.8199999999993, -19.1980667, -19.1992378, -19.2010841, -19.2012558, -19.2006474, -19.1999302, -19.1995316, -19.1996632, -19.2000256, -19.1995926
1540.8299999999992, -19.1968517, -19.1967239, -19.1965656, -19.196888, -19.1975117, -19.1983185, -19.1978645, -19.1969185, -19.1961098, -19.1971321
1540.8399999999992, -19.1669369, -19.170784, -19.1715488, -19.1732979, -19.1750431, -19.1771698, -19.1770039, -19.180109, -19.1838741, -19.1826363
1540.8499999999992, -19.157423, -19.156002, -19.1544685, -19.1536522, -19.1562099, -19.157177, -19.15732, -19.1572495, -19.157526, -19.1578636
1540.8599999999992, -19.1117096, -19.1106815, -19.1096516, -19.1106815, -19.1112404, -19.1112022, -19.1085491, -19.1035194, -19.1055622, -19.1101189
1540.8699999999992, -19.0648193, -19.0654087, -19.0642262, -19.0628967, -19.0633659, -19.0654144, -19.0650482, -19.0644093, -19.0654449, -19.0638485
1540.8799999999992, -19.0120621, -19.0128975, -19.0130119, -19.0134926, -19.0131569, -19.0131893, -19.0130062, -19.0132599, -19.0130539, -19.0138474
1540.8899999999992, -18.9613323, -18.9598866, -18.9588223, -18.9589691, -18.9595318, -18.9599323, -18.9598942, -18.9599228, -18.9602108, -18.9599438
1540.8999999999992, -18.9196568, -18.917654, -18.9171467, -18.9185982, -18.919817, -18.918869, -18.9188805, -18.9173946, -18.9166317, -18.917408
1540.9099999999992, -18.8893929, -18.8889389, -18.889349, -18.886446, -18.8868732, -18.8860798, -18.8880959, -18.8900757, -18.8903217, -18.88978
1540.9199999999992, -18.8735943, -18.874239, -18.8747711, -18.8739281, -18.8720417, -18.8727036, -18.8735065, -18.8746262, -18.875061, -18.8746014
1540.9299999999992, -18.8790951, -18.8811531, -18.8824482, -18.8821468, -18.8826084, -18.8824348, -18.8824291, -18.8833885, -18.8834667, -18.8838577
1540.9399999999991, -18.9035206, -18.9036789, -18.9028759, -18.9018879, -18.9013386, -18.899231, -18.8984051, -18.9001102, -18.9013939, -18.9016342
1540.9499999999991, -18.9324894, -18.9329166, -18.9338455, -18.9332867, -18.9332542, -18.9342499, -18.9344673, -18.9335899, -18.9333401, -18.9330845
1540.9599999999991, -18.9693527, -18.9689121, -18.9688587, -18.9690361, -18.969717, -18.9699764, -18.970541, -18.9713154, -18.9713192, -18.9707508
1540.9699999999991, -19.0133533, -19.0123005, -19.0122967, -19.0118561, -19.0112991, -19.011364, -19.0115852, -19.0099983, -19.0106258, -19.0118656
1540.979999999999, -19.0454655, -19.0451469, -19.0452728, -19.0455437, -19.0462589, -19.0469055, -19.0465908, -19.0457535, -19.0455608, -19.0450878
1540.989999999999, -19.0827694, -19.0833187, -19.082922, -19.0830173, -19.0826225, -19.0825481, -19.0832539, -19.0838089, -19.0843525, -19.0830574
1540.999999999999, -19.1030331, -19.1022472, -19.1021328, -19.1021233, -19.1017056, -19.1003704, -19.0999641, -19.0987396, -19.0993023, -19.0984459
1541.009999999999, -19.1116104, -19.1121082, -19.1122036, -19.1105671, -19.1091728, -19.1094475, -19.1088428, -19.1086159, -19.1090488, -19.1085377
1541.019999999999, -19.1072426, -19.1081104, -19.1070366, -19.106411, -19.1065483, -19.1052303, -19.1055145, -19.1047077, -19.1043758, -19.1056709
1541.029999999999, -19.0968075, -19.0965137, -19.096777, -19.0978336, -19.097662, -19.0972939, -19.0967884, -19.096056, -19.0961494, -19.0945396
1541.039999999999, -19.0705967, -19.0716743, -19.071909, -19.0739441, -19.0739212, -19.074543, -19.0738392, -19.0735588, -19.0737038, -19.072443
1541.049999999999, -19.0388145, -19.0375347, -19.0363598, -19.036972, -19.0363598, -19.0359631, -19.0352154, -19.0353909, -19.0353107, -19.0349159
1541.059999999999, -18.9985638, -18.9978809, -18.998148, -18.9992676, -18.9982395, -18.9973755, -18.9977684, -18.9979839, -18.9968376, -18.9969521
1541.069999999999, -18.9526653, -18.9531441, -18.9528904, -18.9535522, -18.9530125, -18.9521999, -18.9515705, -18.9522839, -18.9533005, -18.9530945
1541.079999999999, -18.9250393, -18.9244576, -18.9252739, -18.9252548, -18.9248543, -18.9252472, -18.9256382, -18.9258595, -18.9224167, -18.9095764
1541.089999999999, -18.9030437, -18.9029026, -18.9027729, -18.9025898, -18.9024677, -18.9023342, -18.9022045, -18.9011917, -18.8982716, -18.9002342
1541.099999999999, -18.8918438, -18.8917522, -18.8919086, -18.8923435, -18.8937569, -18.8936024, -18.8930035, -18.8941383, -18.8936787, -18.8919678
1541.109999999999, -18.900095, -18.900629, -18.9003506, -18.8990536, -18.8988419, -18.898632, -18.8985538, -18.8985977, -18.8988304, -18.897438
1541.119999999999, -18.9167099, -18.9151516, -18.9170322, -18.9172688, -18.9164314, -18.9152527, -18.9136887, -18.9152908, -18.9188385, -18.9183044
1541.129999999999, -18.9497643, -18.9500656, -18.9498844, -18.9487953, -18.9458046, -18.9406796, -18.9385872, -18.9466438, -18.9473534, -18.9489422
1541.139999999999, -18.9461346, -18.9460125, -18.9456081, -18.9452171, -18.9469242, -18.9470215, -18.945776, -18.9452114, -18.9384537, -18.941391
1541.149999999999, -19.0294571, -19.0298882, -19.0286484, -19.0297279, -19.0296688, -19.0289955, -19.0294228, -19.030117, -19.029871, -19.0300884
1541.159999999999, -19.0683136, -19.0689144, -19.0690289, -19.0690289, -19.0696011, -19.0701027, -19.0702019, -19.0698051, -19.0698776, -19.0682907
1541.169999999999, -19.1048908, -19.1055584, -19.1050377, -19.1062775, -19.105814, -19.1056004, -19.1046524, -19.1047592, -19.1064491, -19.1062183
1541.179999999999, -19.1382256, -19.1391277, -19.1381569, -19.1378574, -19.1370373, -19.1368618, -19.1372147, -19.1369591, -19.1378002, -19.1377792
1541.189999999999, -19.1557255, -19.1570702, -19.1569157, -19.1566067, -19.1586971, -19.1601315, -19.158577, -19.1602135, -19.1603184, -19.1618156
1541.199999999999, -19.1651363, -19.1640358, -19.1645241, -19.1642246, -19.1643467, -19.1647663, -19.1663666, -19.1675777, -19.1659832, -19.1662731
1541.209999999999, -19.1667461, -19.16679, -19.1658669, -19.1670551, -19.1671486, -19.1665955, -19.1660652, -19.1657219, -19.165823, -19.1655426
1541.219999999999, -19.144722, -19.1456833, -19.145668, -19.1462173, -19.1459789, -19.1458683, -19.1460285, -19.1452789, -19.1454926, -19.1451416
1541.2299999999989, -19.117651, -19.117157, -19.1128693, -19.1148853, -19.1155148, -19.1161671, -19.116127, -19.1159401, -19.1162739, -19.1164112
1541.2399999999989, -19.0766239, -19.0762272, -19.0762787, -19.0752373, -19.0745792, -19.0751343, -19.0745106, -19.076973, -19.0779018, -19.0774765
1541.2499999999989, -19.0348225, -19.0342865, -19.0345325, -19.0347996, -19.0341682, -19.0344772, -19.0339546, -19.0348167, -19.0350914, -19.034296
1541.2599999999989, -18.9910717, -18.9901676, -18.9898357, -18.9894657, -18.9887142, -18.9885387, -18.9893131, -18.9882755, -18.9883308, -18.9892254
1541.2699999999988, -18.9478893, -18.9511356, -18.9496117, -18.9475842, -18.9454746, -18.9457283, -18.9428139, -18.9450779, -18.9492741, -18.9503155
1541.2799999999988, -18.9123096, -18.9100246, -18.9058876, -18.9030018, -18.8964329, -18.8900337, -18.8921471, -18.9063587, -18.9119282, -18.9134808
1541.2899999999988, -18.9003296, -18.8991241, -18.8994198, -18.8987579, -18.8963852, -18.8983574, -18.900095, -18.9006977, -18.9009228, -18.9007053
1541.2999999999988, -18.8874226, -18.8880768, -18.8883991, -18.8874817, -18.8868999, -18.8818722, -18.8865795, -18.8852978, -18.8848286, -18.8865509
1541.3099999999988, -18.8849182, -18.8840408, -18.8857689, -18.8863659, -18.8866005, -18.8842964, -18.8846149, -18.8866196, -18.888361, -18.8877697
1541.3199999999988, -18.8962631, -18.8977108, -18.8976097, -18.8977852, -18.8983574, -18.8972836, -18.8977528, -18.8972321, -18.892931, -18.8936253
1541.3299999999988, -18.9147186, -18.9135342, -18.913353, -18.9126663, -18.9119015, -18.9115372, -18.9113007, -18.9118366, -18.9125061, -18.9126797
1541.3399999999988, -18.946701, -18.9460373, -18.9451561, -18.9448986, -18.9442482, -18.9438477, -18.9449158, -18.9435577, -18.9427872, -18.9408588
1541.3499999999988, -18.9703903, -18.9694633, -18.966671, -18.9601097, -18.9632454, -18.9627514, -18.9642258, -18.9668369, -18.9703846, -18.9708805
1541.3599999999988, -18.9976749, -18.9979534, -18.9985199, -18.9972858, -18.9982376, -18.9987411, -18.9976597, -18.9976864, -18.9971523, -18.9969063
1541.3699999999988, -19.0173874, -19.0184536, -19.0182362, -19.0182076, -19.0197449, -19.0187244, -19.0180874, -19.017271, -19.0177326, -19.0184021
1541.3799999999987, -19.0422211, -19.0438423, -19.0439529, -19.0438328, -19.0428524, -19.0418892, -19.0399399, -19.0402775, -19.0415077, -19.0419788
1541.3899999999987, -19.0665474, -19.0659332, -19.0664253, -19.0662556, -19.0662174, -19.065218, -19.0642948, -19.0653324, -19.0667839, -19.0679455
1541.3999999999987, -19.0645447, -19.0642376, -19.0723839, -19.0727882, -19.0679951, -19.0718231, -19.0706749, -19.0793419, -19.0805283, -19.0777283
1541.4099999999987, -19.0798473, -19.0836544, -19.0838814, -19.0822487, -19.0816936, -19.0821838, -19.0837536, -19.0833244, -19.0827675, -19.0844173
1541.4199999999987, -19.0832233, -19.0836258, -19.0830612, -19.0823517, -19.0819874, -19.0817108, -19.0812683, -19.0810261, -19.0823383, -19.0819683
1541.4299999999987, -19.0813866, -19.081789, -19.0833168, -19.0834732, -19.0836563, -19.0831966, -19.0829582, -19.0842609, -19.0853653, -19.083498
1541.4399999999987, -19.0736084, -19.071291, -19.0702152, -19.0702858, -19.0702114, -19.0697155, -19.0701351, -19.0696964, -19.0700703, -19.0706253
1541.4499999999987, -19.0536156, -19.0530167, -19.0517521, -19.0522251, -19.0515614, -19.0518093, -19.0520916, -19.0528088, -19.0529022, -19.0535164
1541.4599999999987, -19.0212612, -19.024271, -19.0240707, -19.0232086, -19.0232182, -19.0252151, -19.0255127, -19.0254345, -19.0256786, -19.0253506
1541.4699999999987, -19.0020733, -19.0015259, -19.0005741, -19.0010529, -19.0009155, -19.0013752, -19.0021534, -19.0020618, -19.0027504, -19.0017529
1541.4799999999987, -18.9697113, -18.9694767, -18.970192, -18.970356, -18.9708462, -18.9704266, -18.9707031, -18.9707031, -18.9704266, -18.9699841
1541.4899999999986, -18.9368801, -18.9375744, -18.9383087, -18.938879, -18.9388561, -18.9387531, -18.9382095, -18.9382668, -18.9380531, -18.9384041
1541.4999999999986, -18.9126549, -18.9122791, -18.9125671, -18.9117012, -18.911581, -18.9119148, -18.9121952, -18.9124069, -18.9123001, -18.9124508
1541.5099999999986, -18.892107, -18.8922672, -18.8916626, -18.891428, -18.8922195, -18.8923321, -18.8917351, -18.8910713, -18.8915272, -18.8917675
1541.5199999999986, -18.8828354, -18.8835239, -18.8829937, -18.8824558, -18.8837376, -18.8854389, -18.8886032, -18.8887291, -18.8877068, -18.8881073
1541.5299999999986, -18.8621006, -18.8645325, -18.8650475, -18.8652287, -18.8646431, -18.8645706, -18.8643818, -18.8643742, -18.8638077, -18.8636703
1541.5399999999986, -18.8747044, -18.8750744, -18.87533, -18.8751431, -18.8754578, -18.8751812, -18.8757496, -18.8755283, -18.8752365, -18.8748455
1541.5499999999986, -18.8932915, -18.8931961, -18.8926735, -18.8927116, -18.8925667, -18.8932095, -18.8932209, -18.8930168, -18.8935699, -18.8929157
1541.5599999999986, -18.9186954, -18.9188938, -18.9184914, -18.9188004, -18.9189129, -18.9184742, -18.9186554, -18.9188976, -18.9181728, -18.9183064
1541.5699999999986, -18.9526863, -18.9530544, -18.9528751, -18.9519787, -18.9512424, -18.9520741, -18.9522247, -18.9531136, -18.9522915, -18.9522934
1541.5799999999986, -18.9901924, -18.9889641, -18.9897251, -18.9891548, -18.9918671, -18.9912891, -18.9898529, -18.9909153, -18.9907455, -18.9912376
1541.5899999999986, -19.0272465, -19.0276756, -19.0274467, -19.0271511, -19.0256519, -19.0254765, -19.0261879, -19.026886, -19.0275574, -19.0275249
1541.5999999999985, -19.0582104, -19.0586624, -19.0584469, -19.0581779, -19.0580902, -19.0576038, -19.0586834, -19.058506, -19.0576649, -19.0567436
1541.6099999999985, -19.0919247, -19.0914421, -19.0927181, -19.0931759, -19.0927296, -19.0923424, -19.0918255, -19.0916843, -19.092598, -19.0929413
1541.6199999999985, -19.1213589, -19.1208572, -19.1210251, -19.1215019, -19.1205788, -19.1213741, -19.1194782, -19.1195774, -19.1191826, -19.1192245
1541.6299999999985, -19.1375561, -19.1375923, -19.1386623, -19.1385269, -19.1376286, -19.1376858, -19.1379566, -19.1373196, -19.1380825, -19.1379395
1541.6399999999985, -19.1481724, -19.1480389, -19.148695, -19.1489677, -19.1495857, -19.1493931, -19.1491261, -19.1479454, -19.1487255, -19.1486797
1541.6499999999985, -19.1519241, -19.1518879, -19.1523151, -19.1509686, -19.1501694, -19.1492405, -19.1478539, -19.147541, -19.1464481, -19.1475163
1541.6599999999985, -19.1389465, -19.1387367, -19.1383514, -19.1362152, -19.1362534, -19.1349545, -19.1355896, -19.1358452, -19.1367226, -19.1356449
1541.6699999999985, -19.1100063, -19.1087856, -19.1063976, -19.1072826, -19.1070805, -19.1077118, -19.1078529, -19.108675, -19.1088352, -19.1081104
1541.6799999999985, -19.0814552, -19.0824852, -19.0823078, -19.0823193, -19.0822868, -19.0817299, -19.0821514, -19.0816727, -19.0819626, -19.0834961
1541.6899999999985, -19.0451279, -19.044138, -19.045351, -19.0443516, -19.0453758, -19.0433521, -19.0436268, -19.0435219, -19.0434589, -19.0434361
1541.6999999999985, -19.0006809, -19.0007706, -18.9991283, -18.9991112, -19.0000553, -18.9978218, -18.9996204, -18.9996395, -18.9993038, -18.9989033
1541.7099999999984, -19.0046139, -19.0024681, -19.002058, -19.0006771, -19.000576, -19.0023937, -19.0029354, -19.003149, -19.0029926, -19.0040379
1541.7199999999984, -18.9371204, -18.9371033, -18.9368839, -18.9360676, -18.9348507, -18.933918, -18.9342861, -18.9339008, -18.9347134, -18.9343433
1541.7299999999984, -18.9160576, -18.9155998, -18.9150391, -18.9154339, -18.9145374, -18.9149723, -18.9153099, -18.9150276, -18.9153557, -18.9149075
1541.7399999999984, -18.9142246, -18.9136963, -18.91436, -18.9147797, -18.9144325, -18.9145393, -18.9147797, -18.9148331, -18.9139748, -18.9139271
1541.7499999999984, -18.9261913, -18.9244328, -18.921999, -18.9237957, -18.9246311, -18.9251957, -18.9255371, -18.926136, -18.9257088, -18.92519
1541.7599999999984, -18.9521942, -18.9526176, -18.9521446, -18.9526939, -18.952858, -18.9528961, -18.9529648, -18.9525414, -18.9526558, -18.9520702
1541.7699999999984, -18.9920807, -18.9913197, -18.9920292, -18.9920444, -18.9913063, -18.989893, -18.9896069, -18.9906025, -18.9913464, -18.9918766
1541.7799999999984, -19.0338593, -19.0341969, -19.0346222, -19.034481, -19.0344887, -19.0346203, -19.0349617, -19.035347, -19.0345154, -19.0347576
1541.7899999999984, -19.072197, -19.0726509, -19.0721607, -19.0726452, -19.0731926, -19.0738144, -19.0723457, -19.0727596, -19.0728321, -19.0727749
1541.7999999999984, -19.0994225, -19.1003208, -19.1000786, -19.0990067, -19.099472, -19.1006966, -19.1009483, -19.1006241, -19.100296, -19.0993938
1541.8099999999984, -19.1199932, -19.119339, -19.1199913, -19.1206474, -19.120533, -19.1200981, -19.1193523, -19.119421, -19.1197281, -19.1199207
1541.8199999999983, -19.123333, -19.1229858, -19.1246929, -19.1234722, -19.1251144, -19.125164, -19.1260948, -19.1264381, -19.1246033, -19.1237717
1541.8299999999983, -19.1067924, -19.1066818, -19.1057968, -19.1061687, -19.104723, -19.1052246, -19.1059189, -19.1049995, -19.1062546, -19.106102
1541.8399999999983, -19.0777531, -19.078495, -19.0787926, -19.0791321, -19.0785904, -19.0783367, -19.0794621, -19.0790062, -19.0795879, -19.0802917
1541.8499999999983, -19.0272942, -19.0276794, -19.027647, -19.0276222, -19.0279541, -19.0279903, -19.0276604, -19.0271759, -19.0270271, -19.0279312
1541.8599999999983, -18.9826031, -18.9823818, -18.9815922, -18.9816875, -18.981575, -18.9821453, -18.9822407, -18.9820232, -18.9820499, -18.9821148
1541.8699999999983, -18.9277534, -18.9280128, -18.9284286, -18.9269047, -18.927002, -18.9271374, -18.9273548, -18.9276199, -18.9279747, -18.9282913
1541.8799999999983, -18.8883228, -18.8880615, -18.8875732, -18.8875465, -18.8876247, -18.8870964, -18.8870773, -18.8863525, -18.8870201, -18.8878918
1541.8899999999983, -18.8707047, -18.8695946, -18.8706799, -18.8701229, -18.8709278, -18.8718433, -18.8709393, -18.8707561, -18.8706493, -18.8702641
1541.8999999999983, -18.8735085, -18.8731079, -18.8739529, -18.8731003, -18.8728733, -18.8729095, -18.8727646, -18.8736, -18.8730583, -18.8733368
1541.9099999999983, -18.91675, -18.9128723, -18.9127789, -18.9130497, -18.9183636, -18.9239616, -18.9123077, -18.9130821, -18.9121666, -18.9129887
1541.9199999999983, -18.9835052, -18.983448, -18.9841137, -18.9837856, -18.9842072, -18.9841843, -18.9832058, -18.9828911, -18.9832783, -18.9836102
1541.9299999999982, -19.0852451, -19.0860519, -19.0862331, -19.0846157, -19.0857468, -19.0871124, -19.0862999, -19.0856285, -19.0868797, -19.0878754
1541.9399999999982, -19.1958618, -19.1964798, -19.195837, -19.1968231, -19.1974697, -19.1991177, -19.199934, -19.1992798, -19.198637, -19.1971169
1541.9499999999982, -19.3234806, -19.3231621, -19.3229122, -19.3226433, -19.3223553, -19.322401, -19.3222084, -19.3218555, -19.32271, -19.3227844
1541.9599999999982, -19.319416, -19.3214722, -19.3220444, -19.3218613, -19.3205051, -19.3200283, -19.3207378, -19.3213272, -19.3220615, -19.322382
1541.9699999999982, -19.5009365, -19.5013752, -19.499197, -19.499115, -19.5000057, -19.4982567, -19.4967499, -19.4988384, -19.4990654, -19.498682
1541.9799999999982, -19.5443935, -19.5458031, -19.5454006, -19.5443535, -19.5431309, -19.5432873, -19.5439091, -19.5437222, -19.5443268, -19.5452824
1541.9899999999982, -19.6057472, -19.6043262, -19.6044769, -19.6039772, -19.603199, -19.6021156, -19.6019001, -19.6019917, -19.6020203, -19.6021824
1541.9999999999982, -19.7164402, -19.7173519, -19.7195454, -19.7229309, -19.7234173, -19.723423, -19.7234421, -19.723156, -19.7236633, -19.7238445
1542.0099999999982, -19.907341, -19.9071445, -19.9068623, -19.9066696, -19.9076958, -19.9072514, -19.9053898, -19.9057693, -19.9054184, -19.9051228
1542.0199999999982, -20.0040493, -20.0047455, -20.0055809, -20.0055523, -20.005518, -20.0046654, -20.0056324, -20.0058556, -20.0064526, -20.0077305
1542.0299999999982, -19.8633251, -19.8637619, -19.8644981, -19.8642788, -19.8646793, -19.8633518, -19.862278, -19.8618755, -19.864193, -19.8659039
1542.0399999999981, -19.6124573, -19.6117783, -19.6112442, -19.6100903, -19.6104259, -19.609354, -19.6085529, -19.6111832, -19.6113472, -19.6107807
1542.0499999999981, -19.4353809, -19.4355431, -19.4356232, -19.4350376, -19.4339962, -19.4338951, -19.4353313, -19.4356003, -19.4348564, -19.4364471
1542.0599999999981, -19.3604565, -19.3598003, -19.3591785, -19.359375, -19.3586655, -19.3578911, -19.3578949, -19.3569126, -19.3582649, -19.3579292
1542.0699999999981, -19.3416824, -19.3417816, -19.3412781, -19.3411007, -19.3415337, -19.3416348, -19.3418522, -19.3418331, -19.341774, -19.3437767
1542.079999999998, -19.3196335, -19.3196507, -19.3200226, -19.3199825, -19.3200321, -19.3192425, -19.3196373, -19.3201008, -19.3197823, -19.3201199
1542.089999999998, -19.2818413, -19.2821884, -19.282383, -19.2829266, -19.2828407, -19.2831802, -19.2827549, -19.2828827, -19.2822952, -19.2823792
1542.099999999998, -19.2230339, -19.22328, -19.2234306, -19.2225952, -19.2236519, -19.2223682, -19.2231388, -19.223423, -19.223547, -19.2231064
1542.109999999998, -19.1592808, -19.1583767, -19.1579247, -19.1565876, -19.155798, -19.1563969, -19.1562061, -19.1570206, -19.156517, -19.1571751
1542.119999999998, -19.0751381, -19.0755196, -19.0747814, -19.0746975, -19.0749664, -19.0748024, -19.0749092, -19.0746479, -19.0743027, -19.0742149
1542.129999999998, -18.9998837, -18.9990826, -18.9980679, -18.9984913, -18.9982491, -18.9982967, -18.9983006, -18.9987373, -18.9989414, -18.9985485
1542.139999999998, -18.9330692, -18.93293, -18.9326305, -18.9322472, -18.9325523, -18.933115, -18.9327946, -18.9330978, -18.9327774, -18.9317341
1542.149999999998, -18.8805161, -18.8820534, -18.8814888, -18.8812447, -18.8820801, -18.8811531, -18.8813858, -18.8814812, -18.8810425, -18.8819695
1542.159999999998, -18.8487263, -18.8482075, -18.8481236, -18.8478832, -18.8476944, -18.847105, -18.8474522, -18.8475704, -18.8466625, -18.8474464
1542.169999999998, -18.8351803, -18.8358288, -18.8352432, -18.8339424, -18.8344288, -18.834444, -18.8344421, -18.8338451, -18.8334961, -18.8344231
1542.179999999998, -18.8361034, -18.8361874, -18.8373108, -18.8370285, -18.8375835, -18.8379745, -18.8381939, -18.8368301, -18.8385353, -18.8387451
1542.189999999998, -18.8479614, -18.8478699, -18.8482666, -18.8467789, -18.8466797, -18.8456154, -18.8457909, -18.8458843, -18.8464603, -18.846426
1542.199999999998, -18.8709278, -18.8708363, -18.8701878, -18.8711948, -18.8715038, -18.8707809, -18.8703117, -18.8698559, -18.8692856, -18.8692265
1542.209999999998, -18.8949451, -18.8956394, -18.8961678, -18.8967876, -18.8967152, -18.8957806, -18.895113, -18.8957329, -18.8952675, -18.8953896
1542.219999999998, -18.934082, -18.9349289, -18.9335117, -18.9330769, -18.9325066, -18.9331608, -18.9336071, -18.9323387, -18.9317474, -18.9316235
1542.229999999998, -18.9525013, -18.9521542, -18.9535618, -18.9528942, -18.9533215, -18.9523296, -18.9516258, -18.9524231, -18.9521675, -18.9532261
1542.239999999998, -18.9797325, -18.9798107, -18.979475, -18.9799938, -18.9805908, -18.9813557, -18.9809132, -18.9807873, -18.9798622, -18.9796371
1542.249999999998, -18.9937096, -18.9955444, -18.9950085, -18.9938221, -18.9914131, -18.9931374, -18.992506, -18.9945984, -18.9941349, -18.9943218
1542.259999999998, -19.0106792, -19.0117989, -19.0099506, -19.0096951, -19.010025, -19.0095596, -19.0101681, -19.0103016, -19.0099411, -19.0094337
1542.269999999998, -19.0120735, -19.011652, -19.0135231, -19.0119133, -19.0122547, -19.0123024, -19.0126438, -19.0128098, -19.0128689, -19.0136356
1542.279999999998, -19.0013027, -19.0008888, -19.0010014, -19.0010471, -19.0014725, -19.0020828, -19.0015011, -19.0021095, -19.0021687, -19.0022469
1542.289999999998, -18.9853439, -18.9855099, -18.9867935, -18.9855614, -18.9852638, -18.9848385, -18.9849911, -18.9850903, -18.9853287, -18.9847183
1542.299999999998, -18.9567661, -18.9565945, -18.9559708, -18.9554424, -18.955759, -18.9571056, -18.957365, -18.9570694, -18.9565105, -18.9566174
1542.309999999998, -18.919323, -18.9193363, -18.9191189, -18.919857, -18.9198074, -18.918951, -18.9190216, -18.9190617, -18.919281, -18.9197521
1542.319999999998, -18.8725224, -18.8722744, -18.8727226, -18.8724842, -18.8727551, -18.8721905, -18.8723278, -18.871294, -18.8716812, -18.8727093
1542.3299999999979, -18.8334827, -18.8329449, -18.8330383, -18.8338795, -18.8333511, -18.8331127, -18.8339729, -18.8333721, -18.832962, -18.8331528
1542.3399999999979, -18.7898293, -18.7905407, -18.7900581, -18.7889347, -18.78825, -18.7883434, -18.7878323, -18.7874775, -18.7877369, -18.7879257
1542.3499999999979, -18.7482605, -18.7480659, -18.7476654, -18.7482986, -18.7482262, -18.7486038, -18.7485695, -18.7486744, -18.7487316, -18.7492237
1542.3599999999979, -18.7169342, -18.7173233, -18.7176208, -18.7164288, -18.7157154, -18.7163544, -18.7163105, -18.7158508, -18.7168484, -18.7164459
1542.3699999999978, -18.7041912, -18.7039776, -18.7041626, -18.7047615, -18.7055149, -18.7058258, -18.7048111, -18.7046204, -18.7059231, -18.7061119
1542.3799999999978, -18.6955299, -18.6948395, -18.6955395, -18.695858, -18.6969662, -18.6967545, -18.6967468, -18.6971931, -18.6976318, -18.6971035
1542.3899999999978, -18.7024479, -18.7028732, -18.7032719, -18.7028236, -18.7027702, -18.702898, -18.7025833, -18.702528, -18.7031937, -18.7057648
1542.3999999999978, -18.7289982, -18.7287388, -18.7296944, -18.7363853, -18.7369461, -18.730938, -18.7298679, -18.7293568, -18.7286472, -18.7290688
1542.4099999999978, -18.7555943, -18.7556667, -18.7558002, -18.7559204, -18.7553196, -18.7556896, -18.7546558, -18.7533321, -18.7541561, -18.7539444
1542.4199999999978, -18.7871704, -18.7860088, -18.7868214, -18.7866783, -18.7863045, -18.7868137, -18.7869987, -18.786438, -18.7865734, -18.7873421
1542.4299999999978, -18.8256168, -18.8256359, -18.8259048, -18.8270245, -18.8273315, -18.8272305, -18.8276253, -18.8274307, -18.8277664, -18.8277454
1542.4399999999978, -18.8671951, -18.8670597, -18.8671684, -18.8665066, -18.8670197, -18.8664169, -18.8668079, -18.8667641, -18.8668728, -18.8655109
1542.4499999999978, -18.9077492, -18.9071712, -18.9068718, -18.9070644, -18.9061508, -18.9065762, -18.9065685, -18.9071121, -18.9078522, -18.9071941
1542.4599999999978, -18.9384918, -18.9381599, -18.9384251, -18.9376049, -18.9377213, -18.937706, -18.9381542, -18.9378586, -18.9376659, -18.9385452
1542.4699999999978, -18.9621067, -18.9624653, -18.9627361, -18.9625244, -18.9612751, -18.9612331, -18.9602242, -18.9602184, -18.9615936, -18.9621754
1542.4799999999977, -18.9746532, -18.9746742, -18.9737186, -18.9741287, -18.9742622, -18.9746418, -18.9749908, -18.9744911, -18.9750347, -18.9747505
1542.4899999999977, -18.9740868, -18.973917, -18.9741631, -18.9734726, -18.9713459, -18.9713135, -18.9725132, -18.9737988, -18.973238, -18.9717541
1542.4999999999977, -18.9583092, -18.958416, -18.9586868, -18.958828, -18.9589386, -18.9586563, -18.9575577, -18.9578342, -18.9585648, -18.9593048
1542.5099999999977, -18.9280987, -18.9284611, -18.9280796, -18.9277897, -18.928503, -18.9279652, -18.9277782, -18.9276772, -18.9273949, -18.9277954
1542.5199999999977, -18.8988686, -18.8990688, -18.8988247, -18.8989429, -18.8989048, -18.8990402, -18.8979492, -18.8980598, -18.8988304, -18.8991184
1542.5299999999977, -18.851965, -18.8519802, -18.851902, -18.852396, -18.852438, -18.851881, -18.8521729, -18.8525314, -18.852766, -18.8527908
1542.5399999999977, -18.8151455, -18.8148518, -18.8158588, -18.8160057, -18.8154793, -18.8154297, -18.8156357, -18.815836, -18.8154278, -18.8141365
1542.5499999999977, -18.774065, -18.7739964, -18.7748489, -18.7746868, -18.7734547, -18.7728157, -18.7732563, -18.7734509, -18.7720089, -18.7717018
1542.5599999999977, -18.7389851, -18.7387772, -18.7386856, -18.7393627, -18.7399712, -18.7395954, -18.7397766, -18.7399216, -18.738905, -18.7386837
1542.5699999999977, -18.7167702, -18.7172146, -18.7171574, -18.7169189, -18.7162914, -18.7166271, -18.7172737, -18.7146606, -18.716608, -18.7168198
1542.5799999999977, -18.7040329, -18.7038651, -18.7034016, -18.7044792, -18.7038879, -18.7037296, -18.7044868, -18.704134, -18.7032261, -18.7034702
1542.5899999999976, -18.7081432, -18.7080727, -18.707428, -18.7076893, -18.7082081, -18.7081814, -18.7078438, -18.707613, -18.7074947, -18.707962
1542.5999999999976, -18.7240868, -18.7247601, -18.7239113, -18.7245483, -18.7247086, -18.7255974, -18.7243328, -18.7233028, -18.7231655, -18.7238197
1542.6099999999976, -18.7574806, -18.7579651, -18.7578106, -18.7579479, -18.7579384, -18.7578907, -18.7578716, -18.7584686, -18.758358, -18.7581844
1542.6199999999976, -18.7934933, -18.7927399, -18.7931328, -18.7930565, -18.7933903, -18.793642, -18.7937469, -18.793066, -18.7926826, -18.793251
1542.6299999999976, -18.8370132, -18.8373623, -18.8377361, -18.8371544, -18.8368855, -18.8363571, -18.836174, -18.8351955, -18.8356133, -18.835331
1542.6399999999976, -18.8739147, -18.8736401, -18.8732433, -18.8738041, -18.8738346, -18.873888, -18.8738651, -18.8736115, -18.8736782, -18.8732471
1542.6499999999976, -18.9128437, -18.9129143, -18.9130325, -18.9133816, -18.9133244, -18.9133453, -18.9133835, -18.9133186, -18.9135551, -18.9131756
1542.6599999999976, -18.9386101, -18.9385719, -18.9389935, -18.9393978, -18.9385338, -18.9385796, -18.9386425, -18.9386005, -18.9388008, -18.9387817
1542.6699999999976, -18.9592609, -18.9594364, -18.9602032, -18.9598827, -18.9602909, -18.9598713, -18.9601994, -18.9594746, -18.9595242, -18.9592094
1542.6799999999976, -18.9518967, -18.9521961, -18.9522038, -18.9533081, -18.9536972, -18.953455, -18.9525757, -18.9526081, -18.9525261, -18.9528599
1542.6899999999976, -18.9290524, -18.9296646, -18.9298553, -18.9296303, -18.9300289, -18.9298363, -18.9291248, -18.9292469, -18.9294968, -18.9297752
1542.6999999999975, -18.899786, -18.8980045, -18.898716, -18.897892, -18.8977661, -18.8985767, -18.8995667, -18.8990517, -18.8983593, -18.8981056
1542.7099999999975, -18.8456383, -18.8453979, -18.8461628, -18.8462448, -18.8464298, -18.8454933, -18.8463612, -18.8470345, -18.8461838, -18.8462143
1542.7199999999975, -18.7833042, -18.7832718, -18.7835369, -18.7831936, -18.7828827, -18.7839165, -18.7832394, -18.7828808, -18.7827282, -18.7830925
1542.7299999999975, -18.723774, -18.7231102, -18.7239094, -18.7233353, -18.7221336, -18.721487, -18.7204475, -18.7203789, -18.7209511, -18.7210026
1542.7399999999975, -18.6686554, -18.668314, -18.6671791, -18.6678429, -18.6676826, -18.6677608, -18.668005, -18.6674957, -18.6671181, -18.6673584
1542.7499999999975, -18.618187, -18.6181641, -18.6174469, -18.6166611, -18.6166687, -18.6157341, -18.6156044, -18.6162815, -18.6165829, -18.6157417
1542.7599999999975, -18.5917244, -18.5919342, -18.5919018, -18.5916939, -18.5917721, -18.5917053, -18.5916023, -18.5916824, -18.5915756, -18.5923939
1542.7699999999975, -18.5818176, -18.5815716, -18.581707, -18.58148, -18.581953, -18.5811481, -18.5812283, -18.5809937, -18.5819283, -18.5814934
1542.7799999999975, -18.5963631, -18.5961723, -18.5960865, -18.5955544, -18.5956974, -18.5952301, -18.5954247, -18.595726, -18.5955791, -18.5963306
1542.7899999999975, -18.6297321, -18.6303558, -18.6283092, -18.6283474, -18.6287804, -18.6293297, -18.628521, -18.6282635, -18.6296539, -18.6289368
1542.7999999999975, -18.6676159, -18.6673965, -18.6682262, -18.6703892, -18.6689301, -18.667654, -18.66679, -18.6675129, -18.6662655, -18.6659031
1542.8099999999974, -18.713522, -18.7124901, -18.7124271, -18.7126751, -18.7137051, -18.7135239, -18.7123566, -18.7122574, -18.7122593, -18.7118969
1542.8199999999974, -18.7625828, -18.7633038, -18.7616768, -18.7605572, -18.7588291, -18.760561, -18.7640667, -18.7635326, -18.7631702, -18.7601147
1542.8299999999974, -18.8071346, -18.8080063, -18.8078556, -18.8080521, -18.8079014, -18.8078041, -18.8096542, -18.8144703, -18.8158016, -18.814743
1542.8399999999974, -18.8348942, -18.8347683, -18.835289, -18.8357582, -18.8356838, -18.83535, -18.8350849, -18.8356686, -18.83564, -18.8350048
1542.8499999999974, -18.8547764, -18.8544235, -18.8547897, -18.8537655, -18.854063, -18.8539371, -18.8543625, -18.8536205, -18.8542824, -18.8535137
1542.8599999999974, -18.855711, -18.8549519, -18.8542957, -18.8554497, -18.8557911, -18.8569851, -18.8569336, -18.8567333, -18.8560257, -18.8567543
1542.8699999999974, -18.8541908, -18.8533535, -18.8532906, -18.8533325, -18.8527298, -18.8526287, -18.8538761, -18.853508, -18.8540096, -18.8521671
1542.8799999999974, -18.8313599, -18.8310642, -18.8316174, -18.833847, -18.8332405, -18.8321571, -18.8350029, -18.8319836, -18.8326015, -18.8319187
1542.8899999999974, -18.7926426, -18.7927666, -18.7940197, -18.7941952, -18.7947197, -18.7947121, -18.7956867, -18.7959213, -18.7946548, -18.7939758
1542.8999999999974, -18.7576485, -18.7559528, -18.7562485, -18.7565613, -18.7564373, -18.7561188, -18.7553635, -18.7565994, -18.7561359, -18.7566051
1542.9099999999974, -18.7059097, -18.7056236, -18.706337, -18.7056923, -18.7038174, -18.704155, -18.7032204, -18.7035999, -18.7031155, -18.7043018
1542.9199999999973, -18.6559868, -18.6555004, -18.6554146, -18.6556911, -18.6552486, -18.656105, -18.6556435, -18.6555424, -18.6554909, -18.6554642
1542.9299999999973, -18.6128998, -18.6112785, -18.6114273, -18.6111126, -18.6114998, -18.6115494, -18.6109734, -18.6106186, -18.6107483, -18.6107292
1542.9399999999973, -18.5780525, -18.5779839, -18.5782623, -18.5787163, -18.5791817, -18.5790119, -18.5783863, -18.5785408, -18.5793266, -18.5799465
1542.9499999999973, -18.5688114, -18.5698948, -18.5696316, -18.5689373, -18.5692101, -18.5688267, -18.5665913, -18.5682087, -18.5662918, -18.5668221
1542.9599999999973, -18.5620918, -18.5619049, -18.5618973, -18.5620403, -18.562212, -18.5618534, -18.5594978, -18.559124, -18.5613194, -18.5635052
1542.9699999999973, -18.5782661, -18.5765953, -18.5757942, -18.5787392, -18.5785942, -18.574934, -18.575325, -18.5756855, -18.5759487, -18.5770798
1542.9799999999973, -18.5995865, -18.5979385, -18.5967121, -18.5968342, -18.5958023, -18.5959587, -18.5969181, -18.5983143, -18.5987797, -18.5987396
1542.9899999999973, -18.6304646, -18.629776, -18.6300373, -18.6289635, -18.6293659, -18.6285419, -18.6288242, -18.629591, -18.6285076, -18.627636
1542.9999999999973, -18.6698799, -18.6684647, -18.6699104, -18.6693382, -18.6700153, -18.6671581, -18.6670895, -18.6673737, -18.6674595, -18.6680012
1543.0099999999973, -18.7172775, -18.7176094, -18.7179565, -18.7174931, -18.7173939, -18.717432, -18.7175751, -18.7161369, -18.7156391, -18.716608
1543.0199999999973, -18.7528629, -18.7516174, -18.751545, -18.7496319, -18.7504807, -18.7483788, -18.7478714, -18.7478046, -18.7477684, -18.7476749
1543.0299999999972, -18.7856026, -18.7858124, -18.78545, -18.7851429, -18.7853127, -18.7846851, -18.7844105, -18.7851772, -18.7855434, -18.7866631
1543.0399999999972, -18.8160992, -18.8158779, -18.8162289, -18.8162441, -18.815649, -18.8153629, -18.8156281, -18.8153324, -18.8151073, -18.8157749
1543.0499999999972, -18.8375835, -18.8374653, -18.8369293, -18.8373032, -18.8378201, -18.8376217, -18.8378735, -18.8372288, -18.8381081, -18.8377495
1543.0599999999972, -18.850132, -18.8505325, -18.8506718, -18.8506584, -18.8505402, -18.8509674, -18.851593, -18.851696, -18.8518963, -18.8516502
1543.0699999999972, -18.8490067, -18.8488331, -18.8490562, -18.8527985, -18.8531647, -18.8529167, -18.8522472, -18.8526173, -18.8526726, -18.8527374
1543.0799999999972, -18.8412533, -18.8422642, -18.8421478, -18.8425941, -18.8435078, -18.8429623, -18.8429356, -18.8433132, -18.8436642, -18.8431149
1543.0899999999972, -18.8249168, -18.824604, -18.82514, -18.8252068, -18.8250694, -18.8243065, -18.8247147, -18.8244572, -18.8248577, -18.8238144
1543.0999999999972, -18.805088, -18.8055325, -18.8050785, -18.8038158, -18.8049202, -18.8047142, -18.8060436, -18.8058071, -18.8053799, -18.8068085
1543.1099999999972, -18.7735691, -18.7728405, -18.7740116, -18.7732544, -18.7732449, -18.7731037, -18.773735, -18.77355, -18.7734489, -18.7741661
1543.1199999999972, -18.7386932, -18.7374229, -18.7381725, -18.7397118, -18.7402668, -18.73946, -18.7377319, -18.736763, -18.7379456, -18.7375679
1543.1299999999972, -18.694828, -18.6943359, -18.6940746, -18.6960163, -18.6960888, -18.695755, -18.6959667, -18.6959438, -18.6964531, -18.6970844
1543.1399999999971, -18.6551762, -18.656374, -18.6576519, -18.6552563, -18.6546173, -18.6551723, -18.6555958, -18.6559944, -18.6561756, -18.6564693
1543.1499999999971, -18.6137581, -18.6126518, -18.6118946, -18.61059, -18.610878, -18.6110783, -18.6113586, -18.6113052, -18.6110992, -18.6111813
1543.1599999999971, -18.5750465, -18.5744553, -18.5751419, -18.5744324, -18.5755043, -18.5760117, -18.5755978, -18.5757103, -18.5754948, -18.5758419
1543.1699999999971, -18.547596, -18.5473919, -18.5477142, -18.5479336, -18.5490608, -18.5507183, -18.5494785, -18.5488987, -18.5481339, -18.5483932
1543.179999999997, -18.5313911, -18.5317039, -18.5317974, -18.530014, -18.5302696, -18.5302792, -18.5295734, -18.5286083, -18.5292606, -18.5294437
1543.189999999997, -18.5197849, -18.5193195, -18.5195389, -18.5185642, -18.5185966, -18.5181007, -18.5158749, -18.5157604, -18.5160904, -18.5158043
1543.199999999997, -18.5187035, -18.5210457, -18.5189056, -18.5244141, -18.5234051, -18.5284195, -18.5284119, -18.5322399, -18.5308342, -18.5239639
1543.209999999997, -18.532444, -18.5325108, -18.5314598, -18.5284081, -18.5298977, -18.5299911, -18.5289211, -18.530529, -18.532198, -18.5284901
1543.219999999997, -18.5583248, -18.5585003, -18.5584259, -18.557848, -18.5570984, -18.5564747, -18.5567455, -18.5569344, -18.5552368, -18.5537376
1543.229999999997, -18.5740967, -18.5723114, -18.5728073, -18.5732098, -18.5702839, -18.5698757, -18.5686531, -18.5679436, -18.568943, -18.5699425
1543.239999999997, -18.6189137, -18.6187935, -18.6180687, -18.6158218, -18.6152191, -18.6144047, -18.6158886, -18.6132278, -18.6126041, -18.6125793
1543.249999999997, -18.6486053, -18.6485577, -18.6521893, -18.6493587, -18.6466961, -18.6449471, -18.6432991, -18.6439228, -18.643652, -18.6431637
1543.259999999997, -18.686285, -18.6865005, -18.6864777, -18.6870461, -18.6868973, -18.6857624, -18.6833153, -18.6836758, -18.6837368, -18.6849613
1543.269999999997, -18.7229195, -18.721302, -18.7216129, -18.7220669, -18.7216454, -18.7208385, -18.7197685, -18.7193699, -18.7198277, -18.720932
1543.279999999997, -18.7495823, -18.7495575, -18.7491493, -18.7481079, -18.7472706, -18.749506, -18.7497177, -18.7503109, -18.7503738, -18.7491837
1543.289999999997, -18.7651615, -18.7650967, -18.7633533, -18.7649612, -18.7653008, -18.765337, -18.7656021, -18.7663155, -18.7654419, -18.765007
1543.299999999997, -18.7687893, -18.7687416, -18.7692814, -18.76931, -18.7705231, -18.7714767, -18.7703991, -18.7696686, -18.7696915, -18.7696857
1543.309999999997, -18.753273, -18.7544994, -18.755764, -18.7543812, -18.7533588, -18.7536793, -18.75317, -18.7537804, -18.7540951, -18.7542286
1543.319999999997, -18.7353668, -18.7348328, -18.7337418, -18.7350063, -18.7349968, -18.735651, -18.7354813, -18.7356281, -18.7353935, -18.7357311
1543.329999999997, -18.7046223, -18.7044678, -18.704689, -18.7047462, -18.7044868, -18.7053928, -18.7060852, -18.7065773, -18.7065582, -18.7064438
1543.339999999997, -18.6612968, -18.660635, -18.6602325, -18.6610031, -18.6615353, -18.661869, -18.6601887, -18.6607227, -18.6589451, -18.6596851
1543.349999999997, -18.6092129, -18.6094646, -18.6085701, -18.6089287, -18.6104088, -18.6101971, -18.6139488, -18.6105938, -18.6109543, -18.6123943
1543.359999999997, -18.5756817, -18.5763283, -18.5762768, -18.5730495, -18.5720901, -18.5729599, -18.573267, -18.5727692, -18.5711365, -18.568428
1543.369999999997, -18.531044, -18.5324936, -18.5332546, -18.5335274, -18.5356388, -18.5350552, -18.5344887, -18.5351028, -18.5339108, -18.5346985
1543.379999999997, -18.4997272, -18.499445, -18.4990311, -18.49856, -18.4987106, -18.4991932, -18.4990444, -18.5000019, -18.4996815, -18.4987965
1543.389999999997, -18.477354, -18.4783726, -18.4771805, -18.4772701, -18.4767838, -18.4765472, -18.4762039, -18.4763603, -18.4767361, -18.4771881
1543.399999999997, -18.4628735, -18.4624825, -18.4622002, -18.4622631, -18.461935, -18.4624252, -18.4613171, -18.4616604, -18.4620056, -18.4618225
1543.409999999997, -18.4599934, -18.459898, -18.4600735, -18.4602814, -18.4598141, -18.4595013, -18.4591103, -18.4594631, -18.4599419, -18.4593945
1543.419999999997, -18.4776897, -18.4766178, -18.4766731, -18.4768314, -18.4770126, -18.4775486, -18.477375, -18.4765053, -18.4761734, -18.4762554
1543.4299999999969, -18.5018997, -18.5008335, -18.5005684, -18.4994717, -18.498415, -18.4983253, -18.4985466, -18.4987221, -18.4983025, -18.5
1543.4399999999969, -18.5278835, -18.5276356, -18.5279675, -18.5285358, -18.5292778, -18.5293465, -18.5286522, -18.5293007, -18.5338249, -18.5416565
1543.4499999999969, -18.6079121, -18.5835876, -18.573946, -18.5745239, -18.5746498, -18.5739021, -18.5740013, -18.5725822, -18.5725498, -18.5712357
1543.4599999999969, -18.606554, -18.6064873, -18.6071911, -18.6077232, -18.6077957, -18.6074429, -18.6064529, -18.6069832, -18.6094036, -18.6134415
1543.4699999999968, -18.6451855, -18.6443653, -18.6454296, -18.6466579, -18.6460075, -18.6453972, -18.6457291, -18.6450539, -18.6420822, -18.6454353
1543.4799999999968, -18.6767406, -18.6766968, -18.675848, -18.6769485, -18.67836, -18.6791439, -18.6780243, -18.6767921, -18.6771183, -18.6751518
1543.4899999999968, -18.6947098, -18.6958313, -18.6965141, -18.6961098, -18.6966057, -18.6963215, -18.697773, -18.6991405, -18.699255, -18.698082
1543.4999999999968, -18.704073, -18.7039719, -18.7048302, -18.703186, -18.7025719, -18.7022934, -18.7014332, -18.7012711, -18.7009468, -18.7013435
1543.5099999999968, -18.6993103, -18.6990089, -18.6984978, -18.6975136, -18.6969471, -18.6970844, -18.696476, -18.6976337, -18.697403, -18.6971073
1543.5199999999968, -18.6720448, -18.6718235, -18.6731644, -18.6754551, -18.6766281, -18.6744347, -18.674202, -18.6719532, -18.6717319, -18.6703701
1543.5299999999968, -18.6416779, -18.6428776, -18.6451168, -18.6451607, -18.6451454, -18.6416283, -18.64011, -18.6399612, -18.6388683, -18.640789
1543.5399999999968, -18.6007271, -18.5985241, -18.5983658, -18.5981598, -18.5980282, -18.5973225, -18.5970001, -18.5978794, -18.5981312, -18.5984058
1543.5499999999968, -18.5499439, -18.5499382, -18.5498867, -18.55056, -18.5500221, -18.5498981, -18.5497627, -18.5502224, -18.5503235, -18.5510674
1543.5599999999968, -18.4944706, -18.4957008, -18.4965954, -18.4961319, -18.4952049, -18.4946003, -18.4943676, -18.4941902, -18.4945621, -18.4945049
1543.5699999999968, -18.4560051, -18.4558182, -18.4561634, -18.456049, -18.4561863, -18.456295, -18.4544811, -18.4539185, -18.4531498, -18.4535751
1543.5799999999967, -18.4242783, -18.4242401, -18.4241104, -18.4243069, -18.4237156, -18.4237232, -18.4224491, -18.4222374, -18.4227486, -18.4233189
1543.5899999999967, -18.4080353, -18.4088459, -18.4096298, -18.4108582, -18.4108829, -18.4116364, -18.4119968, -18.4117603, -18.4134769, -18.4134197
1543.5999999999967, -18.4196205, -18.4195156, -18.4193344, -18.4187241, -18.4193859, -18.4197197, -18.419693, -18.4194183, -18.419138, -18.418623
1543.6099999999967, -18.4401474, -18.4398117, -18.4391022, -18.4390259, -18.4393291, -18.43923, -18.4382038, -18.4383011, -18.4390507, -18.4387627
1543.6199999999967, -18.4724369, -18.4714108, -18.4706306, -18.470932, -18.472456, -18.4722328, -18.4707394, -18.4703751, -18.4693222, -18.4690285
1543.6299999999967, -18.5073109, -18.5074558, -18.506813, -18.5076981, -18.507618, -18.5081005, -18.507122, -18.5070953, -18.5077991, -18.506916
1543.6399999999967, -18.5412292, -18.5410042, -18.5413532, -18.5411415, -18.5411091, -18.5413475, -18.5406437, -18.5408897, -18.5403709, -18.5408649
1543.6499999999967, -18.5780373, -18.5778694, -18.5785389, -18.5787029, -18.5804558, -18.5798779, -18.5794468, -18.581152, -18.5827141, -18.5809841
1543.6599999999967, -18.6122627, -18.6121445, -18.6119823, -18.6118526, -18.6113358, -18.6109638, -18.6101894, -18.6104507, -18.6120415, -18.6110954
1543.6699999999967, -18.6313381, -18.6314583, -18.6321201, -18.6333237, -18.6330853, -18.6330013, -18.6317291, -18.6314907, -18.6314583, -18.6319485
1543.6799999999967, -18.6628189, -18.689043, -18.6790352, -18.6618538, -18.6473637, -18.6411324, -18.6392555, -18.6379337, -18.6361084, -18.6353779
1543.6899999999966, -18.6650238, -18.6411247, -18.6380234, -18.6406059, -18.638031, -18.6366444, -18.6360054, -18.6354771, -18.633419, -18.6345882
1543.6999999999966, -18.6147995, -18.6138268, -18.6137199, -18.6141605, -18.6149082, -18.6157417, -18.6160774, -18.6156693, -18.6151123, -18.6159267
1543.7099999999966, -18.5820293, -18.5824451, -18.5818977, -18.5809441, -18.5803261, -18.581068, -18.5811291, -18.5818386, -18.5806637, -18.5803642
1543.7199999999966, -18.5281391, -18.527401, -18.5260963, -18.5245724, -18.5245705, -18.5245209, -18.5252876, -18.5246201, -18.5247383, -18.5250053
1543.7299999999966, -18.4813519, -18.4826469, -18.482336, -18.4832935, -18.4836254, -18.4830399, -18.4820518, -18.4827785, -18.4828491, -18.4822655
1543.7399999999966, -18.4355011, -18.4356441, -18.4352074, -18.4345875, -18.4348164, -18.4346905, -18.4352436, -18.4348888, -18.4371166, -18.436615
1543.7499999999966, -18.4067726, -18.4081173, -18.4080925, -18.408905, -18.4090519, -18.4058876, -18.4049034, -18.4052753, -18.4053078, -18.407156
1543.7599999999966, -18.3845844, -18.3837929, -18.3819141, -18.3848019, -18.3901253, -18.3862209, -18.3805923, -18.3798542, -18.3830147, -18.3870964
1543.7699999999966, -18.3702583, -18.3700237, -18.3689785, -18.3669071, -18.3665829, -18.3665581, -18.3688393, -18.3717937, -18.369875, -18.3661156
1543.7799999999966, -18.375288, -18.3759384, -18.374958, -18.3724442, -18.3707256, -18.3720741, -18.370636, -18.3690777, -18.3694153, -18.3700275
1543.7899999999966, -18.3872719, -18.3893661, -18.3897896, -18.3906326, -18.3908291, -18.3912067, -18.396616, -18.4027424, -18.3944492, -18.3966427
1543.7999999999965, -18.4232903, -18.4229164, -18.4225826, -18.4216022, -18.4204712, -18.4220448, -18.4215908, -18.4213142, -18.4223919, -18.4232483
1543.8099999999965, -18.4485588, -18.4474602, -18.4474125, -18.4481697, -18.4491768, -18.4480782, -18.4487743, -18.4498844, -18.4498119, -18.4529114
1543.8199999999965, -18.4950829, -18.4951305, -18.4972878, -18.5005474, -18.5011349, -18.5008411, -18.500967, -18.5019417, -18.5014801, -18.5021076
1543.8299999999965, -18.5339794, -18.5337391, -18.5340519, -18.5337181, -18.5336609, -18.5339413, -18.5320683, -18.5316315, -18.5314579, -18.5312347
1543.8399999999965, -18.5591125, -18.5581455, -18.5586758, -18.5588684, -18.559885, -18.5599003, -18.5601711, -18.5604305, -18.5598888, -18.560154
1543.8499999999965, -18.5806046, -18.5817699, -18.5818024, -18.5818825, -18.58144, -18.5817814, -18.5800095, -18.5796814, -18.5793762, -18.5794373
1543.8599999999965, -18.5955925, -18.5931587, -18.5925236, -18.5918808, -18.5926495, -18.5928421, -18.5926094, -18.5920982, -18.5926762, -18.5944099
1543.8699999999965, -18.6073265, -18.605381, -18.6045494, -18.6050282, -18.6056309, -18.604147, -18.603735, -18.6038723, -18.6029701, -18.5990944
1543.8799999999965, -18.5950947, -18.5943832, -18.5965443, -18.598196, -18.5976505, -18.5953579, -18.5951118, -18.5940819, -18.5951023, -18.5964394
1543.8899999999965, -18.5780334, -18.5786247, -18.5790462, -18.5785713, -18.5783939, -18.578968, -18.5788898, -18.5783539, -18.5799599, -18.5791512
1543.8999999999965, -18.5610867, -18.5608692, -18.5605679, -18.5613098, -18.5624046, -18.5619507, -18.5605679, -18.5592442, -18.5603161, -18.5617142
1543.9099999999964, -18.5253639, -18.527401, -18.5264282, -18.5262737, -18.5244827, -18.5237122, -18.5245476, -18.5250969, -18.5255928, -18.5238457
1543.9199999999964, -18.4908581, -18.4903641, -18.4900818, -18.4904652, -18.4910641, -18.4901371, -18.4895401, -18.4893341, -18.4899178, -18.4901085
1543.9299999999964, -18.4544334, -18.4527893, -18.4527779, -18.4534721, -18.4519672, -18.4509563, -18.4493694, -18.4488907, -18.4524574, -18.4517841
1543.9399999999964, -18.4168663, -18.4167042, -18.4162731, -18.4170399, -18.4182415, -18.4171963, -18.4160194, -18.4166508, -18.4173203, -18.4191761
1543.9499999999964, -18.3968391, -18.3955822, -18.3962479, -18.3960915, -18.3956947, -18.3953552, -18.3957195, -18.3953342, -18.3950424, -18.3944283
1543.9599999999964, -18.3654671, -18.3666153, -18.3647594, -18.3636398, -18.3623276, -18.3650932, -18.3660965, -18.36656, -18.3664017, -18.3669491
1543.9699999999964, -18.3484116, -18.3493023, -18.3514538, -18.350071, -18.3488007, -18.3470001, -18.3475533, -18.3486843, -18.3486767, -18.3493576
1543.9799999999964, -18.3499317, -18.3508797, -18.351265, -18.3502941, -18.3508453, -18.3491993, -18.3485851, -18.3497887, -18.3498554, -18.3509865
1543.9899999999964, -18.3557472, -18.3555698, -18.3560276, -18.3560429, -18.355175, -18.3553448, -18.3547859, -18.3548203, -18.356739, -18.3584633
1543.9999999999964, -18.3706455, -18.37006, -18.3691292, -18.3700142, -18.3697891, -18.3715878, -18.3702793, -18.3699741, -18.3702812, -18.3714008
1544.0099999999964, -18.4266281, -18.4258442, -18.4236431, -18.4208164, -18.4166641, -18.4092522, -18.4050083, -18.4012642, -18.3999748, -18.4006004
1544.0199999999963, -18.436451, -18.4373207, -18.4375114, -18.436594, -18.4367847, -18.43606, -18.4360027, -18.4367561, -18.4370117, -18.4352665
1544.0299999999963, -18.4785156, -18.4788475, -18.4795055, -18.4797611, -18.4800301, -18.4806519, -18.4798756, -18.4791775, -18.4793606, -18.4800758
1544.0399999999963, -18.5176907, -18.5171413, -18.5175285, -18.5158062, -18.5157776, -18.5164318, -18.515995, -18.5177212, -18.518095, -18.5182667
1544.0499999999963, -18.5632992, -18.5641785, -18.5635338, -18.5619812, -18.5612202, -18.5618477, -18.5619907, -18.5625992, -18.5617867, -18.5611992
1544.0599999999963, -18.6007748, -18.6014061, -18.6015511, -18.6016769, -18.6006622, -18.6010303, -18.6008511, -18.6012459, -18.6013527, -18.602396
1544.0699999999963, -18.6302547, -18.6309872, -18.6305656, -18.6313782, -18.6313953, -18.6319714, -18.632143, -18.6319656, -18.6289806, -18.62784
1544.0799999999963, -18.6484375, -18.6494675, -18.6487961, -18.648901, -18.6489143, -18.6488686, -18.6492233, -18.6491013, -18.6509705, -18.6494904
1544.0899999999963, -18.6444664, -18.6454449, -18.6449566, -18.6442566, -18.645956, -18.646843, -18.6467934, -18.645628, -18.6477528, -18.6463852
1544.0999999999963, -18.6362171, -18.6364689, -18.6365948, -18.6384525, -18.6387386, -18.6393604, -18.6392708, -18.6364231, -18.6381321, -18.6362228
1544.1099999999963, -18.6132641, -18.6109371, -18.6096096, -18.6103458, -18.6104736, -18.6098881, -18.6100063, -18.6111755, -18.6120949, -18.6134682
1544.1199999999963, -18.5806694, -18.5803795, -18.5795441, -18.5818501, -18.5812111, -18.5803528, -18.5799637, -18.5804844, -18.5811386, -18.5832462
1544.1299999999962, -18.5464706, -18.5444279, -18.544838, -18.5427055, -18.5423222, -18.5415001, -18.5410709, -18.5419044, -18.5438766, -18.5451088
1544.1399999999962, -18.5162926, -18.5160942, -18.5141087, -18.5133514, -18.5120754, -18.5130901, -18.5158882, -18.5152531, -18.5156326, -18.515358
1544.1499999999962, -18.516449, -18.5162258, -18.5176964, -18.5209808, -18.5204029, -18.5198574, -18.5188923, -18.5173836, -18.5174294, -18.5179234
1544.1599999999962, -18.5612507, -18.560154, -18.5603008, -18.5619755, -18.5628738, -18.5617714, -18.5620747, -18.5627728, -18.5617237, -18.5610924
1544.1699999999962, -18.6669064, -18.6685944, -18.665926, -18.6646938, -18.6656227, -18.6655807, -18.6658325, -18.66819, -18.6686249, -18.6682072
1544.1799999999962, -18.8388672, -18.8385448, -18.8386173, -18.8391533, -18.8402691, -18.8398151, -18.8388367, -18.8381996, -18.8384819, -18.8388252
1544.1899999999962, -19.0395031, -19.0395966, -19.0406895, -19.0394325, -19.0383911, -19.0380001, -19.04846, -19.0497284, -19.0470066, -19.0489464
1544.1999999999962, -19.212244, -19.212925, -19.2141457, -19.2117004, -19.2110386, -19.2114162, -19.2111301, -19.2142143, -19.2104301, -19.2107677
1544.2099999999962, -19.2974758, -19.301733, -19.2952328, -19.2886295, -19.2863426, -19.2857704, -19.2858124, -19.286993, -19.2867527, -19.2881832
1544.2199999999962, -19.3211651, -19.3200226, -19.324028, -19.3247433, -19.3252239, -19.3306141, -19.3218689, -19.3148251, -19.3151894, -19.3157921
1544.2299999999962, -19.3926964, -19.3934784, -19.3888226, -19.3881245, -19.3827648, -19.3808384, -19.3810081, -19.3817425, -19.3789864, -19.3774986
1544.2399999999961, -19.3811512, -19.381422, -19.381815, -19.3820267, -19.3808041, -19.3813858, -19.3802929, -19.3804779, -19.3805103, -19.3808231
1544.2499999999961, -19.2760162, -19.2677917, -19.2572327, -19.245718, -19.241827, -19.2428837, -19.2446957, -19.2465076, -19.2479191, -19.2495041
1544.2599999999961, -19.051239, -19.0510845, -19.0512638, -19.051775, -19.0526352, -19.0522156, -19.0506973, -19.0491924, -19.0480976, -19.0477276
1544.2699999999961, -18.8095608, -18.8085613, -18.8101082, -18.8108177, -18.8079052, -18.8070259, -18.8063984, -18.8065014, -18.8065205, -18.8068657
1544.279999999996, -18.6231651, -18.6227932, -18.6228542, -18.6227722, -18.6214371, -18.6194572, -18.6186333, -18.6194096, -18.6188984, -18.6209049
1544.289999999996, -18.4895306, -18.489994, -18.4901581, -18.4899406, -18.4907665, -18.4899101, -18.4913311, -18.491148, -18.491209, -18.4909801
1544.299999999996, -18.4165211, -18.4163456, -18.4160881, -18.4162312, -18.4168358, -18.4178581, -18.4170132, -18.4177914, -18.418335, -18.4169235
1544.309999999996, -18.3928471, -18.389698, -18.3904667, -18.3911095, -18.3905678, -18.3892365, -18.3893757, -18.3909817, -18.4018192, -18.4016571
1544.319999999996, -18.4176064, -18.4137268, -18.407959, -18.407444, -18.4069366, -18.4076252, -18.4079475, -18.4064426, -18.4059715, -18.4062996
1544.329999999996, -18.4319515, -18.432436, -18.4331226, -18.4327393, -18.4315872, -18.4304867, -18.4314518, -18.4323921, -18.4351921, -18.4339695
1544.339999999996, -18.4601307, -18.4573727, -18.4533958, -18.4534817, -18.4532394, -18.4524384, -18.4524269, -18.452879, -18.4540405, -18.4544678
1544.349999999996, -18.4793797, -18.4799271, -18.4800606, -18.4807472, -18.4788208, -18.4789734, -18.4790382, -18.478487, -18.4797115, -18.4785004
1544.359999999996, -18.4788456, -18.4795532, -18.4787464, -18.4794712, -18.4809418, -18.4821014, -18.480545, -18.4794979, -18.4795437, -18.4781857
1544.369999999996, -18.4732246, -18.4715672, -18.4707451, -18.4720306, -18.4732227, -18.47295, -18.4709721, -18.4708538, -18.4723682, -18.4754391
1544.379999999996, -18.4440975, -18.4441242, -18.4440079, -18.4439621, -18.443985, -18.4441853, -18.44384, -18.4425964, -18.4439869, -18.4449215
1544.389999999996, -18.4365196, -18.4544868, -18.4361954, -18.4146175, -18.4093304, -18.4038029, -18.4016819, -18.4044495, -18.403492, -18.4003773
1544.399999999996, -18.3481522, -18.3505974, -18.3516712, -18.3492966, -18.3500042, -18.3505478, -18.3516979, -18.3491592, -18.3460808, -18.3466778
1544.409999999996, -18.2874088, -18.2880058, -18.2889309, -18.2906151, -18.291338, -18.2907753, -18.2918949, -18.2914162, -18.2894878, -18.2883568
1544.419999999996, -18.2494431, -18.2470875, -18.2490921, -18.2470303, -18.2447357, -18.2439899, -18.2439613, -18.2445869, -18.2478561, -18.2476807
1544.429999999996, -18.2134171, -18.2149067, -18.2149734, -18.2141457, -18.2138615, -18.2134209, -18.2123032, -18.2118359, -18.2115364, -18.2113361
1544.439999999996, -18.1916809, -18.1907444, -18.1914158, -18.1860638, -18.1867771, -18.19067, -18.1900673, -18.1884422, -18.1874561, -18.1867027
1544.449999999996, -18.1878872, -18.1899242, -18.190464, -18.1911869, -18.1920986, -18.1914558, -18.1893272, -18.188303, -18.1879883, -18.1897945
1544.459999999996, -18.2042923, -18.2031708, -18.2025089, -18.2032032, -18.2042732, -18.204134, -18.206152, -18.2043648, -18.2039509, -18.2040825
1544.469999999996, -18.2344036, -18.2343216, -18.2343864, -18.2352448, -18.2353516, -18.2354927, -18.2370052, -18.2363892, -18.2358913, -18.2356758
1544.479999999996, -18.2796745, -18.279213, -18.2797298, -18.2813969, -18.2802734, -18.2795658, -18.2798157, -18.2809181, -18.2801476, -18.2797985
1544.489999999996, -18.3250637, -18.3226509, -18.3247509, -18.3259411, -18.3259563, -18.3268356, -18.3281651, -18.3271828, -18.326561, -18.3262272
1544.499999999996, -18.3707752, -18.3713722, -18.3727932, -18.3770847, -18.3767815, -18.3729, -18.3720169, -18.3704987, -18.3718243, -18.3717308
1544.509999999996, -18.405714, -18.4044437, -18.4041271, -18.4050827, -18.4039402, -18.4031696, -18.4040546, -18.4047165, -18.4032764, -18.4050217
1544.519999999996, -18.4275131, -18.4272804, -18.4307804, -18.4338055, -18.4289093, -18.4227905, -18.4263763, -18.425621, -18.4258785, -18.42663
1544.5299999999959, -18.4372616, -18.4376602, -18.4389114, -18.4381123, -18.4371815, -18.4383297, -18.4400711, -18.4430485, -18.4436512, -18.4399071
1544.5399999999959, -18.4199066, -18.4205532, -18.4206047, -18.4222546, -18.4201412, -18.4198818, -18.4207687, -18.4206295, -18.4220448, -18.4227238
1544.5499999999959, -18.4034634, -18.4059162, -18.4061222, -18.4081173, -18.4061852, -18.411272, -18.4197598, -18.4051971, -18.3995628, -18.4006634
1544.5599999999959, -18.362318, -18.3630657, -18.3609295, -18.3602943, -18.3569221, -18.3552685, -18.355032, -18.3573837, -18.3592587, -18.3575401
1544.5699999999958, -18.3024025, -18.3032951, -18.3018856, -18.3021526, -18.3053741, -18.3039551, -18.3063641, -18.3079281, -18.3070354, -18.3043461
1544.5799999999958, -18.2538433, -18.2550335, -18.2536201, -18.2549381, -18.2559586, -18.2527218, -18.2527637, -18.2530289, -18.2521992, -18.2519474
1544.5899999999958, -18.2054024, -18.2035713, -18.2060852, -18.2089844, -18.208889, -18.208437, -18.2069397, -18.2041245, -18.2037106, -18.2067204
1544.5999999999958, -18.1703854, -18.1707592, -18.1724892, -18.170393, -18.1706085, -18.1726284, -18.1697369, -18.1682224, -18.168932, -18.1687756
1544.6099999999958, -18.1420994, -18.1429825, -18.1436386, -18.1401615, -18.1420555, -18.1412754, -18.1412697, -18.1402206, -18.1403599, -18.1417675
1544.6199999999958, -18.1310444, -18.131012, -18.1315823, -18.1307678, -18.1315212, -18.1315269, -18.1310253, -18.1317577, -18.1319332, -18.1323051
1544.6299999999958, -18.1407223, -18.1404209, -18.1409817, -18.1432362, -18.1426716, -18.1417446, -18.1420078, -18.1415348, -18.1423759, -18.1422405
1544.6399999999958, -18.176342, -18.1706104, -18.1699486, -18.1701965, -18.1695843, -18.1700497, -18.1666012, -18.1686115, -18.1682205, -18.1673679
1544.6499999999958, -18.2076321, -18.2068901, -18.2056293, -18.2068195, -18.2062054, -18.2068233, -18.206068, -18.2073498, -18.2077332, -18.2064934
1544.6599999999958, -18.2473049, -18.247036, -18.2459507, -18.2453842, -18.2452774, -18.2467442, -18.2503624, -18.2466831, -18.2429485, -18.2427959
1544.6699999999958, -18.2880554, -18.2914276, -18.2919254, -18.2880383, -18.2873001, -18.2887592, -18.2931347, -18.2945213, -18.292057, -18.2900143
1544.6799999999957, -18.3328857, -18.3319111, -18.3321362, -18.3335381, -18.3349571, -18.33498, -18.3358021, -18.332798, -18.3314438, -18.3307781
1544.6899999999957, -18.4541607, -18.4495201, -18.4482155, -18.422945, -18.4063148, -18.3893299, -18.3768673, -18.3693523, -18.3679008, -18.3666592
1544.6999999999957, -18.4021473, -18.3983784, -18.4001369, -18.4041977, -18.4012489, -18.3968849, -18.3949738, -18.3968029, -18.3962917, -18.3963871
1544.7099999999957, -18.4078312, -18.4078598, -18.4062157, -18.4062748, -18.4078465, -18.4089108, -18.4065075, -18.4080658, -18.4100819, -18.4084854
1544.7199999999957, -18.4103889, -18.4097328, -18.4091988, -18.4092503, -18.4089451, -18.409359, -18.4093819, -18.4088478, -18.408556, -18.409544
1544.7299999999957, -18.4060459, -18.4068661, -18.4059391, -18.405777, -18.4063244, -18.404871, -18.4056072, -18.4064713, -18.4073582, -18.407423
1544.7399999999957, -18.3892879, -18.3902359, -18.3911057, -18.3905048, -18.3881416, -18.3896046, -18.3912945, -18.3919926, -18.3895016, -18.3883038
1544.7499999999957, -18.3641815, -18.3635254, -18.364296, -18.3630981, -18.3665352, -18.3661499, -18.3638153, -18.3618603, -18.3633633, -18.3627338
1544.7599999999957, -18.3312836, -18.3346081, -18.3827991, -18.3766384, -18.3819885, -18.3721275, -18.3579178, -18.3445911, -18.338316, -18.3354473
1544.7699999999957, -18.2935333, -18.2936649, -18.2948532, -18.296484, -18.2943649, -18.2931499, -18.2967243, -18.3335724, -18.3170872, -18.3099442
1544.7799999999957, -18.2816696, -18.2702141, -18.262392, -18.2581062, -18.2603359, -18.2661018, -18.2663383, -18.2691059, -18.2644176, -18.2605648
1544.7899999999956, -18.2268047, -18.2270985, -18.2351227, -18.2299366, -18.2270813, -18.2278042, -18.2269974, -18.2293148, -18.2278442, -18.2285328
1544.7999999999956, -18.1957111, -18.1948547, -18.1936932, -18.1939583, -18.1930943, -18.194231, -18.1945953, -18.1951313, -18.1959991, -18.1958942
1544.8099999999956, -18.1722298, -18.1712685, -18.1710548, -18.1717911, -18.1716805, -18.1720543, -18.1731834, -18.1742878, -18.173996, -18.1734295
1544.8199999999956, -18.1533527, -18.1531239, -18.1534176, -18.1515789, -18.166666, -18.1573696, -18.1645298, -18.1558208, -18.1571922, -18.1569462
1544.8299999999956, -18.1485062, -18.1492271, -18.1497936, -18.1485672, -18.1484241, -18.1477413, -18.1492138, -18.148838, -18.1498642, -18.1489277
1544.8399999999956, -18.1540241, -18.1509495, -18.1501827, -18.150774, -18.1503792, -18.1529942, -18.1525669, -18.1532745, -18.1521721, -18.1511364
1544.8499999999956, -18.159296, -18.1605263, -18.1595497, -18.1588802, -18.1581001, -18.1583691, -18.15868, -18.1587753, -18.1582432, -18.1574574
1544.8599999999956, -18.1777306, -18.1813374, -18.180563, -18.1801167, -18.1791439, -18.1776009, -18.1778526, -18.1781483, -18.179163, -18.1797752
1544.8699999999956, -18.2032375, -18.2026596, -18.2041283, -18.2056847, -18.2059727, -18.2055111, -18.2045021, -18.2037296, -18.203043, -18.2029705
1544.8799999999956, -18.2317085, -18.2320995, -18.2318077, -18.2320042, -18.2312946, -18.2334137, -18.2331085, -18.2335854, -18.2321281, -18.2309284
1544.8899999999956, -18.2673588, -18.2663765, -18.2652378, -18.2653522, -18.2653008, -18.2644119, -18.2638054, -18.2640553, -18.2646408, -18.2645264
1544.8999999999955, -18.2944469, -18.3023472, -18.298811, -18.3002396, -18.2971649, -18.2956219, -18.2977486, -18.2986965, -18.2972488, -18.294611
1544.9099999999955, -18.33144, -18.3308487, -18.3318214, -18.3306065, -18.3305492, -18.3305779, -18.3307114, -18.3305645, -18.3319187, -18.332262
1544.9199999999955, -18.3657665, -18.3669796, -18.3690624, -18.3710461, -18.378046, -18.3697453, -18.3703346, -18.3684158, -18.3685513, -18.3693924
1544.9299999999955, -18.3990955, -18.39814, -18.3984737, -18.3986511, -18.3990459, -18.3999825, -18.3992653, -18.4009609, -18.3997841, -18.398716
1544.9399999999955, -18.4217987, -18.4253998, -18.4228897, -18.4187431, -18.4172668, -18.4163132, -18.4181118, -18.4185543, -18.4191475, -18.4190445
1544.9499999999955, -18.4286175, -18.4293671, -18.4323883, -18.432272, -18.4281464, -18.4261169, -18.42869, -18.4269543, -18.4269047, -18.4298859
1544.9599999999955, -18.4275436, -18.4263287, -18.4266472, -18.4294491, -18.4289646, -18.4314442, -18.4293213, -18.4271126, -18.427248, -18.42766
1544.9699999999955, -18.408308, -18.4092522, -18.4086609, -18.4072285, -18.408123, -18.4062691, -18.4061909, -18.4068928, -18.4077053, -18.407259
1544.9799999999955, -18.3848267, -18.3820477, -18.3796539, -18.3818951, -18.3816338, -18.381012, -18.3806744, -18.3798428, -18.3811646, -18.3810444
1544.9899999999955, -18.3434238, -18.342165, -18.3430767, -18.3399487, -18.3396053, -18.3401604, -18.3437309, -18.3414364, -18.3419762, -18.3526974
1544.9999999999955, -18.2917862, -18.2908726, -18.2911453, -18.2914238, -18.2949619, -18.2948761, -18.293499, -18.2925682, -18.2927074, -18.2944546
