wavelength_nm ,power_reading_0_dbm ,power_reading_1_dbm ,power_reading_2_dbm ,power_reading_3_dbm ,power_reading_4_dbm ,power_reading_5_dbm ,power_reading_6_dbm ,power_reading_7_dbm ,power_reading_8_dbm ,power_reading_9_dbm 
1535.279999999986, -1.77240467E+01, -1.77215271E+01, -1.77199306E+01, -1.77219124E+01, -1.77223835E+01, -1.77222462E+01, -1.77235336E+01, -1.77246151E+01, -1.77265453E+01, -1.77269478E+01
1535.281999999986, -1.77156429E+01, -1.77201538E+01, -1.77219448E+01, -1.77214470E+01, -1.77197475E+01, -1.77180557E+01, -1.77200851E+01, -1.77203541E+01, -1.77190170E+01, -1.77205486E+01
1535.283999999986, -1.77201118E+01, -1.77201424E+01, -1.77189045E+01, -1.77196274E+01, -1.77202225E+01, -1.77154503E+01, -1.77106571E+01, -1.77125950E+01, -1.77120914E+01, -1.77150097E+01
1535.285999999986, -1.77192078E+01, -1.77185268E+01, -1.77185936E+01, -1.77180977E+01, -1.77175159E+01, -1.77167110E+01, -1.77157974E+01, -1.77156086E+01, -1.77159271E+01, -1.77161331E+01
1535.287999999986, -1.77109051E+01, -1.77131748E+01, -1.77118511E+01, -1.77118473E+01, -1.77123356E+01, -1.77120266E+01, -1.77110004E+01, -1.77107334E+01, -1.77087879E+01, -1.77056160E+01
1535.2899999999859, -1.77049847E+01, -1.77059479E+01, -1.77063065E+01, -1.77036057E+01, -1.77017727E+01, -1.76982822E+01, -1.77008514E+01, -1.77012081E+01, -1.77000484E+01, -1.77007332E+01
1535.2919999999858, -1.77042809E+01, -1.77026615E+01, -1.77033234E+01, -1.77042732E+01, -1.77044430E+01, -1.77037716E+01, -1.77017593E+01, -1.77038975E+01, -1.77043076E+01, -1.77040157E+01
1535.2939999999858, -1.77003345E+01, -1.77001476E+01, -1.76980820E+01, -1.76960335E+01, -1.76979504E+01, -1.76995888E+01, -1.76996365E+01, -1.76993771E+01, -1.76971226E+01, -1.76965027E+01
1535.2959999999857, -1.76962414E+01, -1.76976528E+01, -1.76982937E+01, -1.76972771E+01, -1.76975517E+01, -1.76977005E+01, -1.76967850E+01, -1.76963806E+01, -1.76965294E+01, -1.76954517E+01
1535.2979999999857, -1.76960659E+01, -1.76955395E+01, -1.76949081E+01, -1.76946678E+01, -1.76938324E+01, -1.76948547E+01, -1.76940155E+01, -1.76944847E+01, -1.76934586E+01, -1.76926861E+01
1535.2999999999856, -1.76871929E+01, -1.76854248E+01, -1.76857777E+01, -1.76841278E+01, -1.76830292E+01, -1.76843967E+01, -1.76842823E+01, -1.76827145E+01, -1.76833172E+01, -1.76825485E+01
1535.3019999999856, -1.76799831E+01, -1.76803284E+01, -1.76796055E+01, -1.76793690E+01, -1.76798782E+01, -1.76790390E+01, -1.76774731E+01, -1.76779194E+01, -1.76779900E+01, -1.76776924E+01
1535.3039999999855, -1.76734257E+01, -1.76734371E+01, -1.76746120E+01, -1.76742496E+01, -1.76749516E+01, -1.76746998E+01, -1.76741142E+01, -1.76750393E+01, -1.76738968E+01, -1.76739044E+01
1535.3059999999855, -1.76692829E+01, -1.76696796E+01, -1.76687794E+01, -1.76686478E+01, -1.76688538E+01, -1.76684456E+01, -1.76691074E+01, -1.76702003E+01, -1.76704178E+01, -1.76713333E+01
1535.3079999999854, -1.76684437E+01, -1.76668034E+01, -1.76638374E+01, -1.76639290E+01, -1.76678371E+01, -1.76646042E+01, -1.76636391E+01, -1.76661892E+01, -1.76681957E+01, -1.76670628E+01
1535.3099999999854, -1.76561260E+01, -1.76549988E+01, -1.76553612E+01, -1.76567707E+01, -1.76565094E+01, -1.76556931E+01, -1.76539593E+01, -1.76528664E+01, -1.76534557E+01, -1.76533470E+01
1535.3119999999853, -1.76495876E+01, -1.76496964E+01, -1.76501942E+01, -1.76500015E+01, -1.76490307E+01, -1.76490383E+01, -1.76466331E+01, -1.76455841E+01, -1.76457653E+01, -1.76465359E+01
1535.3139999999853, -1.76427650E+01, -1.76419163E+01, -1.76422863E+01, -1.76429501E+01, -1.76427746E+01, -1.76436691E+01, -1.76437054E+01, -1.76442223E+01, -1.76447830E+01, -1.76429634E+01
1535.3159999999853, -1.76357918E+01, -1.76356468E+01, -1.76353397E+01, -1.76345463E+01, -1.76349335E+01, -1.76344204E+01, -1.76355343E+01, -1.76368084E+01, -1.76362553E+01, -1.76350994E+01
1535.3179999999852, -1.76274738E+01, -1.76189747E+01, -1.76071720E+01, -1.75951061E+01, -1.75957432E+01, -1.75945148E+01, -1.75973473E+01, -1.76054115E+01, -1.76266594E+01, -1.76264877E+01
1535.3199999999852, -1.76240463E+01, -1.76242237E+01, -1.76251907E+01, -1.76247921E+01, -1.76250019E+01, -1.76243439E+01, -1.76235638E+01, -1.76251812E+01, -1.76257019E+01, -1.76266689E+01
1535.321999999985, -1.76171360E+01, -1.76173153E+01, -1.76183376E+01, -1.76188431E+01, -1.76192818E+01, -1.76185532E+01, -1.76196079E+01, -1.76181526E+01, -1.76200981E+01, -1.76202393E+01
1535.323999999985, -1.76152382E+01, -1.76103058E+01, -1.76111393E+01, -1.76105232E+01, -1.76106186E+01, -1.76114140E+01, -1.76128464E+01, -1.76136456E+01, -1.76134911E+01, -1.76119900E+01
1535.325999999985, -1.76041012E+01, -1.76034737E+01, -1.76023540E+01, -1.76035995E+01, -1.76039352E+01, -1.76052189E+01, -1.76041393E+01, -1.76039104E+01, -1.76048985E+01, -1.76046734E+01
1535.327999999985, -1.75986557E+01, -1.75987148E+01, -1.75983925E+01, -1.75985832E+01, -1.75976372E+01, -1.75968475E+01, -1.75945816E+01, -1.75960808E+01, -1.75956059E+01, -1.75944386E+01
1535.329999999985, -1.75874882E+01, -1.75854111E+01, -1.75873814E+01, -1.75863953E+01, -1.75878296E+01, -1.75864735E+01, -1.75853977E+01, -1.75865135E+01, -1.75856514E+01, -1.75853996E+01
1535.3319999999849, -1.75812054E+01, -1.75819950E+01, -1.75823441E+01, -1.75819950E+01, -1.75827160E+01, -1.75845470E+01, -1.75811844E+01, -1.75791855E+01, -1.75792923E+01, -1.75797462E+01
1535.3339999999848, -1.75730991E+01, -1.75716553E+01, -1.75719337E+01, -1.75712986E+01, -1.75698109E+01, -1.75700493E+01, -1.75702534E+01, -1.75695686E+01, -1.75695896E+01, -1.75666885E+01
1535.3359999999848, -1.75676060E+01, -1.75676136E+01, -1.75669689E+01, -1.75676746E+01, -1.75671482E+01, -1.75657387E+01, -1.75662003E+01, -1.75662498E+01, -1.75668011E+01, -1.75671139E+01
1535.3379999999847, -1.75660801E+01, -1.75662746E+01, -1.75633316E+01, -1.75645428E+01, -1.75627556E+01, -1.75609608E+01, -1.75625343E+01, -1.75617123E+01, -1.75625935E+01, -1.75642910E+01
1535.3399999999847, -1.75506039E+01, -1.75522308E+01, -1.75531578E+01, -1.75524979E+01, -1.75521870E+01, -1.75518093E+01, -1.75530853E+01, -1.75516529E+01, -1.75507183E+01, -1.75501480E+01
1535.3419999999846, -1.75431805E+01, -1.75430450E+01, -1.75432625E+01, -1.75420055E+01, -1.75405598E+01, -1.75413322E+01, -1.75411758E+01, -1.75417213E+01, -1.75426216E+01, -1.75417576E+01
1535.3439999999846, -1.75339832E+01, -1.75323505E+01, -1.75318565E+01, -1.75320511E+01, -1.75340443E+01, -1.75339165E+01, -1.75637074E+01, -1.75601196E+01, -1.75320911E+01, -1.75300617E+01
1535.3459999999845, -1.75276737E+01, -1.75280571E+01, -1.75287495E+01, -1.75293369E+01, -1.75300312E+01, -1.75301342E+01, -1.75288849E+01, -1.75296135E+01, -1.75292492E+01, -1.75287590E+01
1535.3479999999845, -1.75275173E+01, -1.75265942E+01, -1.75260201E+01, -1.75254631E+01, -1.75257397E+01, -1.75261211E+01, -1.75254707E+01, -1.75262928E+01, -1.75275745E+01, -1.75270405E+01
1535.3499999999844, -1.75220528E+01, -1.75213947E+01, -1.75194645E+01, -1.75208492E+01, -1.75203667E+01, -1.75185432E+01, -1.75179501E+01, -1.75168266E+01, -1.75173340E+01, -1.75182438E+01
1535.3519999999844, -1.75126972E+01, -1.75116444E+01, -1.75121078E+01, -1.75211010E+01, -1.75142574E+01, -1.75088120E+01, -1.75122261E+01, -1.75129452E+01, -1.75133915E+01, -1.75126686E+01
1535.3539999999844, -1.75093517E+01, -1.75083618E+01, -1.75097885E+01, -1.75077343E+01, -1.75033665E+01, -1.75031948E+01, -1.75071526E+01, -1.75070686E+01, -1.75068302E+01, -1.75067921E+01
1535.3559999999843, -1.75050507E+01, -1.75047817E+01, -1.75046272E+01, -1.75036583E+01, -1.75030422E+01, -1.75012169E+01, -1.75009155E+01, -1.75009689E+01, -1.74979172E+01, -1.74987259E+01
1535.3579999999843, -1.75023327E+01, -1.75029297E+01, -1.75033150E+01, -1.75053120E+01, -1.75027008E+01, -1.75027180E+01, -1.75016899E+01, -1.75016212E+01, -1.75023556E+01, -1.75029659E+01
1535.3599999999842, -1.75006886E+01, -1.75011444E+01, -1.75005455E+01, -1.75010548E+01, -1.75007477E+01, -1.75010967E+01, -1.75004253E+01, -1.75010414E+01, -1.75004730E+01, -1.75010281E+01
1535.3619999999842, -1.74905052E+01, -1.74914017E+01, -1.74928093E+01, -1.74921284E+01, -1.74910736E+01, -1.74906063E+01, -1.74906902E+01, -1.74909401E+01, -1.74921074E+01, -1.74927750E+01
1535.3639999999841, -1.74906368E+01, -1.74910049E+01, -1.74886665E+01, -1.74859238E+01, -1.74869614E+01, -1.74857998E+01, -1.74867363E+01, -1.74870014E+01, -1.74871845E+01, -1.74872761E+01
1535.365999999984, -1.74928741E+01, -1.74968243E+01, -1.74938984E+01, -1.74964085E+01, -1.74950256E+01, -1.74956722E+01, -1.74977856E+01, -1.75001850E+01, -1.74896317E+01, -1.74877701E+01
1535.367999999984, -1.74983444E+01, -1.74961529E+01, -1.74940186E+01, -1.74945469E+01, -1.74979591E+01, -1.74945755E+01, -1.74842854E+01, -1.74883404E+01, -1.74941025E+01, -1.74978027E+01
1535.369999999984, -1.74933243E+01, -1.74892483E+01, -1.74903698E+01, -1.74905033E+01, -1.74947510E+01, -1.74944057E+01, -1.74964771E+01, -1.74976959E+01, -1.74991264E+01, -1.74992065E+01
1535.371999999984, -1.74925022E+01, -1.74904556E+01, -1.74911537E+01, -1.74919300E+01, -1.74950008E+01, -1.74968300E+01, -1.74970856E+01, -1.74969006E+01, -1.74993229E+01, -1.74977989E+01
1535.3739999999839, -1.74920902E+01, -1.74926739E+01, -1.74958763E+01, -1.74957943E+01, -1.74954071E+01, -1.74929161E+01, -1.74944496E+01, -1.74966125E+01, -1.74959030E+01, -1.74942684E+01
1535.3759999999838, -1.74971161E+01, -1.74972229E+01, -1.75002232E+01, -1.75001564E+01, -1.75016937E+01, -1.75009060E+01, -1.74986782E+01, -1.74982281E+01, -1.74968281E+01, -1.74971867E+01
1535.3779999999838, -1.75008450E+01, -1.75011864E+01, -1.75010109E+01, -1.75036049E+01, -1.75022888E+01, -1.75015163E+01, -1.75017529E+01, -1.75018196E+01, -1.75005226E+01, -1.75013428E+01
1535.3799999999837, -1.75085278E+01, -1.75076408E+01, -1.75074196E+01, -1.75079727E+01, -1.75088406E+01, -1.75082932E+01, -1.75072994E+01, -1.75059528E+01, -1.75077419E+01, -1.75085583E+01
1535.3819999999837, -1.75102921E+01, -1.75132771E+01, -1.75129414E+01, -1.75150013E+01, -1.75164433E+01, -1.75140266E+01, -1.75129566E+01, -1.75134449E+01, -1.75139847E+01, -1.75144558E+01
1535.3839999999836, -1.75235310E+01, -1.75249805E+01, -1.75239143E+01, -1.75249767E+01, -1.75249615E+01, -1.75248756E+01, -1.75239754E+01, -1.75242405E+01, -1.75231018E+01, -1.75246010E+01
1535.3859999999836, -1.75337162E+01, -1.75334167E+01, -1.75344925E+01, -1.75334034E+01, -1.75340729E+01, -1.75338211E+01, -1.75341663E+01, -1.75342121E+01, -1.75355244E+01, -1.75349674E+01
1535.3879999999835, -1.75453663E+01, -1.75480175E+01, -1.75487423E+01, -1.75487652E+01, -1.75500069E+01, -1.75508881E+01, -1.75491333E+01, -1.75495186E+01, -1.75480595E+01, -1.75478783E+01
1535.3899999999835, -1.75612469E+01, -1.75640984E+01, -1.75639305E+01, -1.75662956E+01, -1.75673485E+01, -1.75666046E+01, -1.75661507E+01, -1.75683975E+01, -1.75709076E+01, -1.75706081E+01
1535.3919999999835, -1.76088409E+01, -1.76088581E+01, -1.76087360E+01, -1.76074390E+01, -1.76082973E+01, -1.76076336E+01, -1.76076145E+01, -1.76084023E+01, -1.76076088E+01, -1.76075306E+01
1535.3939999999834, -1.76418190E+01, -1.76418934E+01, -1.76455631E+01, -1.76463852E+01, -1.76481323E+01, -1.76444225E+01, -1.76453381E+01, -1.76516171E+01, -1.76565742E+01, -1.76552372E+01
1535.3959999999834, -1.77116432E+01, -1.77152576E+01, -1.77143822E+01, -1.77118282E+01, -1.77134304E+01, -1.77133636E+01, -1.77132416E+01, -1.77178860E+01, -1.77166176E+01, -1.77152920E+01
1535.3979999999833, -1.77684364E+01, -1.77686195E+01, -1.77726803E+01, -1.77741394E+01, -1.77855053E+01, -1.77819958E+01, -1.77880669E+01, -1.77869053E+01, -1.77825451E+01, -1.77823009E+01
1535.3999999999833, -1.78790054E+01, -1.78833275E+01, -1.78856659E+01, -1.78883362E+01, -1.78901062E+01, -1.78893738E+01, -1.78999577E+01, -1.79018097E+01, -1.79040279E+01, -1.79045410E+01
1535.4019999999832, -1.80673733E+01, -1.80714321E+01, -1.80784073E+01, -1.80794582E+01, -1.80742588E+01, -1.80742188E+01, -1.80796337E+01, -1.80800514E+01, -1.80794010E+01, -1.80799751E+01
1535.4039999999832, -1.84132137E+01, -1.84358959E+01, -1.84500885E+01, -1.84640408E+01, -1.84734917E+01, -1.84690380E+01, -1.84643726E+01, -1.84641781E+01, -1.84682236E+01, -1.84754696E+01
1535.4059999999831, -1.89542542E+01, -1.89815388E+01, -1.89930305E+01, -1.89963360E+01, -1.90054874E+01, -1.90174084E+01, -1.90303440E+01, -1.90472565E+01, -1.90637627E+01, -1.90479965E+01
1535.407999999983, -2.02539349E+01, -2.03078938E+01, -2.03447800E+01, -2.03449154E+01, -2.03453007E+01, -2.03376198E+01, -2.03596802E+01, -2.03641758E+01, -2.03835030E+01, -2.03981152E+01
1535.409999999983, -2.11376019E+01, -2.11700096E+01, -2.11890678E+01, -2.12066021E+01, -2.12141323E+01, -2.12165699E+01, -2.12095661E+01, -2.12063332E+01, -2.12246094E+01, -2.12404804E+01
1535.411999999983, -2.13331261E+01, -2.13195114E+01, -2.13165398E+01, -2.13144016E+01, -2.13226109E+01, -2.13248558E+01, -2.13261070E+01, -2.13236713E+01, -2.13152637E+01, -2.13161449E+01
1535.413999999983, -2.09149094E+01, -2.08660069E+01, -2.07876301E+01, -2.06980972E+01, -2.07659626E+01, -2.07706985E+01, -2.07698498E+01, -2.07756920E+01, -2.07825146E+01, -2.07922955E+01
1535.415999999983, -1.95217075E+01, -1.94930153E+01, -1.94856186E+01, -1.94680595E+01, -1.94553299E+01, -1.94830914E+01, -1.94628258E+01, -1.94545307E+01, -1.94578800E+01, -1.94333763E+01
1535.4179999999828, -1.88343430E+01, -1.87743511E+01, -1.87637196E+01, -1.87268620E+01, -1.87273922E+01, -1.87123146E+01, -1.87118683E+01, -1.87046165E+01, -1.86946106E+01, -1.87053432E+01
1535.4199999999828, -1.82194729E+01, -1.82067204E+01, -1.82009258E+01, -1.81981163E+01, -1.81959705E+01, -1.81896229E+01, -1.81877842E+01, -1.81862812E+01, -1.81878872E+01, -1.81861744E+01
1535.4219999999827, -1.79814243E+01, -1.79786682E+01, -1.79773769E+01, -1.79765892E+01, -1.79764099E+01, -1.79759083E+01, -1.79767685E+01, -1.79789429E+01, -1.79831200E+01, -1.79850216E+01
1535.4239999999827, -1.78322010E+01, -1.78298969E+01, -1.78298225E+01, -1.78289452E+01, -1.78284035E+01, -1.78289757E+01, -1.78288841E+01, -1.78303947E+01, -1.78288403E+01, -1.78259411E+01
1535.4259999999827, -1.77703953E+01, -1.77673187E+01, -1.77648602E+01, -1.77647610E+01, -1.77649212E+01, -1.77658749E+01, -1.77639523E+01, -1.77622337E+01, -1.77627354E+01, -1.77646141E+01
1535.4279999999826, -1.77070045E+01, -1.77084541E+01, -1.77071800E+01, -1.77085991E+01, -1.77066135E+01, -1.77067299E+01, -1.77061462E+01, -1.77067184E+01, -1.77066441E+01, -1.77084942E+01
1535.4299999999826, -1.76764660E+01, -1.76764412E+01, -1.76765480E+01, -1.76761456E+01, -1.76755733E+01, -1.76765060E+01, -1.76739044E+01, -1.76732082E+01, -1.76726170E+01, -1.76720982E+01
1535.4319999999825, -1.76626778E+01, -1.76611195E+01, -1.76600018E+01, -1.76601276E+01, -1.76611786E+01, -1.76603775E+01, -1.76598682E+01, -1.76620426E+01, -1.76572647E+01, -1.76592293E+01
1535.4339999999825, -1.76322060E+01, -1.76217728E+01, -1.76127453E+01, -1.76097927E+01, -1.76084995E+01, -1.76095791E+01, -1.76091061E+01, -1.76083393E+01, -1.76078625E+01, -1.76089725E+01
1535.4359999999824, -1.76037655E+01, -1.76045876E+01, -1.76018429E+01, -1.76002045E+01, -1.75992947E+01, -1.76022243E+01, -1.76017990E+01, -1.76047630E+01, -1.76078701E+01, -1.76091652E+01
1535.4379999999824, -1.75980682E+01, -1.75984612E+01, -1.76027527E+01, -1.75992222E+01, -1.75992908E+01, -1.76002960E+01, -1.76016331E+01, -1.76020145E+01, -1.76013851E+01, -1.76010265E+01
1535.4399999999823, -1.75966511E+01, -1.75975533E+01, -1.75964680E+01, -1.75955982E+01, -1.75984688E+01, -1.76005116E+01, -1.75996723E+01, -1.75983124E+01, -1.75989628E+01, -1.75980206E+01
1535.4419999999823, -1.75969257E+01, -1.75974674E+01, -1.75992775E+01, -1.75975361E+01, -1.75987568E+01, -1.75993004E+01, -1.76001549E+01, -1.75997257E+01, -1.75997581E+01, -1.75987244E+01
1535.4439999999822, -1.76008263E+01, -1.76004715E+01, -1.75989609E+01, -1.75986099E+01, -1.75997028E+01, -1.75951366E+01, -1.75977535E+01, -1.75974407E+01, -1.76009636E+01, -1.76023312E+01
1535.4459999999822, -1.76030006E+01, -1.76022034E+01, -1.76021595E+01, -1.76021862E+01, -1.76025715E+01, -1.76016350E+01, -1.76017456E+01, -1.76019707E+01, -1.76020985E+01, -1.76013222E+01
1535.4479999999821, -1.76054707E+01, -1.76036034E+01, -1.75994091E+01, -1.75936584E+01, -1.75921974E+01, -1.75939102E+01, -1.75933495E+01, -1.75943375E+01, -1.75944023E+01, -1.75944977E+01
1535.449999999982, -1.76035023E+01, -1.76037521E+01, -1.76056423E+01, -1.76071930E+01, -1.76030426E+01, -1.76019154E+01, -1.76020794E+01, -1.76052742E+01, -1.76059799E+01, -1.76066818E+01
1535.451999999982, -1.76089325E+01, -1.76084824E+01, -1.76088352E+01, -1.76099434E+01, -1.76097355E+01, -1.76093311E+01, -1.76083755E+01, -1.76093426E+01, -1.76099091E+01, -1.76101780E+01
1535.453999999982, -1.76139450E+01, -1.76124115E+01, -1.76128273E+01, -1.76116009E+01, -1.76126595E+01, -1.76119442E+01, -1.76110516E+01, -1.76123981E+01, -1.76118813E+01, -1.76121864E+01
1535.455999999982, -1.76155090E+01, -1.76148548E+01, -1.76141872E+01, -1.76148148E+01, -1.76146126E+01, -1.76138802E+01, -1.76153145E+01, -1.76162853E+01, -1.76166630E+01, -1.76164989E+01
1535.457999999982, -1.76138477E+01, -1.76125984E+01, -1.76121922E+01, -1.76139412E+01, -1.76129780E+01, -1.76122684E+01, -1.76107407E+01, -1.76112194E+01, -1.76108360E+01, -1.76128063E+01
1535.4599999999818, -1.76198273E+01, -1.76205540E+01, -1.76197395E+01, -1.76207962E+01, -1.76216717E+01, -1.76210022E+01, -1.76216908E+01, -1.76221447E+01, -1.76228294E+01, -1.76221447E+01
1535.4619999999818, -1.76254864E+01, -1.76239948E+01, -1.76254673E+01, -1.76264839E+01, -1.76266594E+01, -1.76246471E+01, -1.76251068E+01, -1.76265697E+01, -1.76252956E+01, -1.76263943E+01
1535.4639999999818, -1.76235294E+01, -1.76237869E+01, -1.76229839E+01, -1.76231422E+01, -1.76232967E+01, -1.76233368E+01, -1.76224480E+01, -1.76225910E+01, -1.76233921E+01, -1.76223392E+01
1535.4659999999817, -1.76263275E+01, -1.76259956E+01, -1.76264839E+01, -1.76247272E+01, -1.76258068E+01, -1.76270123E+01, -1.76271152E+01, -1.76276951E+01, -1.76275787E+01, -1.76277199E+01
1535.4679999999817, -1.76281128E+01, -1.76288643E+01, -1.76298428E+01, -1.76305809E+01, -1.76302414E+01, -1.76288815E+01, -1.76279926E+01, -1.76292019E+01, -1.76294403E+01, -1.76273041E+01
1535.4699999999816, -1.76321945E+01, -1.76308193E+01, -1.76308250E+01, -1.76319695E+01, -1.76325512E+01, -1.76332474E+01, -1.76318016E+01, -1.76327381E+01, -1.76328964E+01, -1.76324978E+01
1535.4719999999816, -1.76349182E+01, -1.76341400E+01, -1.76352425E+01, -1.76354542E+01, -1.76355553E+01, -1.76350193E+01, -1.76350403E+01, -1.76359596E+01, -1.76359673E+01, -1.76371365E+01
1535.4739999999815, -1.76382446E+01, -1.76382942E+01, -1.76371784E+01, -1.76364059E+01, -1.76362057E+01, -1.76376114E+01, -1.76378574E+01, -1.76384392E+01, -1.76395473E+01, -1.76383362E+01
1535.4759999999815, -1.76399822E+01, -1.76423092E+01, -1.76426449E+01, -1.76423988E+01, -1.76425343E+01, -1.76420479E+01, -1.76426697E+01, -1.76425686E+01, -1.76427727E+01, -1.76427765E+01
1535.4779999999814, -1.76412392E+01, -1.76408062E+01, -1.76410141E+01, -1.76407280E+01, -1.76407986E+01, -1.76407452E+01, -1.76414661E+01, -1.76423569E+01, -1.76426144E+01, -1.76434116E+01
1535.4799999999814, -1.76464672E+01, -1.76447067E+01, -1.76485386E+01, -1.76513786E+01, -1.76482315E+01, -1.76534348E+01, -1.76502762E+01, -1.76501884E+01, -1.76504517E+01, -1.76470718E+01
1535.4819999999813, -1.76373348E+01, -1.76379395E+01, -1.76397839E+01, -1.76486912E+01, -1.76485538E+01, -1.76455250E+01, -1.76448021E+01, -1.76436310E+01, -1.76440086E+01, -1.76440029E+01
1535.4839999999813, -1.76465168E+01, -1.76482258E+01, -1.76457310E+01, -1.76466541E+01, -1.76472130E+01, -1.76467342E+01, -1.76470451E+01, -1.76470261E+01, -1.76475124E+01, -1.76459217E+01
1535.4859999999812, -1.76482506E+01, -1.76476784E+01, -1.76472931E+01, -1.76476860E+01, -1.76483898E+01, -1.76478043E+01, -1.76483517E+01, -1.76492672E+01, -1.76472054E+01, -1.76467514E+01
1535.4879999999812, -1.76468697E+01, -1.76449089E+01, -1.76449738E+01, -1.76479721E+01, -1.76462154E+01, -1.76457691E+01, -1.76450558E+01, -1.76465397E+01, -1.76456470E+01, -1.76466503E+01
1535.4899999999811, -1.76407661E+01, -1.76399937E+01, -1.76410961E+01, -1.76414471E+01, -1.76417427E+01, -1.76407814E+01, -1.76404610E+01, -1.76404057E+01, -1.76416626E+01, -1.76408157E+01
1535.491999999981, -1.76395149E+01, -1.76396046E+01, -1.76394367E+01, -1.76377106E+01, -1.76380577E+01, -1.76389751E+01, -1.76388187E+01, -1.76389885E+01, -1.76394882E+01, -1.76371613E+01
1535.493999999981, -1.76371613E+01, -1.76364994E+01, -1.76371269E+01, -1.76372719E+01, -1.76372662E+01, -1.76373672E+01, -1.76373615E+01, -1.76384163E+01, -1.76361485E+01, -1.76349983E+01
1535.495999999981, -1.76299858E+01, -1.76300335E+01, -1.76314430E+01, -1.76313305E+01, -1.76315613E+01, -1.76299553E+01, -1.76299648E+01, -1.76292114E+01, -1.76292877E+01, -1.76290035E+01
1535.497999999981, -1.76298027E+01, -1.76322689E+01, -1.76339474E+01, -1.76403751E+01, -1.76411724E+01, -1.76412220E+01, -1.76414680E+01, -1.76424694E+01, -1.76431694E+01, -1.76439114E+01
1535.499999999981, -1.76357307E+01, -1.76374607E+01, -1.76376381E+01, -1.76389847E+01, -1.76381569E+01, -1.76362820E+01, -1.76353035E+01, -1.76352539E+01, -1.76349792E+01, -1.76333485E+01
1535.5019999999809, -1.76291695E+01, -1.76303444E+01, -1.76288357E+01, -1.76260815E+01, -1.76276093E+01, -1.76287460E+01, -1.76285801E+01, -1.76288986E+01, -1.76294823E+01, -1.76285744E+01
1535.5039999999808, -1.76243343E+01, -1.76241436E+01, -1.76239185E+01, -1.76242867E+01, -1.76242847E+01, -1.76236534E+01, -1.76236324E+01, -1.76257820E+01, -1.76253796E+01, -1.76251183E+01
1535.5059999999808, -1.76170998E+01, -1.76177864E+01, -1.76201077E+01, -1.76188049E+01, -1.76204338E+01, -1.76198101E+01, -1.76194401E+01, -1.76195145E+01, -1.76189365E+01, -1.76181412E+01
1535.5079999999807, -1.76130619E+01, -1.76132755E+01, -1.76145115E+01, -1.76135464E+01, -1.76129379E+01, -1.76135769E+01, -1.76139374E+01, -1.76144695E+01, -1.76146564E+01, -1.76142769E+01
1535.5099999999807, -1.76068401E+01, -1.76076946E+01, -1.76086121E+01, -1.76099224E+01, -1.76083660E+01, -1.76086864E+01, -1.76094570E+01, -1.76095467E+01, -1.76087456E+01, -1.76093235E+01
1535.5119999999806, -1.76042347E+01, -1.76008301E+01, -1.76037579E+01, -1.76031227E+01, -1.76046944E+01, -1.76033058E+01, -1.76037521E+01, -1.76038647E+01, -1.76031857E+01, -1.76038113E+01
1535.5139999999806, -1.75981731E+01, -1.75976982E+01, -1.75990772E+01, -1.75964928E+01, -1.75967827E+01, -1.75960464E+01, -1.75965900E+01, -1.75952969E+01, -1.75949268E+01, -1.75939903E+01
1535.5159999999805, -1.75867977E+01, -1.75855846E+01, -1.75875988E+01, -1.75862923E+01, -1.75864983E+01, -1.75863037E+01, -1.75856342E+01, -1.75858631E+01, -1.75859280E+01, -1.75870285E+01
1535.5179999999805, -1.75819740E+01, -1.75797253E+01, -1.75800171E+01, -1.75819225E+01, -1.75818539E+01, -1.75809669E+01, -1.75826988E+01, -1.75821972E+01, -1.75826664E+01, -1.75839863E+01
1535.5199999999804, -1.75783710E+01, -1.75793495E+01, -1.75793228E+01, -1.75790386E+01, -1.75823727E+01, -1.75812759E+01, -1.75810299E+01, -1.75806561E+01, -1.75801144E+01, -1.75791187E+01
1546.0799999999763, -1.60488148E+01, -1.60508404E+01, -1.60496349E+01, -1.60512638E+01, -1.60482979E+01, -1.60459251E+01, -1.60487309E+01, -1.60499363E+01, -1.60478134E+01, -1.60496655E+01
1546.0819999999762, -1.60750828E+01, -1.60550594E+01, -1.60574932E+01, -1.60633411E+01, -1.60621433E+01, -1.60669956E+01, -1.60594749E+01, -1.60505085E+01, -1.60540714E+01, -1.60552521E+01
1546.0839999999762, -1.60525684E+01, -1.60526943E+01, -1.60509892E+01, -1.60522900E+01, -1.60536041E+01, -1.60526943E+01, -1.60517483E+01, -1.60516052E+01, -1.60541039E+01, -1.60557098E+01
1546.0859999999761, -1.60579872E+01, -1.60585728E+01, -1.60596733E+01, -1.60566654E+01, -1.60556469E+01, -1.60556183E+01, -1.60579453E+01, -1.60562630E+01, -1.60565681E+01, -1.60571003E+01
1546.087999999976, -1.60554066E+01, -1.60557213E+01, -1.60548363E+01, -1.60555935E+01, -1.60550404E+01, -1.60551929E+01, -1.60539665E+01, -1.60560455E+01, -1.60549278E+01, -1.60553837E+01
1546.089999999976, -1.60738831E+01, -1.60779305E+01, -1.60723610E+01, -1.60798492E+01, -1.60742569E+01, -1.60615005E+01, -1.60606308E+01, -1.60601292E+01, -1.60604858E+01, -1.60594692E+01
1546.091999999976, -1.60632877E+01, -1.60633125E+01, -1.60659466E+01, -1.60654526E+01, -1.60630913E+01, -1.60629768E+01, -1.60618649E+01, -1.60622807E+01, -1.60637245E+01, -1.60667229E+01
1546.093999999976, -1.60701351E+01, -1.60704937E+01, -1.60703239E+01, -1.60791340E+01, -1.60767632E+01, -1.60772438E+01, -1.60711594E+01, -1.60749035E+01, -1.60776768E+01, -1.60733032E+01
1546.095999999976, -1.60731506E+01, -1.60720215E+01, -1.60747395E+01, -1.60736923E+01, -1.60760288E+01, -1.60759697E+01, -1.60767384E+01, -1.60740604E+01, -1.60752182E+01, -1.60769730E+01
1546.0979999999759, -1.60773640E+01, -1.60776730E+01, -1.60782433E+01, -1.60842857E+01, -1.60843582E+01, -1.60822945E+01, -1.60796490E+01, -1.60804214E+01, -1.60802135E+01, -1.60825806E+01
1546.0999999999758, -1.60918865E+01, -1.60873375E+01, -1.60871830E+01, -1.60859814E+01, -1.60865059E+01, -1.60853405E+01, -1.60896282E+01, -1.60875435E+01, -1.60871048E+01, -1.60852909E+01
1546.1019999999758, -1.61029625E+01, -1.61139889E+01, -1.61181622E+01, -1.61036739E+01, -1.60956364E+01, -1.60984039E+01, -1.60964432E+01, -1.60967522E+01, -1.60935535E+01, -1.60921803E+01
1546.1039999999757, -1.61080627E+01, -1.61127090E+01, -1.61084347E+01, -1.61094913E+01, -1.61102467E+01, -1.61084995E+01, -1.61064892E+01, -1.61060276E+01, -1.61097546E+01, -1.61062832E+01
1546.1059999999757, -1.61147346E+01, -1.61143742E+01, -1.61150990E+01, -1.61166725E+01, -1.61167946E+01, -1.61181316E+01, -1.61179829E+01, -1.61170082E+01, -1.61172428E+01, -1.61204796E+01
1546.1079999999756, -1.61207638E+01, -1.61206474E+01, -1.61224518E+01, -1.61240826E+01, -1.61277447E+01, -1.61247387E+01, -1.61254559E+01, -1.61256104E+01, -1.61244946E+01, -1.61229115E+01
1546.1099999999756, -1.61360950E+01, -1.61373539E+01, -1.61363678E+01, -1.61349258E+01, -1.61346474E+01, -1.61349907E+01, -1.61336422E+01, -1.61339245E+01, -1.61340637E+01, -1.61349831E+01
1546.1119999999755, -1.61404457E+01, -1.61397591E+01, -1.61412735E+01, -1.61398315E+01, -1.61399918E+01, -1.61384869E+01, -1.61401882E+01, -1.61410980E+01, -1.61420040E+01, -1.61413555E+01
1546.1139999999755, -1.61560326E+01, -1.61604862E+01, -1.61616650E+01, -1.61607800E+01, -1.61561069E+01, -1.61560307E+01, -1.61544781E+01, -1.61585140E+01, -1.61534824E+01, -1.61561260E+01
1546.1159999999754, -1.61604557E+01, -1.61591759E+01, -1.61577168E+01, -1.61582909E+01, -1.61594830E+01, -1.61598320E+01, -1.61603985E+01, -1.61580582E+01, -1.61577168E+01, -1.61587181E+01
1546.1179999999754, -1.61694641E+01, -1.61709709E+01, -1.61687298E+01, -1.61703644E+01, -1.61739101E+01, -1.61730881E+01, -1.61721096E+01, -1.61715298E+01, -1.61694145E+01, -1.61702881E+01
1546.1199999999753, -1.61769695E+01, -1.61773167E+01, -1.61769562E+01, -1.61793289E+01, -1.61770878E+01, -1.61767807E+01, -1.61774445E+01, -1.61776028E+01, -1.61771488E+01, -1.61773014E+01
1546.1219999999753, -1.61946373E+01, -1.61917305E+01, -1.61890106E+01, -1.61877327E+01, -1.61880894E+01, -1.61889515E+01, -1.61894588E+01, -1.61884937E+01, -1.61865273E+01, -1.61875896E+01
1546.1239999999752, -1.61975327E+01, -1.62008381E+01, -1.61994476E+01, -1.61992645E+01, -1.61998653E+01, -1.61979237E+01, -1.61984310E+01, -1.61998138E+01, -1.61988964E+01, -1.61993599E+01
1546.1259999999752, -1.62108250E+01, -1.62121964E+01, -1.62130280E+01, -1.62128525E+01, -1.62160530E+01, -1.62149639E+01, -1.62160683E+01, -1.62187996E+01, -1.62182808E+01, -1.62159557E+01
1546.1279999999751, -1.62247009E+01, -1.62247486E+01, -1.62261314E+01, -1.62238979E+01, -1.62228737E+01, -1.62233658E+01, -1.62231083E+01, -1.62231388E+01, -1.62231007E+01, -1.62233982E+01
1546.129999999975, -1.62370014E+01, -1.62334023E+01, -1.62321243E+01, -1.62350368E+01, -1.62349968E+01, -1.62338123E+01, -1.62319336E+01, -1.62324142E+01, -1.62348576E+01, -1.62329521E+01
1546.131999999975, -1.62388535E+01, -1.62417431E+01, -1.62411022E+01, -1.62425632E+01, -1.62478008E+01, -1.62564163E+01, -1.62459984E+01, -1.62423229E+01, -1.62414913E+01, -1.62410583E+01
1546.133999999975, -1.62515850E+01, -1.62533112E+01, -1.62549362E+01, -1.62530251E+01, -1.62509155E+01, -1.62496719E+01, -1.62500210E+01, -1.62513065E+01, -1.62564430E+01, -1.62575226E+01
1546.135999999975, -1.62599678E+01, -1.62580070E+01, -1.62595921E+01, -1.62597580E+01, -1.62588787E+01, -1.62593460E+01, -1.62597694E+01, -1.62599010E+01, -1.62574005E+01, -1.62597713E+01
1546.137999999975, -1.62657356E+01, -1.62669926E+01, -1.62674084E+01, -1.62665157E+01, -1.62677631E+01, -1.62686939E+01, -1.62680511E+01, -1.62687798E+01, -1.62740841E+01, -1.62783165E+01
1546.1399999999749, -1.62839108E+01, -1.62806320E+01, -1.62775784E+01, -1.62769451E+01, -1.62816029E+01, -1.62868538E+01, -1.62834454E+01, -1.62861748E+01, -1.62810917E+01, -1.62788410E+01
1546.1419999999748, -1.62950573E+01, -1.62955418E+01, -1.62937946E+01, -1.62931747E+01, -1.62974758E+01, -1.62958946E+01, -1.62945557E+01, -1.62974243E+01, -1.62972164E+01, -1.62944355E+01
1546.1439999999748, -1.63004608E+01, -1.63005657E+01, -1.63009129E+01, -1.62996941E+01, -1.63005753E+01, -1.63007450E+01, -1.63056221E+01, -1.63039093E+01, -1.63034821E+01, -1.63015232E+01
1546.1459999999747, -1.63140182E+01, -1.63148670E+01, -1.63150864E+01, -1.63148537E+01, -1.63149529E+01, -1.63156261E+01, -1.63183155E+01, -1.63192863E+01, -1.63163681E+01, -1.63200760E+01
1546.1479999999747, -1.63200169E+01, -1.63208141E+01, -1.63209267E+01, -1.63210411E+01, -1.63207779E+01, -1.63208141E+01, -1.63207016E+01, -1.63194942E+01, -1.63180218E+01, -1.63200951E+01
1546.1499999999746, -1.63320770E+01, -1.63373985E+01, -1.63409500E+01, -1.63338318E+01, -1.63579941E+01, -1.63452091E+01, -1.63585110E+01, -1.63417664E+01, -1.63339634E+01, -1.63292675E+01
1546.1519999999746, -1.63357372E+01, -1.63309212E+01, -1.63304863E+01, -1.63299961E+01, -1.63305225E+01, -1.63375053E+01, -1.63359833E+01, -1.63331203E+01, -1.63308315E+01, -1.63295631E+01
1546.1539999999745, -1.63399563E+01, -1.63405609E+01, -1.63414536E+01, -1.63404045E+01, -1.63396568E+01, -1.63425941E+01, -1.63430653E+01, -1.63436546E+01, -1.63424072E+01, -1.63426743E+01
1546.1559999999745, -1.63483238E+01, -1.63508549E+01, -1.63508072E+01, -1.63486671E+01, -1.63499241E+01, -1.63514671E+01, -1.63522835E+01, -1.63572044E+01, -1.63511925E+01, -1.63522549E+01
1546.1579999999744, -1.63794212E+01, -1.63817768E+01, -1.63842354E+01, -1.63708153E+01, -1.63622532E+01, -1.63576221E+01, -1.63575020E+01, -1.63566780E+01, -1.63557568E+01, -1.63572254E+01
1546.1599999999744, -1.63596725E+01, -1.63603954E+01, -1.63602314E+01, -1.63613796E+01, -1.63614120E+01, -1.63623734E+01, -1.63650913E+01, -1.63625278E+01, -1.63656502E+01, -1.63647995E+01
1546.1619999999743, -1.63778267E+01, -1.63719158E+01, -1.63697109E+01, -1.63687611E+01, -1.63695354E+01, -1.63691978E+01, -1.63729324E+01, -1.63720417E+01, -1.63681068E+01, -1.63741360E+01
1546.1639999999743, -1.63764229E+01, -1.63764515E+01, -1.63770390E+01, -1.63813572E+01, -1.63785343E+01, -1.63761749E+01, -1.63757458E+01, -1.63766861E+01, -1.63770561E+01, -1.63820019E+01
1546.1659999999742, -1.63764267E+01, -1.63775043E+01, -1.63769665E+01, -1.63806286E+01, -1.63823910E+01, -1.63874569E+01, -1.63995152E+01, -1.63954563E+01, -1.63800564E+01, -1.63808002E+01
1546.1679999999742, -1.63833694E+01, -1.63855476E+01, -1.63888664E+01, -1.63816128E+01, -1.63805885E+01, -1.63821793E+01, -1.63827686E+01, -1.63866692E+01, -1.63879089E+01, -1.63899136E+01
1546.1699999999742, -1.63837757E+01, -1.63836613E+01, -1.63838425E+01, -1.63849316E+01, -1.63850365E+01, -1.63858128E+01, -1.63875675E+01, -1.63875408E+01, -1.63844757E+01, -1.63896160E+01
1546.171999999974, -1.63861866E+01, -1.63963966E+01, -1.63985901E+01, -1.63947353E+01, -1.63868675E+01, -1.63881035E+01, -1.63893089E+01, -1.63879204E+01, -1.63863068E+01, -1.63877583E+01
1546.173999999974, -1.63903961E+01, -1.63897934E+01, -1.63895473E+01, -1.63903942E+01, -1.63937111E+01, -1.63941574E+01, -1.63922234E+01, -1.63908539E+01, -1.63911228E+01, -1.63924980E+01
1546.175999999974, -1.63964958E+01, -1.63967552E+01, -1.63982105E+01, -1.63984489E+01, -1.63991737E+01, -1.63985214E+01, -1.63939781E+01, -1.63957253E+01, -1.63958988E+01, -1.63971367E+01
1546.177999999974, -1.63926907E+01, -1.63935432E+01, -1.63948193E+01, -1.63956890E+01, -1.63930302E+01, -1.63948231E+01, -1.63937492E+01, -1.63925533E+01, -1.63953705E+01, -1.63968296E+01
1546.179999999974, -1.63978195E+01, -1.63992233E+01, -1.63973141E+01, -1.63969994E+01, -1.63976383E+01, -1.63994064E+01, -1.64006996E+01, -1.63975639E+01, -1.64011307E+01, -1.64005260E+01
1546.1819999999739, -1.64030552E+01, -1.64027443E+01, -1.64041386E+01, -1.64048004E+01, -1.64032402E+01, -1.64018459E+01, -1.63998051E+01, -1.64030476E+01, -1.64003716E+01, -1.64002476E+01
1546.1839999999738, -1.64016209E+01, -1.64013004E+01, -1.64004974E+01, -1.64019375E+01, -1.64015198E+01, -1.64015999E+01, -1.64021187E+01, -1.64060059E+01, -1.64087124E+01, -1.64027634E+01
1546.1859999999738, -1.64105663E+01, -1.64089546E+01, -1.64119987E+01, -1.64086533E+01, -1.64095440E+01, -1.64102325E+01, -1.64118805E+01, -1.64119911E+01, -1.64104500E+01, -1.64110317E+01
1546.1879999999737, -1.64303207E+01, -1.64507866E+01, -1.64346771E+01, -1.64358253E+01, -1.64230938E+01, -1.64207554E+01, -1.64165249E+01, -1.64148674E+01, -1.64169655E+01, -1.64157333E+01
1546.1899999999737, -1.64334984E+01, -1.64401398E+01, -1.64364719E+01, -1.64387569E+01, -1.64353161E+01, -1.64330044E+01, -1.64318733E+01, -1.64361782E+01, -1.64365044E+01, -1.64389172E+01
1546.1919999999736, -1.64505196E+01, -1.64499626E+01, -1.64520359E+01, -1.64525471E+01, -1.64530258E+01, -1.64510841E+01, -1.64495087E+01, -1.64514885E+01, -1.64543610E+01, -1.64537849E+01
1546.1939999999736, -1.65079956E+01, -1.65061188E+01, -1.65012264E+01, -1.65000057E+01, -1.65020008E+01, -1.65044651E+01, -1.65038166E+01, -1.65039406E+01, -1.65042381E+01, -1.65053673E+01
1546.1959999999735, -1.65582733E+01, -1.65572300E+01, -1.65578270E+01, -1.65571194E+01, -1.65578728E+01, -1.65607681E+01, -1.65578156E+01, -1.65574512E+01, -1.65599232E+01, -1.65573425E+01
1546.1979999999735, -1.67021580E+01, -1.66988297E+01, -1.67031384E+01, -1.67050323E+01, -1.67057610E+01, -1.67055454E+01, -1.67050591E+01, -1.67036686E+01, -1.67044964E+01, -1.67068844E+01
1546.1999999999734, -1.69011021E+01, -1.69026260E+01, -1.69066963E+01, -1.69083443E+01, -1.69173698E+01, -1.69242592E+01, -1.69260025E+01, -1.69298382E+01, -1.69274940E+01, -1.69226170E+01
1546.2019999999734, -1.77639084E+01, -1.77658367E+01, -1.77592335E+01, -1.77652264E+01, -1.77749977E+01, -1.77670002E+01, -1.77641983E+01, -1.77749043E+01, -1.77642326E+01, -1.77522945E+01
1546.2039999999733, -1.88600712E+01, -1.88908520E+01, -1.88886013E+01, -1.89007072E+01, -1.89518356E+01, -1.89931526E+01, -1.90044460E+01, -1.90206757E+01, -1.90019455E+01, -1.90045681E+01
1546.2059999999733, -2.23028526E+01, -2.23068237E+01, -2.23057556E+01, -2.23105469E+01, -2.23069859E+01, -2.23069801E+01, -2.23069363E+01, -2.23128414E+01, -2.23095512E+01, -2.23079662E+01
1546.2079999999733, -2.07636662E+01, -2.07125950E+01, -2.06991653E+01, -2.06744785E+01, -2.06114712E+01, -2.06078033E+01, -2.05714207E+01, -2.05136814E+01, -2.05423660E+01, -2.05721684E+01
1546.2099999999732, -1.78849735E+01, -1.78547039E+01, -1.78410397E+01, -1.78299789E+01, -1.78310966E+01, -1.78399601E+01, -1.78383026E+01, -1.78427277E+01, -1.78277702E+01, -1.78113270E+01
1546.2119999999732, -1.71431065E+01, -1.71407070E+01, -1.71477947E+01, -1.71428623E+01, -1.71444874E+01, -1.71470547E+01, -1.71636047E+01, -1.71633930E+01, -1.71521511E+01, -1.71494503E+01
1546.213999999973, -1.67394638E+01, -1.67407322E+01, -1.67364578E+01, -1.67354488E+01, -1.67461700E+01, -1.67467518E+01, -1.67479115E+01, -1.67505245E+01, -1.67492256E+01, -1.67410126E+01
1546.215999999973, -1.65887413E+01, -1.65866432E+01, -1.65833035E+01, -1.65800381E+01, -1.65824280E+01, -1.65840931E+01, -1.65791874E+01, -1.65781631E+01, -1.65739956E+01, -1.65778847E+01
1546.217999999973, -1.64579163E+01, -1.64709015E+01, -1.66437321E+01, -1.66415939E+01, -1.66045818E+01, -1.65110836E+01, -1.64739532E+01, -1.64548779E+01, -1.64582710E+01, -1.64500122E+01
1546.219999999973, -1.64810677E+01, -1.65627918E+01, -1.65023327E+01, -1.64624405E+01, -1.64212761E+01, -1.63996677E+01, -1.63991661E+01, -1.63927250E+01, -1.63926258E+01, -1.63952312E+01
1546.221999999973, -1.63287354E+01, -1.63368797E+01, -1.63434925E+01, -1.63326931E+01, -1.63309307E+01, -1.63288441E+01, -1.63302422E+01, -1.63285103E+01, -1.63278599E+01, -1.63297348E+01
1546.2239999999729, -1.62959423E+01, -1.62969494E+01, -1.62991009E+01, -1.63013134E+01, -1.63022575E+01, -1.63041992E+01, -1.63472805E+01, -1.63151550E+01, -1.63108654E+01, -1.63317337E+01
1546.2259999999728, -1.62620869E+01, -1.62614498E+01, -1.62614651E+01, -1.62647419E+01, -1.62739506E+01, -1.62713985E+01, -1.62664948E+01, -1.62633858E+01, -1.62690010E+01, -1.62680626E+01
1546.2279999999728, -1.62415161E+01, -1.62464504E+01, -1.62440968E+01, -1.62406406E+01, -1.62384644E+01, -1.62387543E+01, -1.62393055E+01, -1.62435131E+01, -1.62551422E+01, -1.63861675E+01
1546.2299999999727, -1.62136898E+01, -1.62135639E+01, -1.62158260E+01, -1.62204952E+01, -1.62211704E+01, -1.62161064E+01, -1.62145157E+01, -1.62223206E+01, -1.62164135E+01, -1.62142181E+01
1546.2319999999727, -1.62005310E+01, -1.61996441E+01, -1.61986446E+01, -1.61980591E+01, -1.61994934E+01, -1.62021790E+01, -1.61997929E+01, -1.61988773E+01, -1.62000942E+01, -1.62026482E+01
1546.2339999999726, -1.61858673E+01, -1.61871376E+01, -1.61945095E+01, -1.61921749E+01, -1.61839771E+01, -1.61791706E+01, -1.61798859E+01, -1.61803818E+01, -1.61811333E+01, -1.61831322E+01
1546.2359999999726, -1.61656322E+01, -1.61735058E+01, -1.61751232E+01, -1.61735401E+01, -1.61702137E+01, -1.61675510E+01, -1.61622429E+01, -1.61604996E+01, -1.61631165E+01, -1.61615238E+01
1546.2379999999725, -1.61460094E+01, -1.61459961E+01, -1.61487064E+01, -1.61489506E+01, -1.61506500E+01, -1.61487865E+01, -1.61546459E+01, -1.61495953E+01, -1.61558533E+01, -1.61508808E+01
1546.2399999999725, -1.61369400E+01, -1.61379547E+01, -1.61415138E+01, -1.61417904E+01, -1.61359997E+01, -1.61348114E+01, -1.61343460E+01, -1.61376171E+01, -1.61380405E+01, -1.61369762E+01
1546.2419999999724, -1.61428814E+01, -1.61738110E+01, -1.61374779E+01, -1.61372166E+01, -1.61386547E+01, -1.61372013E+01, -1.61353283E+01, -1.61305923E+01, -1.61287346E+01, -1.61242390E+01
1546.2439999999724, -1.61156502E+01, -1.61148167E+01, -1.61141014E+01, -1.61140499E+01, -1.61168442E+01, -1.61149101E+01, -1.61165714E+01, -1.61224060E+01, -1.61222343E+01, -1.61259232E+01
1546.2459999999724, -1.61067142E+01, -1.61066341E+01, -1.61058502E+01, -1.61050415E+01, -1.61092148E+01, -1.61074581E+01, -1.61071815E+01, -1.61076183E+01, -1.61071415E+01, -1.61098118E+01
1546.2479999999723, -1.61051865E+01, -1.61056042E+01, -1.61040325E+01, -1.61015568E+01, -1.61020584E+01, -1.61025085E+01, -1.61023006E+01, -1.61017914E+01, -1.61028099E+01, -1.61052036E+01
1546.2499999999723, -1.60955868E+01, -1.60929203E+01, -1.60926514E+01, -1.60919418E+01, -1.60935936E+01, -1.60928535E+01, -1.60936012E+01, -1.60929947E+01, -1.60954647E+01, -1.60960369E+01
1546.2519999999722, -1.60865116E+01, -1.60850487E+01, -1.60867939E+01, -1.60861092E+01, -1.60861626E+01, -1.60865345E+01, -1.60839672E+01, -1.60859833E+01, -1.60866528E+01, -1.60851707E+01
1546.2539999999722, -1.60830803E+01, -1.60841846E+01, -1.61155167E+01, -1.61304588E+01, -1.60965824E+01, -1.60868244E+01, -1.60902596E+01, -1.60977688E+01, -1.61041641E+01, -1.62078381E+01
1546.2559999999721, -1.61293182E+01, -1.60968399E+01, -1.60933990E+01, -1.60966625E+01, -1.60944252E+01, -1.60902882E+01, -1.60979195E+01, -1.60995655E+01, -1.60858822E+01, -1.60828514E+01
1546.257999999972, -1.60940533E+01, -1.60875263E+01, -1.60841904E+01, -1.60799847E+01, -1.60798531E+01, -1.60809689E+01, -1.60835533E+01, -1.60870152E+01, -1.60850506E+01, -1.60832672E+01
1546.259999999972, -1.60806580E+01, -1.60760574E+01, -1.60783882E+01, -1.60799637E+01, -1.60827904E+01, -1.60797215E+01, -1.60791740E+01, -1.60801620E+01, -1.60824223E+01, -1.60925064E+01
1546.261999999972, -1.60783329E+01, -1.60802956E+01, -1.60795822E+01, -1.60759029E+01, -1.60748158E+01, -1.60733814E+01, -1.60766449E+01, -1.60787277E+01, -1.60832729E+01, -1.60775261E+01
1546.263999999972, -1.60761147E+01, -1.60802631E+01, -1.60813007E+01, -1.60770588E+01, -1.60737076E+01, -1.60766926E+01, -1.60779648E+01, -1.60772839E+01, -1.60862198E+01, -1.60812035E+01
1546.2659999999719, -1.60779057E+01, -1.60771275E+01, -1.60761566E+01, -1.60758247E+01, -1.60751991E+01, -1.60781212E+01, -1.60772171E+01, -1.60770798E+01, -1.60771961E+01, -1.60812454E+01
1546.2679999999718, -1.60832767E+01, -1.60804882E+01, -1.60826550E+01, -1.60779934E+01, -1.60766201E+01, -1.60758553E+01, -1.60771408E+01, -1.60770817E+01, -1.60796490E+01, -1.60800114E+01
1546.2699999999718, -1.60815659E+01, -1.60830460E+01, -1.60792751E+01, -1.60840950E+01, -1.60820961E+01, -1.60799923E+01, -1.60784664E+01, -1.60786629E+01, -1.60776901E+01, -1.60789394E+01
1546.2719999999717, -1.60818863E+01, -1.60810757E+01, -1.60806122E+01, -1.60831509E+01, -1.60841198E+01, -1.60860653E+01, -1.60824566E+01, -1.60805016E+01, -1.60795536E+01, -1.60821629E+01
1546.2739999999717, -1.60900211E+01, -1.60858784E+01, -1.60884438E+01, -1.60845985E+01, -1.60978527E+01, -1.60912418E+01, -1.60851078E+01, -1.60906448E+01, -1.60864468E+01, -1.60850372E+01
1546.2759999999716, -1.60895138E+01, -1.60901165E+01, -1.60884571E+01, -1.60879326E+01, -1.60881424E+01, -1.60895233E+01, -1.60922985E+01, -1.60947247E+01, -1.60910130E+01, -1.60893574E+01
1546.2779999999716, -1.60917492E+01, -1.60927715E+01, -1.60932026E+01, -1.60931835E+01, -1.60933857E+01, -1.60937309E+01, -1.60955467E+01, -1.60946350E+01, -1.60948048E+01, -1.60937157E+01
1546.2799999999716, -1.61027699E+01, -1.61038933E+01, -1.61075687E+01, -1.61136837E+01, -1.61066914E+01, -1.61024895E+01, -1.61021423E+01, -1.61020451E+01, -1.61022491E+01, -1.61022949E+01
1546.2819999999715, -1.61090927E+01, -1.61115437E+01, -1.61336632E+01, -1.61507263E+01, -1.61627712E+01, -1.61891022E+01, -1.62366772E+01, -1.62805328E+01, -1.63010750E+01, -1.63106689E+01
1546.2839999999715, -1.61163425E+01, -1.61158600E+01, -1.61287785E+01, -1.61386662E+01, -1.61439228E+01, -1.61334572E+01, -1.61173458E+01, -1.61141052E+01, -1.61292896E+01, -1.61198845E+01
1546.2859999999714, -1.61194744E+01, -1.61211414E+01, -1.61210213E+01, -1.61227531E+01, -1.61225109E+01, -1.61243114E+01, -1.61254826E+01, -1.61221066E+01, -1.61243725E+01, -1.61217442E+01
1546.2879999999714, -1.61270523E+01, -1.61271935E+01, -1.61289864E+01, -1.61283226E+01, -1.61259460E+01, -1.61279755E+01, -1.61282635E+01, -1.61315765E+01, -1.61357307E+01, -1.61305313E+01
1546.2899999999713, -1.61380100E+01, -1.61382561E+01, -1.61404343E+01, -1.61383171E+01, -1.61393299E+01, -1.61406155E+01, -1.61384010E+01, -1.61406708E+01, -1.61411915E+01, -1.61374035E+01
1546.2919999999713, -1.61461716E+01, -1.61435699E+01, -1.61440067E+01, -1.61452389E+01, -1.61457634E+01, -1.61458664E+01, -1.61468983E+01, -1.61579514E+01, -1.61570263E+01, -1.61525230E+01
1546.2939999999712, -1.61609020E+01, -1.61599236E+01, -1.61632767E+01, -1.61606350E+01, -1.61607399E+01, -1.61598797E+01, -1.61605301E+01, -1.61621895E+01, -1.61607819E+01, -1.61600094E+01
1546.2959999999712, -1.61718197E+01, -1.61737213E+01, -1.61723995E+01, -1.61677399E+01, -1.61666870E+01, -1.61662579E+01, -1.61669617E+01, -1.61664925E+01, -1.61676655E+01, -1.61678619E+01
1546.2979999999711, -1.61809978E+01, -1.61810722E+01, -1.61826458E+01, -1.61815510E+01, -1.61810017E+01, -1.61799221E+01, -1.61826153E+01, -1.61793003E+01, -1.61782455E+01, -1.61808434E+01
1546.299999999971, -1.61901722E+01, -1.61880016E+01, -1.61884022E+01, -1.61903667E+01, -1.61914387E+01, -1.61894550E+01, -1.61888695E+01, -1.61882973E+01, -1.61867046E+01, -1.61883640E+01
1546.301999999971, -1.62006016E+01, -1.61999702E+01, -1.62000046E+01, -1.62063103E+01, -1.62045326E+01, -1.62054634E+01, -1.61994381E+01, -1.62011395E+01, -1.62034607E+01, -1.62054615E+01
1546.303999999971, -1.62127342E+01, -1.62105846E+01, -1.62073822E+01, -1.62082748E+01, -1.62092419E+01, -1.62105064E+01, -1.62128887E+01, -1.62118454E+01, -1.62095737E+01, -1.62112503E+01
1546.305999999971, -1.62136536E+01, -1.62140312E+01, -1.62149124E+01, -1.62145405E+01, -1.62151661E+01, -1.62151699E+01, -1.62141247E+01, -1.62145805E+01, -1.62139492E+01, -1.62140141E+01
1546.307999999971, -1.62213440E+01, -1.62271805E+01, -1.62284412E+01, -1.62312336E+01, -1.62473774E+01, -1.62289181E+01, -1.62232380E+01, -1.62239265E+01, -1.62208481E+01, -1.62235203E+01
1546.3099999999708, -1.62406006E+01, -1.62361488E+01, -1.62360668E+01, -1.62357025E+01, -1.62326088E+01, -1.62344627E+01, -1.62324791E+01, -1.62334595E+01, -1.62378292E+01, -1.62386551E+01
1546.3119999999708, -1.62375660E+01, -1.62395096E+01, -1.62355633E+01, -1.62357635E+01, -1.62359715E+01, -1.62352467E+01, -1.62385139E+01, -1.62364902E+01, -1.62363796E+01, -1.62359295E+01
1546.3139999999707, -1.62476940E+01, -1.62492447E+01, -1.62497025E+01, -1.62482433E+01, -1.62479134E+01, -1.62479668E+01, -1.62471714E+01, -1.62488022E+01, -1.62488384E+01, -1.62495327E+01
1546.3159999999707, -1.62565937E+01, -1.62541637E+01, -1.62550354E+01, -1.62532310E+01, -1.62537174E+01, -1.62534962E+01, -1.62519970E+01, -1.62539406E+01, -1.62542305E+01, -1.62536602E+01
1546.3179999999707, -1.62679138E+01, -1.62668800E+01, -1.62657700E+01, -1.62669697E+01, -1.62657280E+01, -1.62647190E+01, -1.62643623E+01, -1.62646275E+01, -1.62636147E+01, -1.62644920E+01
1546.3199999999706, -1.62696285E+01, -1.62698116E+01, -1.62741871E+01, -1.62751694E+01, -1.62740383E+01, -1.62748852E+01, -1.62734375E+01, -1.62728310E+01, -1.62714920E+01, -1.62725029E+01
1548.2799999999743, -1.60121746E+01, -1.60119190E+01, -1.60122585E+01, -1.60125523E+01, -1.60128441E+01, -1.60146427E+01, -1.60166168E+01, -1.60159779E+01, -1.60175228E+01, -1.60191460E+01
1548.2819999999742, -1.60228367E+01, -1.60178146E+01, -1.60195732E+01, -1.60210228E+01, -1.60233116E+01, -1.60236683E+01, -1.60215778E+01, -1.60213184E+01, -1.60216351E+01, -1.60223026E+01
1548.2839999999742, -1.60226345E+01, -1.60377998E+01, -1.60340614E+01, -1.60230389E+01, -1.60171127E+01, -1.60192623E+01, -1.60179901E+01, -1.60186405E+01, -1.60181255E+01, -1.60166416E+01
1548.2859999999741, -1.60140057E+01, -1.60130882E+01, -1.60146561E+01, -1.60162258E+01, -1.60182266E+01, -1.60164242E+01, -1.60173454E+01, -1.60192928E+01, -1.60188427E+01, -1.60204029E+01
1548.287999999974, -1.60124683E+01, -1.60137844E+01, -1.60155869E+01, -1.60154514E+01, -1.60169907E+01, -1.60174351E+01, -1.60177135E+01, -1.60178471E+01, -1.60204563E+01, -1.60211391E+01
1548.289999999974, -1.60113029E+01, -1.60135708E+01, -1.60144539E+01, -1.60146217E+01, -1.60162773E+01, -1.60176220E+01, -1.60175915E+01, -1.60168190E+01, -1.60171204E+01, -1.60169773E+01
1548.291999999974, -1.60048313E+01, -1.60066223E+01, -1.60066071E+01, -1.60075226E+01, -1.60059776E+01, -1.60078125E+01, -1.60080471E+01, -1.60081482E+01, -1.60089378E+01, -1.60090618E+01
1548.293999999974, -1.59980135E+01, -1.59992275E+01, -1.60002327E+01, -1.60014229E+01, -1.59994268E+01, -1.60012131E+01, -1.60012417E+01, -1.60033245E+01, -1.60029736E+01, -1.60026512E+01
1548.295999999974, -1.59864531E+01, -1.59824581E+01, -1.59817944E+01, -1.59802885E+01, -1.59780130E+01, -1.59796114E+01, -1.59800787E+01, -1.59784641E+01, -1.59774685E+01, -1.59787035E+01
1548.2979999999739, -1.59742775E+01, -1.59676342E+01, -1.60246658E+01, -1.59860125E+01, -1.59797163E+01, -1.59869938E+01, -1.59872141E+01, -1.59845285E+01, -1.60142250E+01, -1.60052986E+01
1548.2999999999738, -1.59845228E+01, -1.59847937E+01, -1.59863329E+01, -1.59874039E+01, -1.59888306E+01, -1.59879780E+01, -1.59887962E+01, -1.59893494E+01, -1.59904289E+01, -1.59948549E+01
1548.3019999999738, -1.59892740E+01, -1.59910269E+01, -1.59924736E+01, -1.59925385E+01, -1.59922380E+01, -1.59924240E+01, -1.59923353E+01, -1.59941578E+01, -1.59951515E+01, -1.59952469E+01
1548.3039999999737, -1.59824619E+01, -1.59848757E+01, -1.59839096E+01, -1.59860268E+01, -1.59893112E+01, -1.59896908E+01, -1.59896374E+01, -1.59898291E+01, -1.59886322E+01, -1.59863243E+01
1548.3059999999737, -1.59804764E+01, -1.59797220E+01, -1.59810953E+01, -1.59812346E+01, -1.59832792E+01, -1.59846048E+01, -1.59844494E+01, -1.59866667E+01, -1.59841747E+01, -1.59845324E+01
1548.3079999999736, -1.59698200E+01, -1.59716177E+01, -1.59726524E+01, -1.59734182E+01, -1.59725962E+01, -1.59735937E+01, -1.59749784E+01, -1.59742079E+01, -1.59764566E+01, -1.59782629E+01
1548.3099999999736, -1.59681091E+01, -1.59692583E+01, -1.59697580E+01, -1.59712172E+01, -1.59730587E+01, -1.59728022E+01, -1.59740171E+01, -1.59732637E+01, -1.59731560E+01, -1.59747992E+01
1548.3119999999735, -1.59684172E+01, -1.59677839E+01, -1.59679346E+01, -1.59690151E+01, -1.59701309E+01, -1.59697294E+01, -1.59694510E+01, -1.59692688E+01, -1.59700851E+01, -1.59694433E+01
1548.3139999999735, -1.59595442E+01, -1.59601583E+01, -1.59606686E+01, -1.59599991E+01, -1.59614067E+01, -1.59609013E+01, -1.59616880E+01, -1.59632864E+01, -1.59650135E+01, -1.59623909E+01
1548.3159999999734, -1.59535780E+01, -1.59519634E+01, -1.59524822E+01, -1.59525986E+01, -1.59529676E+01, -1.59523201E+01, -1.59558325E+01, -1.59552202E+01, -1.59535170E+01, -1.59545059E+01
1548.3179999999734, -1.59482880E+01, -1.59488249E+01, -1.59468460E+01, -1.59478703E+01, -1.59479637E+01, -1.59483013E+01, -1.59479132E+01, -1.59481850E+01, -1.59460163E+01, -1.59475212E+01
1548.3199999999733, -1.59394417E+01, -1.59385300E+01, -1.59403448E+01, -1.59413261E+01, -1.59423141E+01, -1.59424715E+01, -1.59416847E+01, -1.59431152E+01, -1.59436178E+01, -1.59429760E+01
1548.3219999999733, -1.59312868E+01, -1.59340696E+01, -1.59351997E+01, -1.59338741E+01, -1.59322729E+01, -1.59336538E+01, -1.59323139E+01, -1.59322376E+01, -1.59331522E+01, -1.59348392E+01
1548.3239999999732, -1.59250288E+01, -1.59281197E+01, -1.59254217E+01, -1.59264421E+01, -1.59251699E+01, -1.59269543E+01, -1.59270496E+01, -1.59263620E+01, -1.59258032E+01, -1.59249201E+01
1548.3259999999732, -1.59144402E+01, -1.59159737E+01, -1.59173660E+01, -1.59171276E+01, -1.59183197E+01, -1.59215565E+01, -1.59171038E+01, -1.59177485E+01, -1.59171038E+01, -1.59177942E+01
1548.3279999999731, -1.59072313E+01, -1.59065847E+01, -1.59081249E+01, -1.59068146E+01, -1.59061518E+01, -1.59060402E+01, -1.59076672E+01, -1.59080753E+01, -1.59077435E+01, -1.59081402E+01
1548.329999999973, -1.59008207E+01, -1.59010677E+01, -1.59007196E+01, -1.59013681E+01, -1.59029541E+01, -1.59015045E+01, -1.59014978E+01, -1.59017944E+01, -1.59024220E+01, -1.59024057E+01
1548.331999999973, -1.58993502E+01, -1.58999510E+01, -1.58994265E+01, -1.58996868E+01, -1.58988619E+01, -1.59005833E+01, -1.58996677E+01, -1.58986044E+01, -1.58974962E+01, -1.58988895E+01
1548.333999999973, -1.58919077E+01, -1.58927841E+01, -1.58930883E+01, -1.58931427E+01, -1.58935003E+01, -1.58916101E+01, -1.58919172E+01, -1.58921413E+01, -1.58924341E+01, -1.58932114E+01
1548.335999999973, -1.58886585E+01, -1.58896255E+01, -1.58885326E+01, -1.58881502E+01, -1.58889265E+01, -1.58884668E+01, -1.58900766E+01, -1.58898535E+01, -1.58907890E+01, -1.58905983E+01
1548.337999999973, -1.58828907E+01, -1.58821526E+01, -1.58819361E+01, -1.58821697E+01, -1.58819189E+01, -1.58827839E+01, -1.58826857E+01, -1.58831444E+01, -1.58845072E+01, -1.58843098E+01
1548.3399999999729, -1.58795776E+01, -1.58812227E+01, -1.58843660E+01, -1.58887873E+01, -1.58852978E+01, -1.58812342E+01, -1.58799276E+01, -1.58782043E+01, -1.58789234E+01, -1.58801842E+01
1548.3419999999728, -1.58761225E+01, -1.58767147E+01, -1.58771343E+01, -1.58769064E+01, -1.58767281E+01, -1.58763371E+01, -1.58773890E+01, -1.58766556E+01, -1.58769693E+01, -1.58770628E+01
1548.3439999999728, -1.58733540E+01, -1.58728609E+01, -1.58735838E+01, -1.58744774E+01, -1.58731461E+01, -1.58734388E+01, -1.58730392E+01, -1.58730059E+01, -1.58726110E+01, -1.58734999E+01
1548.3459999999727, -1.62117691E+01, -1.62334557E+01, -1.60919800E+01, -1.60095100E+01, -1.59925499E+01, -1.59981270E+01, -1.60169487E+01, -1.60346489E+01, -1.60444088E+01, -1.60591717E+01
1548.3479999999727, -1.60450459E+01, -1.60254517E+01, -1.60233936E+01, -1.60592346E+01, -1.60661507E+01, -1.61012878E+01, -1.60779419E+01, -1.59755077E+01, -1.59770021E+01, -1.59869318E+01
1548.3499999999726, -1.60069160E+01, -1.60024414E+01, -1.59959679E+01, -1.59988794E+01, -1.59957314E+01, -1.59950018E+01, -1.59984064E+01, -1.59971724E+01, -1.60006657E+01, -1.60053673E+01
1548.3519999999726, -1.59859781E+01, -1.59803152E+01, -1.59871941E+01, -1.59920464E+01, -1.59930172E+01, -1.59938812E+01, -1.59956274E+01, -1.59779720E+01, -1.59756165E+01, -1.59832039E+01
1548.3539999999725, -1.59784966E+01, -1.59768381E+01, -1.59779520E+01, -1.59751225E+01, -1.59745541E+01, -1.59743214E+01, -1.59734135E+01, -1.59740505E+01, -1.59739542E+01, -1.59767361E+01
1548.3559999999725, -1.59872885E+01, -1.59883595E+01, -1.59913540E+01, -1.59921770E+01, -1.59940882E+01, -1.59914618E+01, -1.59840937E+01, -1.59756355E+01, -1.59737482E+01, -1.59697809E+01
1548.3579999999724, -1.61071510E+01, -1.68428001E+01, -2.02213078E+01, -2.71513939E+01, -2.92870560E+01, -3.08751812E+01, -2.91056461E+01, -2.93342915E+01, -2.68402939E+01, -1.83987312E+01
1548.3599999999724, -1.65579052E+01, -1.65131760E+01, -1.63942032E+01, -1.62853813E+01, -1.61954517E+01, -1.61102753E+01, -1.62942543E+01, -1.64322491E+01, -1.62635345E+01, -1.62289009E+01
1548.3619999999723, -1.59049759E+01, -1.59063606E+01, -1.59244394E+01, -1.58930321E+01, -1.59012957E+01, -1.58929996E+01, -1.59101515E+01, -1.59043674E+01, -1.58981438E+01, -1.58873911E+01
1548.3639999999723, -1.58972492E+01, -1.58976603E+01, -1.58985920E+01, -1.58964310E+01, -1.58966331E+01, -1.58998423E+01, -1.58984585E+01, -1.58938551E+01, -1.58918324E+01, -1.58936958E+01
1548.3659999999722, -1.58958635E+01, -1.58958588E+01, -1.58967772E+01, -1.58979044E+01, -1.58956861E+01, -1.58964539E+01, -1.58967285E+01, -1.58977137E+01, -1.58970451E+01, -1.58985300E+01
1548.3679999999722, -1.58978491E+01, -1.58965158E+01, -1.58960438E+01, -1.58962345E+01, -1.58951073E+01, -1.58953323E+01, -1.58950644E+01, -1.58937283E+01, -1.58942223E+01, -1.58946753E+01
1548.3699999999722, -1.59023476E+01, -1.58997879E+01, -1.58992558E+01, -1.58990250E+01, -1.58993225E+01, -1.59003506E+01, -1.58969412E+01, -1.58969212E+01, -1.58985395E+01, -1.58974743E+01
1548.371999999972, -1.59071293E+01, -1.59060278E+01, -1.59065123E+01, -1.59065428E+01, -1.59059420E+01, -1.59047756E+01, -1.59045229E+01, -1.59038706E+01, -1.59045143E+01, -1.59034376E+01
1548.373999999972, -1.59137430E+01, -1.59121838E+01, -1.59127512E+01, -1.59113579E+01, -1.59119320E+01, -1.59116945E+01, -1.59120512E+01, -1.59109287E+01, -1.59136934E+01, -1.59124165E+01
1548.375999999972, -1.59238081E+01, -1.59231634E+01, -1.59228315E+01, -1.59210625E+01, -1.59204321E+01, -1.59187202E+01, -1.59183159E+01, -1.59177675E+01, -1.59169865E+01, -1.59181080E+01
1548.377999999972, -1.59295635E+01, -1.59297285E+01, -1.59299755E+01, -1.59302797E+01, -1.59312525E+01, -1.59292650E+01, -1.59288979E+01, -1.59298468E+01, -1.59312658E+01, -1.59287796E+01
1548.379999999972, -1.59428797E+01, -1.59426165E+01, -1.59404774E+01, -1.59400187E+01, -1.59415464E+01, -1.59436836E+01, -1.59424486E+01, -1.59414053E+01, -1.59417429E+01, -1.59414082E+01
1548.3819999999719, -1.59601994E+01, -1.59600039E+01, -1.59594193E+01, -1.59586191E+01, -1.59585104E+01, -1.59591398E+01, -1.59596968E+01, -1.59590006E+01, -1.59590416E+01, -1.59598961E+01
1548.3839999999718, -1.59759970E+01, -1.59761724E+01, -1.59762468E+01, -1.59755354E+01, -1.59757347E+01, -1.59772367E+01, -1.59768200E+01, -1.59768486E+01, -1.59761877E+01, -1.59756145E+01
1548.3859999999718, -1.60040340E+01, -1.60039387E+01, -1.60041981E+01, -1.60051479E+01, -1.60051422E+01, -1.60047550E+01, -1.60048542E+01, -1.60057945E+01, -1.60049095E+01, -1.60055256E+01
1548.3879999999717, -1.60424519E+01, -1.60399532E+01, -1.60385818E+01, -1.60381908E+01, -1.60369167E+01, -1.60376282E+01, -1.60373249E+01, -1.60366535E+01, -1.60351391E+01, -1.60360374E+01
1548.3899999999717, -1.60841198E+01, -1.60835896E+01, -1.60838165E+01, -1.60818634E+01, -1.60781994E+01, -1.60782528E+01, -1.60786228E+01, -1.60782547E+01, -1.60785084E+01, -1.60782833E+01
1548.3919999999716, -1.61223812E+01, -1.61228867E+01, -1.61225376E+01, -1.61211834E+01, -1.61208725E+01, -1.61207867E+01, -1.61194191E+01, -1.61196079E+01, -1.61188869E+01, -1.61196842E+01
1548.3939999999716, -1.62076225E+01, -1.62047977E+01, -1.62044964E+01, -1.62040138E+01, -1.62032452E+01, -1.62018719E+01, -1.62006664E+01, -1.61987553E+01, -1.61974297E+01, -1.61977921E+01
1548.3959999999715, -1.63044262E+01, -1.63029728E+01, -1.63001804E+01, -1.62973709E+01, -1.62928295E+01, -1.62916527E+01, -1.62878933E+01, -1.62832737E+01, -1.62818222E+01, -1.62809467E+01
1548.3979999999715, -1.64708042E+01, -1.64685287E+01, -1.64664631E+01, -1.64650421E+01, -1.64625301E+01, -1.64580078E+01, -1.64591694E+01, -1.64581223E+01, -1.64590359E+01, -1.64600105E+01
1548.3999999999714, -1.66716576E+01, -1.66651764E+01, -1.66610470E+01, -1.66582146E+01, -1.66504765E+01, -1.66457958E+01, -1.66499615E+01, -1.66574440E+01, -1.66538639E+01, -1.66646976E+01
1548.4019999999714, -1.72730484E+01, -1.72671280E+01, -1.72423000E+01, -1.72270508E+01, -1.72149296E+01, -1.72127361E+01, -1.72008533E+01, -1.71889801E+01, -1.71848030E+01, -1.71899548E+01
1548.4039999999713, -1.80121212E+01, -1.79886913E+01, -1.79329433E+01, -1.79051094E+01, -1.78990269E+01, -1.79201069E+01, -1.79297848E+01, -1.79235401E+01, -1.78833752E+01, -1.78368340E+01
1548.4059999999713, -2.01807156E+01, -2.01436348E+01, -2.01104965E+01, -2.00203762E+01, -1.99686794E+01, -1.99692326E+01, -1.98682919E+01, -1.98718567E+01, -1.99105988E+01, -1.99719410E+01
1548.4079999999713, -2.17846889E+01, -2.17921505E+01, -2.17775764E+01, -2.17486744E+01, -2.17327290E+01, -2.17018757E+01, -2.17105217E+01, -2.16982765E+01, -2.16934967E+01, -2.17024822E+01
1548.4099999999712, -2.03837910E+01, -2.04798069E+01, -2.05091820E+01, -2.05701065E+01, -2.06905155E+01, -2.06472359E+01, -2.06451283E+01, -2.06490402E+01, -2.06305790E+01, -2.05452366E+01
1548.4119999999712, -1.82766056E+01, -1.83260536E+01, -1.83670521E+01, -1.84458542E+01, -1.84831505E+01, -1.84958401E+01, -1.85233459E+01, -1.85331764E+01, -1.85492592E+01, -1.85418587E+01
1548.413999999971, -1.70788994E+01, -1.71058540E+01, -1.71289902E+01, -1.71364689E+01, -1.71424541E+01, -1.71499004E+01, -1.71678772E+01, -1.71775837E+01, -1.71765575E+01, -1.71848373E+01
1548.415999999971, -1.67206898E+01, -1.67191734E+01, -1.67185326E+01, -1.67171268E+01, -1.67258968E+01, -1.67299175E+01, -1.67288513E+01, -1.67214336E+01, -1.67240906E+01, -1.67292633E+01
1548.417999999971, -1.63812218E+01, -1.63875465E+01, -1.63923626E+01, -1.63939838E+01, -1.63973217E+01, -1.63976345E+01, -1.63999958E+01, -1.64014053E+01, -1.64011860E+01, -1.64016800E+01
1548.419999999971, -1.62887764E+01, -1.62897167E+01, -1.62936497E+01, -1.62953930E+01, -1.62947617E+01, -1.62959232E+01, -1.62963161E+01, -1.62941418E+01, -1.62908382E+01, -1.62870731E+01
1548.421999999971, -1.62058029E+01, -1.62078171E+01, -1.62089195E+01, -1.62110081E+01, -1.62115192E+01, -1.62128201E+01, -1.62134953E+01, -1.62130356E+01, -1.62109070E+01, -1.62113457E+01
1548.4239999999709, -1.61648998E+01, -1.61661167E+01, -1.61655045E+01, -1.61664562E+01, -1.61686344E+01, -1.61675072E+01, -1.61670189E+01, -1.61676960E+01, -1.61683769E+01, -1.61688576E+01
1548.4259999999708, -1.61301231E+01, -1.61289406E+01, -1.61290569E+01, -1.61286411E+01, -1.61308136E+01, -1.61324577E+01, -1.61317539E+01, -1.61328449E+01, -1.61309471E+01, -1.61292801E+01
1548.4279999999708, -1.61119041E+01, -1.61123447E+01, -1.61122150E+01, -1.61121750E+01, -1.61125870E+01, -1.61122360E+01, -1.61121635E+01, -1.61129436E+01, -1.61125183E+01, -1.61130238E+01
1548.4299999999707, -1.60995884E+01, -1.61001225E+01, -1.61004524E+01, -1.61001835E+01, -1.60991268E+01, -1.61000481E+01, -1.61006966E+01, -1.61000042E+01, -1.60985088E+01, -1.60994968E+01
1548.4319999999707, -1.60929546E+01, -1.60938587E+01, -1.60944977E+01, -1.60946884E+01, -1.60950298E+01, -1.60935078E+01, -1.60926018E+01, -1.60928268E+01, -1.60906334E+01, -1.60904179E+01
1548.4339999999706, -1.60850697E+01, -1.60833035E+01, -1.60817719E+01, -1.60809917E+01, -1.60843277E+01, -1.60841331E+01, -1.60841560E+01, -1.60811691E+01, -1.60820751E+01, -1.60815945E+01
1548.4359999999706, -1.60777969E+01, -1.60775700E+01, -1.60803165E+01, -1.60799484E+01, -1.60807171E+01, -1.60803280E+01, -1.60794888E+01, -1.60789356E+01, -1.60786762E+01, -1.60792809E+01
1548.4379999999705, -1.60763035E+01, -1.60758591E+01, -1.60761719E+01, -1.60762806E+01, -1.60768070E+01, -1.60761280E+01, -1.60760155E+01, -1.60773621E+01, -1.60774918E+01, -1.60775738E+01
1548.4399999999705, -1.60808182E+01, -1.60794086E+01, -1.60799828E+01, -1.60798340E+01, -1.60798187E+01, -1.60780811E+01, -1.60785732E+01, -1.60795898E+01, -1.60788403E+01, -1.60789051E+01
1548.4419999999704, -1.60838470E+01, -1.60837250E+01, -1.60840931E+01, -1.60829258E+01, -1.60831432E+01, -1.60831089E+01, -1.60823135E+01, -1.60839233E+01, -1.60820560E+01, -1.60832005E+01
1548.4439999999704, -1.60884075E+01, -1.60868931E+01, -1.60849113E+01, -1.60884018E+01, -1.60879040E+01, -1.60867920E+01, -1.60867290E+01, -1.60865421E+01, -1.60869102E+01, -1.60876560E+01
1548.4459999999704, -1.60918217E+01, -1.60924091E+01, -1.60923424E+01, -1.60912380E+01, -1.60916595E+01, -1.60910988E+01, -1.60902939E+01, -1.60899487E+01, -1.60906315E+01, -1.60906792E+01
1548.4479999999703, -1.60971317E+01, -1.60959454E+01, -1.60963726E+01, -1.60966568E+01, -1.60952015E+01, -1.60959167E+01, -1.60962276E+01, -1.60957108E+01, -1.60957394E+01, -1.60953312E+01
1548.4499999999703, -1.61025772E+01, -1.61024837E+01, -1.61032753E+01, -1.61037827E+01, -1.61030045E+01, -1.61026192E+01, -1.61027374E+01, -1.61030750E+01, -1.61029472E+01, -1.61037064E+01
1548.4519999999702, -1.61111698E+01, -1.61111965E+01, -1.61114445E+01, -1.61114063E+01, -1.61118298E+01, -1.61100731E+01, -1.61097851E+01, -1.61110649E+01, -1.61104755E+01, -1.61109161E+01
1548.4539999999702, -1.61173382E+01, -1.61167030E+01, -1.61162090E+01, -1.61197834E+01, -1.61166210E+01, -1.61162281E+01, -1.61169205E+01, -1.61152897E+01, -1.61165123E+01, -1.61156521E+01
1548.4559999999701, -1.61206856E+01, -1.61214714E+01, -1.61218262E+01, -1.61229553E+01, -1.61235008E+01, -1.61230240E+01, -1.61230659E+01, -1.61222782E+01, -1.61234512E+01, -1.61242771E+01
1548.45799999997, -1.61447735E+01, -1.61374073E+01, -1.61314888E+01, -1.61250629E+01, -1.61254902E+01, -1.61259747E+01, -1.61257915E+01, -1.61253548E+01, -1.61250057E+01, -1.61250172E+01
1548.45999999997, -1.61289921E+01, -1.61289406E+01, -1.61282463E+01, -1.61282349E+01, -1.61271877E+01, -1.61270313E+01, -1.61276703E+01, -1.61271858E+01, -1.61267586E+01, -1.61285305E+01
1548.46199999997, -1.61286621E+01, -1.61283836E+01, -1.61289654E+01, -1.61300774E+01, -1.61292915E+01, -1.61305847E+01, -1.61301117E+01, -1.61300621E+01, -1.61306973E+01, -1.61306248E+01
1548.46399999997, -1.61316242E+01, -1.61311321E+01, -1.61316433E+01, -1.61310730E+01, -1.61307278E+01, -1.61334190E+01, -1.61305790E+01, -1.61311665E+01, -1.61313133E+01, -1.61306057E+01
1548.4659999999699, -1.61332092E+01, -1.61326580E+01, -1.61393681E+01, -1.61381016E+01, -1.61375847E+01, -1.61387062E+01, -1.61354389E+01, -1.61340694E+01, -1.61355915E+01, -1.61354294E+01
1548.4679999999698, -1.61429634E+01, -1.61416302E+01, -1.61418247E+01, -1.61407375E+01, -1.61413288E+01, -1.61415806E+01, -1.61439934E+01, -1.61428394E+01, -1.61432056E+01, -1.61416492E+01
1548.4699999999698, -1.61421661E+01, -1.61411037E+01, -1.61404285E+01, -1.61425362E+01, -1.61453190E+01, -1.61477261E+01, -1.61454353E+01, -1.61431179E+01, -1.61418133E+01, -1.61421967E+01
1548.4719999999697, -1.61373577E+01, -1.61385441E+01, -1.61383610E+01, -1.61374168E+01, -1.61390762E+01, -1.61381168E+01, -1.61374054E+01, -1.61365108E+01, -1.61362400E+01, -1.61364727E+01
1548.4739999999697, -1.61359100E+01, -1.61365509E+01, -1.61362610E+01, -1.61365471E+01, -1.61364594E+01, -1.61367302E+01, -1.61357784E+01, -1.61354198E+01, -1.61369152E+01, -1.61356487E+01
1548.4759999999696, -1.61442299E+01, -1.61585846E+01, -1.61593266E+01, -1.61633282E+01, -1.61604977E+01, -1.61429100E+01, -1.61388092E+01, -1.61437817E+01, -1.61455650E+01, -1.61381207E+01
1548.4779999999696, -1.61362934E+01, -1.61372375E+01, -1.61367989E+01, -1.61376991E+01, -1.61413708E+01, -1.61412907E+01, -1.61393909E+01, -1.61407623E+01, -1.61389503E+01, -1.61400013E+01
1548.4799999999696, -1.61422119E+01, -1.61414242E+01, -1.61422329E+01, -1.61423016E+01, -1.61441898E+01, -1.61421471E+01, -1.61446075E+01, -1.61469250E+01, -1.61440792E+01, -1.61427002E+01
1548.4819999999695, -1.61426849E+01, -1.61432152E+01, -1.61425304E+01, -1.61442585E+01, -1.61437340E+01, -1.61434765E+01, -1.61436710E+01, -1.61446991E+01, -1.61430569E+01, -1.61440582E+01
1548.4839999999695, -1.61390133E+01, -1.61389656E+01, -1.61403694E+01, -1.61399155E+01, -1.61415558E+01, -1.61416035E+01, -1.61426983E+01, -1.61479893E+01, -1.61660042E+01, -1.61549454E+01
1548.4859999999694, -1.61417465E+01, -1.61411228E+01, -1.61417294E+01, -1.61414776E+01, -1.61417503E+01, -1.61420918E+01, -1.61424828E+01, -1.61422100E+01, -1.61415462E+01, -1.61415672E+01
1548.4879999999694, -1.61411457E+01, -1.61405907E+01, -1.61397858E+01, -1.61412258E+01, -1.61408024E+01, -1.61395550E+01, -1.61401234E+01, -1.61415958E+01, -1.61424828E+01, -1.61443310E+01
1548.4899999999693, -1.61400871E+01, -1.61409073E+01, -1.61398659E+01, -1.61385670E+01, -1.61377449E+01, -1.61371078E+01, -1.61380577E+01, -1.61371021E+01, -1.61379280E+01, -1.61385784E+01
1548.4919999999693, -1.61384354E+01, -1.61380539E+01, -1.61356163E+01, -1.61365414E+01, -1.61358433E+01, -1.61362381E+01, -1.61366539E+01, -1.61360874E+01, -1.61365871E+01, -1.61369209E+01
1548.4939999999692, -1.61306534E+01, -1.61314411E+01, -1.61306095E+01, -1.61314869E+01, -1.61332073E+01, -1.61317577E+01, -1.61306305E+01, -1.61312370E+01, -1.61313381E+01, -1.61327763E+01
1548.4959999999692, -1.61291237E+01, -1.61279945E+01, -1.61286602E+01, -1.61285019E+01, -1.61277370E+01, -1.61282158E+01, -1.61283703E+01, -1.61281948E+01, -1.61273727E+01, -1.61261406E+01
1548.4979999999691, -1.61189194E+01, -1.61191654E+01, -1.61200771E+01, -1.61228428E+01, -1.61199036E+01, -1.61181355E+01, -1.61192741E+01, -1.61192551E+01, -1.61187973E+01, -1.61187496E+01
1548.499999999969, -1.61173115E+01, -1.61158295E+01, -1.61185875E+01, -1.61174927E+01, -1.61183548E+01, -1.61173210E+01, -1.61172810E+01, -1.61167507E+01, -1.61181793E+01, -1.61193523E+01
1548.501999999969, -1.61067772E+01, -1.61067219E+01, -1.61070518E+01, -1.61086597E+01, -1.61089687E+01, -1.61099300E+01, -1.61125412E+01, -1.61111221E+01, -1.61139812E+01, -1.61107502E+01
1548.503999999969, -1.61023159E+01, -1.61050320E+01, -1.61079292E+01, -1.61081810E+01, -1.61059647E+01, -1.61056347E+01, -1.61017532E+01, -1.61035843E+01, -1.61040039E+01, -1.61036034E+01
1548.505999999969, -1.61663551E+01, -1.61706772E+01, -1.61757469E+01, -1.61833019E+01, -1.61897202E+01, -1.61891766E+01, -1.61888256E+01, -1.61845570E+01, -1.61814537E+01, -1.61720123E+01
1548.507999999969, -1.61101379E+01, -1.61209030E+01, -1.61260071E+01, -1.61228447E+01, -1.61034794E+01, -1.60818176E+01, -1.60898342E+01, -1.60956268E+01, -1.60970783E+01, -1.60976658E+01
1548.5099999999688, -1.60788479E+01, -1.60787640E+01, -1.60768890E+01, -1.60757885E+01, -1.60772457E+01, -1.60783978E+01, -1.60777969E+01, -1.60761566E+01, -1.60765915E+01, -1.60781269E+01
1548.5119999999688, -1.60700588E+01, -1.60701599E+01, -1.60704479E+01, -1.60723705E+01, -1.60720692E+01, -1.60732212E+01, -1.60741539E+01, -1.60756741E+01, -1.60782146E+01, -1.60807819E+01
1548.5139999999687, -1.60715580E+01, -1.60729046E+01, -1.60723057E+01, -1.60714302E+01, -1.60715046E+01, -1.60732536E+01, -1.60724106E+01, -1.60712585E+01, -1.60713520E+01, -1.60719547E+01
1548.5159999999687, -1.60634174E+01, -1.60634727E+01, -1.60632954E+01, -1.60638676E+01, -1.60638504E+01, -1.60641460E+01, -1.60639153E+01, -1.60641747E+01, -1.60635300E+01, -1.60640182E+01
1548.5179999999687, -1.60555153E+01, -1.60549374E+01, -1.60545139E+01, -1.60563717E+01, -1.60576515E+01, -1.60647793E+01, -1.60613060E+01, -1.60590096E+01, -1.60585194E+01, -1.60560513E+01
1548.5199999999686, -1.60431747E+01, -1.60428982E+01, -1.60427456E+01, -1.60430183E+01, -1.60436764E+01, -1.60435009E+01, -1.60437641E+01, -1.60432034E+01, -1.60439205E+01, -1.60440121E+01
1565.9799999999582, -1.45767708E+01, -1.45755234E+01, -1.45800495E+01, -1.45819502E+01, -1.45858669E+01, -1.45887604E+01, -1.45919361E+01, -1.45891056E+01, -1.45941916E+01, -1.45967493E+01
1565.9819999999581, -1.45830984E+01, -1.45803118E+01, -1.45826092E+01, -1.45814657E+01, -1.45809631E+01, -1.45837288E+01, -1.45849543E+01, -1.45865707E+01, -1.45868645E+01, -1.45856056E+01
1565.983999999958, -1.45667763E+01, -1.45647936E+01, -1.45661507E+01, -1.45626459E+01, -1.45587521E+01, -1.45593481E+01, -1.45623636E+01, -1.45648813E+01, -1.45633039E+01, -1.45626268E+01
1565.985999999958, -1.45616951E+01, -1.45574684E+01, -1.45530405E+01, -1.45599909E+01, -1.45619688E+01, -1.45530796E+01, -1.45624504E+01, -1.45623646E+01, -1.45626011E+01, -1.45571871E+01
1565.987999999958, -1.45494757E+01, -1.45454636E+01, -1.45460587E+01, -1.45502930E+01, -1.45517473E+01, -1.45529957E+01, -1.45538626E+01, -1.45524292E+01, -1.45526552E+01, -1.45475016E+01
1565.989999999958, -1.45432491E+01, -1.45403566E+01, -1.45394163E+01, -1.45427742E+01, -1.45432024E+01, -1.45412645E+01, -1.45436239E+01, -1.45457382E+01, -1.45459843E+01, -1.45446491E+01
1565.991999999958, -1.45204830E+01, -1.45205593E+01, -1.45174780E+01, -1.45226421E+01, -1.45242624E+01, -1.45223265E+01, -1.45255470E+01, -1.45214062E+01, -1.45265455E+01, -1.45266857E+01
1565.9939999999579, -1.45156908E+01, -1.45182228E+01, -1.45208387E+01, -1.45172491E+01, -1.45209284E+01, -1.45231791E+01, -1.45269175E+01, -1.45271482E+01, -1.45285330E+01, -1.45291481E+01
1565.9959999999578, -1.44969864E+01, -1.45084410E+01, -1.45113001E+01, -1.45078754E+01, -1.44998722E+01, -1.45101509E+01, -1.45158787E+01, -1.45160446E+01, -1.45186167E+01, -1.45182495E+01
1565.9979999999578, -1.45124760E+01, -1.45096827E+01, -1.45117884E+01, -1.45115070E+01, -1.45107412E+01, -1.45092392E+01, -1.45106812E+01, -1.45110455E+01, -1.45093002E+01, -1.45105810E+01
1565.9999999999577, -1.44990149E+01, -1.44993353E+01, -1.44962950E+01, -1.44964972E+01, -1.48652573E+01, -1.52174463E+01, -1.45638142E+01, -1.45322399E+01, -1.45657482E+01, -1.50822096E+01
1566.0019999999577, -1.45411520E+01, -1.45538340E+01, -1.45583344E+01, -1.45640221E+01, -1.45684834E+01, -1.45702448E+01, -1.45603962E+01, -1.45668898E+01, -1.45669985E+01, -1.45657377E+01
1566.0039999999576, -1.45469427E+01, -1.45435829E+01, -1.45345058E+01, -1.45182686E+01, -1.45218906E+01, -1.45240803E+01, -1.45331898E+01, -1.45430984E+01, -1.45480289E+01, -1.45503855E+01
1566.0059999999576, -1.45426731E+01, -1.45353241E+01, -1.45207405E+01, -1.45213022E+01, -1.45257998E+01, -1.45349569E+01, -1.45377693E+01, -1.45353079E+01, -1.45329723E+01, -1.45313702E+01
1566.0079999999575, -1.45157213E+01, -1.45150404E+01, -1.45240984E+01, -1.45298176E+01, -1.45338860E+01, -1.45365639E+01, -1.45375032E+01, -1.45350485E+01, -1.45398521E+01, -1.45424461E+01
1566.0099999999575, -1.45356359E+01, -1.45361681E+01, -1.45368376E+01, -1.45337362E+01, -1.45353270E+01, -1.45382414E+01, -1.45388460E+01, -1.45381441E+01, -1.45391636E+01, -1.45395279E+01
1566.0119999999574, -1.45306854E+01, -1.45274801E+01, -1.45239134E+01, -1.45291920E+01, -1.45277681E+01, -1.45278578E+01, -1.45144949E+01, -1.45219955E+01, -1.45255556E+01, -1.45319767E+01
1566.0139999999574, -1.45186806E+01, -1.45226231E+01, -1.45221939E+01, -1.45158434E+01, -1.44932499E+01, -1.44283123E+01, -1.43979568E+01, -1.44106960E+01, -1.44282770E+01, -1.44480534E+01
1566.0159999999573, -1.45027924E+01, -1.45019360E+01, -1.44975805E+01, -1.44958363E+01, -1.44942760E+01, -1.44969931E+01, -1.45033655E+01, -1.45005398E+01, -1.45016308E+01, -1.45006752E+01
1566.0179999999573, -1.44944038E+01, -1.44934587E+01, -1.44932747E+01, -1.44944992E+01, -1.44936752E+01, -1.44936323E+01, -1.44939775E+01, -1.44944468E+01, -1.44943542E+01, -1.44951925E+01
1566.0199999999572, -1.45103989E+01, -1.46033344E+01, -1.47225723E+01, -1.45728970E+01, -1.45589886E+01, -1.45600853E+01, -1.45694723E+01, -1.46162786E+01, -1.47532625E+01, -1.48059359E+01
1566.0219999999572, -1.44993505E+01, -1.44988327E+01, -1.45016069E+01, -1.44990997E+01, -1.44978313E+01, -1.44954796E+01, -1.44931803E+01, -1.44938021E+01, -1.44969597E+01, -1.44968863E+01
1566.0239999999571, -1.44850512E+01, -1.44849358E+01, -1.44843445E+01, -1.44854136E+01, -1.44842167E+01, -1.44872541E+01, -1.44824648E+01, -1.44814348E+01, -1.44833584E+01, -1.44869127E+01
1566.025999999957, -1.45232353E+01, -1.45723982E+01, -1.45213327E+01, -1.45667658E+01, -1.46036053E+01, -1.46475172E+01, -1.46810637E+01, -1.46391592E+01, -1.45867729E+01, -1.45848951E+01
1566.027999999957, -1.45532389E+01, -1.45303659E+01, -1.45399733E+01, -1.45843191E+01, -1.45798788E+01, -1.45675383E+01, -1.45686569E+01, -1.45747337E+01, -1.45937853E+01, -1.45988979E+01
1566.029999999957, -1.45898514E+01, -1.46227932E+01, -1.46831093E+01, -1.46749601E+01, -1.46279268E+01, -1.46134920E+01, -1.46783772E+01, -1.46774549E+01, -1.46381855E+01, -1.46923857E+01
1566.031999999957, -1.48206816E+01, -1.48072453E+01, -1.47444830E+01, -1.47434988E+01, -1.47909946E+01, -1.47967901E+01, -1.47841663E+01, -1.47902946E+01, -1.48487310E+01, -1.48269234E+01
1566.033999999957, -1.48459482E+01, -1.48641691E+01, -1.48129520E+01, -1.48041344E+01, -1.48396626E+01, -1.48074036E+01, -1.48587351E+01, -1.48770962E+01, -1.48499403E+01, -1.48650751E+01
1566.0359999999569, -1.48171558E+01, -1.48389130E+01, -1.48291578E+01, -1.48394327E+01, -1.48534107E+01, -1.48657312E+01, -1.47896900E+01, -1.48758078E+01, -1.47941904E+01, -1.48196812E+01
1566.0379999999568, -1.48642092E+01, -1.48320551E+01, -1.49077101E+01, -1.49336414E+01, -1.48782167E+01, -1.48449450E+01, -1.48333435E+01, -1.48776398E+01, -1.48553591E+01, -1.48686552E+01
1566.0399999999568, -1.44467278E+01, -1.44496326E+01, -1.44495630E+01, -1.44487705E+01, -1.44494495E+01, -1.44481306E+01, -1.44495268E+01, -1.44491177E+01, -1.44491701E+01, -1.44463787E+01
1566.0419999999567, -1.44458637E+01, -1.44465027E+01, -1.44472971E+01, -1.44486809E+01, -1.44478178E+01, -1.44503098E+01, -1.44492874E+01, -1.44479780E+01, -1.44502821E+01, -1.44507847E+01
1566.0439999999567, -1.44444609E+01, -1.44452868E+01, -1.44454794E+01, -1.44439096E+01, -1.44461632E+01, -1.44454260E+01, -1.44422007E+01, -1.44421072E+01, -1.44413576E+01, -1.44422636E+01
1566.0459999999566, -1.44482002E+01, -1.44465866E+01, -1.44453125E+01, -1.44467564E+01, -1.44465284E+01, -1.44475679E+01, -1.44482126E+01, -1.44472227E+01, -1.44473915E+01, -1.44469261E+01
1566.0479999999566, -1.44518490E+01, -1.44520731E+01, -1.44524670E+01, -1.44533710E+01, -1.44537020E+01, -1.44539738E+01, -1.44528141E+01, -1.44519100E+01, -1.44546595E+01, -1.44533997E+01
1566.0499999999565, -1.44637842E+01, -1.44606123E+01, -1.44591217E+01, -1.44531078E+01, -1.44629259E+01, -1.44575329E+01, -1.44597511E+01, -1.44616508E+01, -1.44531145E+01, -1.44550772E+01
1566.0519999999565, -1.44671421E+01, -1.44681377E+01, -1.44694996E+01, -1.44684067E+01, -1.44696798E+01, -1.44703560E+01, -1.44658337E+01, -1.44590387E+01, -1.44599838E+01, -1.44659882E+01
1566.0539999999564, -1.44743538E+01, -1.44736071E+01, -1.44727259E+01, -1.44703808E+01, -1.44701014E+01, -1.44709349E+01, -1.44720526E+01, -1.44691944E+01, -1.44707785E+01, -1.44699049E+01
1566.0559999999564, -1.44926386E+01, -1.44949007E+01, -1.44933290E+01, -1.44936790E+01, -1.44951477E+01, -1.44971342E+01, -1.44966946E+01, -1.44978485E+01, -1.44971981E+01, -1.44963350E+01
1566.0579999999563, -1.45033379E+01, -1.45034609E+01, -1.45005894E+01, -1.45029459E+01, -1.45029507E+01, -1.45023527E+01, -1.44940929E+01, -1.44993486E+01, -1.45020704E+01, -1.45002432E+01
1566.0599999999563, -1.45159235E+01, -1.45122080E+01, -1.45111532E+01, -1.45138454E+01, -1.45154848E+01, -1.45176563E+01, -1.45180655E+01, -1.45137110E+01, -1.45110836E+01, -1.45107222E+01
1566.0619999999562, -1.45260448E+01, -1.45218296E+01, -1.45204458E+01, -1.45193787E+01, -1.45165634E+01, -1.45181551E+01, -1.45216093E+01, -1.45199728E+01, -1.45224380E+01, -1.45188704E+01
1566.0639999999562, -1.45324755E+01, -1.45325327E+01, -1.45317907E+01, -1.45366764E+01, -1.45320539E+01, -1.45295553E+01, -1.45282621E+01, -1.45274696E+01, -1.45275383E+01, -1.45282383E+01
1566.0659999999561, -1.45417824E+01, -1.45431204E+01, -1.45460443E+01, -1.45447693E+01, -1.45408287E+01, -1.45369606E+01, -1.45354223E+01, -1.45383015E+01, -1.45407410E+01, -1.45395041E+01
1566.067999999956, -1.45542850E+01, -1.45523758E+01, -1.45441532E+01, -1.45460882E+01, -1.45481396E+01, -1.45303602E+01, -1.45383091E+01, -1.45312223E+01, -1.45387335E+01, -1.45376205E+01
1566.069999999956, -1.45636911E+01, -1.45563393E+01, -1.45522203E+01, -1.45534573E+01, -1.45598345E+01, -1.45572262E+01, -1.45635242E+01, -1.45606289E+01, -1.45578842E+01, -1.45568438E+01
1566.071999999956, -1.45778389E+01, -1.45779905E+01, -1.45797892E+01, -1.45779314E+01, -1.45757437E+01, -1.45727997E+01, -1.45752687E+01, -1.45790071E+01, -1.45787973E+01, -1.45743093E+01
1566.073999999956, -1.46049061E+01, -1.46037531E+01, -1.45987949E+01, -1.45961084E+01, -1.45918884E+01, -1.45884342E+01, -1.45916471E+01, -1.45952721E+01, -1.45914116E+01, -1.45911732E+01
1566.075999999956, -1.46265011E+01, -1.46269026E+01, -1.46252403E+01, -1.46207237E+01, -1.46197968E+01, -1.46165161E+01, -1.46147938E+01, -1.46144199E+01, -1.46172018E+01, -1.46160192E+01
1566.0779999999559, -1.46412010E+01, -1.46373873E+01, -1.46297112E+01, -1.46397171E+01, -1.46412182E+01, -1.46429920E+01, -1.46401262E+01, -1.46314735E+01, -1.46302071E+01, -1.46305227E+01
1566.0799999999558, -1.46728344E+01, -1.46711512E+01, -1.46613731E+01, -1.46568966E+01, -1.46584339E+01, -1.46510477E+01, -1.46625881E+01, -1.46662750E+01, -1.46697474E+01, -1.46661081E+01
1566.0819999999558, -1.47012291E+01, -1.46980448E+01, -1.46970701E+01, -1.46963825E+01, -1.46955032E+01, -1.46966400E+01, -1.46937523E+01, -1.46917305E+01, -1.46849098E+01, -1.46875010E+01
1566.0839999999557, -1.47322884E+01, -1.47361145E+01, -1.47340755E+01, -1.47282858E+01, -1.47293262E+01, -1.47324524E+01, -1.47316561E+01, -1.47296829E+01, -1.47306004E+01, -1.47317152E+01
1566.0859999999557, -1.47706890E+01, -1.47771864E+01, -1.47756071E+01, -1.47727365E+01, -1.47734108E+01, -1.47692585E+01, -1.47695465E+01, -1.47693720E+01, -1.47684584E+01, -1.47643147E+01
1566.0879999999556, -1.48488722E+01, -1.48418303E+01, -1.48391371E+01, -1.48376141E+01, -1.48315649E+01, -1.48295174E+01, -1.48235407E+01, -1.48174543E+01, -1.48141785E+01, -1.48115749E+01
1566.0899999999556, -1.49067955E+01, -1.49052534E+01, -1.49041204E+01, -1.49010897E+01, -1.48969727E+01, -1.49007759E+01, -1.49036217E+01, -1.48964863E+01, -1.48950567E+01, -1.48937492E+01
1566.0919999999555, -1.50389080E+01, -1.50293589E+01, -1.50204372E+01, -1.50122423E+01, -1.50047188E+01, -1.50007896E+01, -1.49958820E+01, -1.49887667E+01, -1.49852743E+01, -1.49885235E+01
1566.0939999999555, -1.51923962E+01, -1.51861868E+01, -1.51754875E+01, -1.51526508E+01, -1.51407499E+01, -1.51333265E+01, -1.51276188E+01, -1.51233606E+01, -1.51190233E+01, -1.51140471E+01
1566.0959999999554, -1.53562307E+01, -1.53503790E+01, -1.53228531E+01, -1.53079910E+01, -1.53070469E+01, -1.53036385E+01, -1.53005085E+01, -1.52886505E+01, -1.52774210E+01, -1.52716913E+01
1566.0979999999554, -1.57092829E+01, -1.56946115E+01, -1.56785049E+01, -1.56668653E+01, -1.56679640E+01, -1.56641455E+01, -1.56608982E+01, -1.56520548E+01, -1.56392355E+01, -1.56367083E+01
1566.0999999999553, -1.62846146E+01, -1.62809238E+01, -1.62610188E+01, -1.62290592E+01, -1.62090626E+01, -1.61885376E+01, -1.61616306E+01, -1.61231556E+01, -1.61170044E+01, -1.61002655E+01
1566.1019999999553, -1.78257198E+01, -1.78455467E+01, -1.78328342E+01, -1.78123035E+01, -1.77451115E+01, -1.76789474E+01, -1.76276894E+01, -1.76204491E+01, -1.75645123E+01, -1.75705338E+01
1566.1039999999552, -2.06982574E+01, -2.06811237E+01, -2.05068321E+01, -2.02469101E+01, -2.00949078E+01, -1.99353313E+01, -1.98367195E+01, -1.97092838E+01, -1.95678120E+01, -1.94250584E+01
1566.1059999999552, -2.21157932E+01, -2.22729168E+01, -2.23564529E+01, -2.23941345E+01, -2.23942280E+01, -2.23935986E+01, -2.24009609E+01, -2.24028740E+01, -2.23966827E+01, -2.23962498E+01
1566.1079999999552, -1.89583797E+01, -1.91035614E+01, -1.94201069E+01, -1.96686192E+01, -1.98057766E+01, -1.98907776E+01, -1.99799538E+01, -2.01372261E+01, -2.02664967E+01, -2.03277740E+01
1566.109999999955, -1.67459660E+01, -1.67956009E+01, -1.68448734E+01, -1.68780422E+01, -1.69612446E+01, -1.70055714E+01, -1.70018158E+01, -1.70527630E+01, -1.70896320E+01, -1.71035004E+01
1566.111999999955, -1.59811468E+01, -1.60079708E+01, -1.60424843E+01, -1.60625362E+01, -1.60840950E+01, -1.61312389E+01, -1.61400928E+01, -1.61222019E+01, -1.61780186E+01, -1.61786232E+01
1566.113999999955, -1.54581242E+01, -1.54605455E+01, -1.54814520E+01, -1.55086498E+01, -1.55165501E+01, -1.55223331E+01, -1.55193357E+01, -1.55173883E+01, -1.55245218E+01, -1.55413857E+01
1566.115999999955, -1.52308998E+01, -1.52319708E+01, -1.52404022E+01, -1.52507591E+01, -1.52595186E+01, -1.52673187E+01, -1.52716255E+01, -1.52728128E+01, -1.52746439E+01, -1.52816086E+01
1566.117999999955, -1.50789528E+01, -1.50787153E+01, -1.50826731E+01, -1.50808773E+01, -1.50911722E+01, -1.50953102E+01, -1.50957212E+01, -1.50955648E+01, -1.50985765E+01, -1.50982361E+01
1566.1199999999549, -1.50229235E+01, -1.50216169E+01, -1.50207520E+01, -1.50252752E+01, -1.50263243E+01, -1.50236397E+01, -1.50242004E+01, -1.50316744E+01, -1.50325089E+01, -1.50325642E+01
1566.1219999999548, -1.49687634E+01, -1.49681149E+01, -1.49667101E+01, -1.49670887E+01, -1.49682875E+01, -1.49698839E+01, -1.49703865E+01, -1.49693651E+01, -1.49689102E+01, -1.49684458E+01
1566.1239999999548, -1.49442549E+01, -1.49434738E+01, -1.49464874E+01, -1.49473457E+01, -1.49479294E+01, -1.49454365E+01, -1.49460125E+01, -1.49440050E+01, -1.49394712E+01, -1.49476318E+01
1566.1259999999547, -1.49113674E+01, -1.49106951E+01, -1.49190779E+01, -1.49215240E+01, -1.49188023E+01, -1.49234848E+01, -1.49245720E+01, -1.49298687E+01, -1.49306755E+01, -1.49288988E+01
1566.1279999999547, -1.48813572E+01, -1.48692150E+01, -1.48886776E+01, -1.49087811E+01, -1.49110451E+01, -1.49072819E+01, -1.49014702E+01, -1.49069996E+01, -1.49104910E+01, -1.49151344E+01
1566.1299999999546, -1.49030581E+01, -1.49040174E+01, -1.49062529E+01, -1.49068480E+01, -1.49063873E+01, -1.49003410E+01, -1.48991175E+01, -1.49045677E+01, -1.49042425E+01, -1.49036865E+01
1566.1319999999546, -1.48967714E+01, -1.48984270E+01, -1.48974419E+01, -1.49054499E+01, -1.49041796E+01, -1.49047518E+01, -1.49049988E+01, -1.49061623E+01, -1.49053907E+01, -1.49018326E+01
1566.1339999999545, -1.48993244E+01, -1.49037752E+01, -1.49023161E+01, -1.49016552E+01, -1.49007292E+01, -1.48990927E+01, -1.49009037E+01, -1.49007921E+01, -1.49021244E+01, -1.49027205E+01
1566.1359999999545, -1.49060373E+01, -1.49059734E+01, -1.49076462E+01, -1.49065285E+01, -1.49052439E+01, -1.49055719E+01, -1.49038363E+01, -1.49037752E+01, -1.48920736E+01, -1.48879690E+01
1566.1379999999544, -1.49072762E+01, -1.49079647E+01, -1.49080896E+01, -1.49062891E+01, -1.49048281E+01, -1.49065409E+01, -1.49053469E+01, -1.49017715E+01, -1.49044933E+01, -1.49058857E+01
1566.1399999999544, -1.49087486E+01, -1.49103966E+01, -1.49092655E+01, -1.49102192E+01, -1.49093599E+01, -1.49106436E+01, -1.49106293E+01, -1.49101992E+01, -1.49085665E+01, -1.49078197E+01
1566.1419999999544, -1.49182873E+01, -1.49164410E+01, -1.49139662E+01, -1.49088240E+01, -1.49086609E+01, -1.49097586E+01, -1.49074039E+01, -1.49093390E+01, -1.49101753E+01, -1.49007587E+01
1566.1439999999543, -1.48914366E+01, -1.48900814E+01, -1.49000731E+01, -1.49136105E+01, -1.49202137E+01, -1.49207592E+01, -1.49181385E+01, -1.49145260E+01, -1.49152660E+01, -1.49166689E+01
1566.1459999999543, -1.49163942E+01, -1.49172459E+01, -1.49183655E+01, -1.49162149E+01, -1.49133959E+01, -1.49112206E+01, -1.49107876E+01, -1.49112568E+01, -1.49147339E+01, -1.49181166E+01
1566.1479999999542, -1.49175043E+01, -1.49203796E+01, -1.49215975E+01, -1.49219799E+01, -1.49219809E+01, -1.49201212E+01, -1.49196167E+01, -1.49172182E+01, -1.49168825E+01, -1.49180937E+01
1566.1499999999542, -1.49175396E+01, -1.49161749E+01, -1.49162626E+01, -1.49172621E+01, -1.49189758E+01, -1.49195461E+01, -1.49197283E+01, -1.49194031E+01, -1.49194279E+01, -1.49188070E+01
1566.1519999999541, -1.49184074E+01, -1.49181271E+01, -1.49126663E+01, -1.49143333E+01, -1.49196024E+01, -1.49165363E+01, -1.49101181E+01, -1.49044342E+01, -1.49126873E+01, -1.49174299E+01
1566.153999999954, -1.49228344E+01, -1.49202757E+01, -1.49205837E+01, -1.49209452E+01, -1.49221497E+01, -1.49213390E+01, -1.49184732E+01, -1.49211073E+01, -1.49209642E+01, -1.49185305E+01
1566.155999999954, -1.49200230E+01, -1.49196615E+01, -1.49195309E+01, -1.49218493E+01, -1.49211578E+01, -1.49217377E+01, -1.49177427E+01, -1.49159126E+01, -1.49122896E+01, -1.49155445E+01
1566.157999999954, -1.49144144E+01, -1.49116373E+01, -1.49104404E+01, -1.49053659E+01, -1.49138575E+01, -1.49175587E+01, -1.49116545E+01, -1.49047308E+01, -1.49160881E+01, -1.49133654E+01
1566.159999999954, -1.49118910E+01, -1.49122667E+01, -1.49114923E+01, -1.49085846E+01, -1.49133892E+01, -1.49136715E+01, -1.49133329E+01, -1.49151487E+01, -1.49146109E+01, -1.49132261E+01
1566.1619999999539, -1.49096107E+01, -1.49102201E+01, -1.49106932E+01, -1.49073591E+01, -1.49075584E+01, -1.49101238E+01, -1.49113626E+01, -1.49117641E+01, -1.49107914E+01, -1.49108744E+01
1566.1639999999538, -1.49081745E+01, -1.49081507E+01, -1.49073553E+01, -1.49087543E+01, -1.49089699E+01, -1.49063387E+01, -1.49066820E+01, -1.49067554E+01, -1.49043446E+01, -1.49056225E+01
1566.1659999999538, -1.49014025E+01, -1.49011850E+01, -1.49046431E+01, -1.49060440E+01, -1.49057999E+01, -1.49042215E+01, -1.48981152E+01, -1.48953705E+01, -1.49032469E+01, -1.49021368E+01
1566.1679999999537, -1.49011297E+01, -1.49008121E+01, -1.49003887E+01, -1.48999081E+01, -1.49017706E+01, -1.49025383E+01, -1.48995600E+01, -1.48938475E+01, -1.48969498E+01, -1.49020557E+01
1566.1699999999537, -1.48955345E+01, -1.48959646E+01, -1.48953428E+01, -1.48942184E+01, -1.48925686E+01, -1.48930626E+01, -1.48964462E+01, -1.48985376E+01, -1.48978653E+01, -1.48965998E+01
1566.1719999999536, -1.48863001E+01, -1.48914967E+01, -1.48883810E+01, -1.48925533E+01, -1.48885927E+01, -1.48865900E+01, -1.48888607E+01, -1.48921404E+01, -1.48897028E+01, -1.48860178E+01
1566.1739999999536, -1.48768129E+01, -1.48770771E+01, -1.48813381E+01, -1.48830109E+01, -1.48817692E+01, -1.48815851E+01, -1.48814621E+01, -1.48792381E+01, -1.48752766E+01, -1.48688993E+01
1566.1759999999535, -1.48724432E+01, -1.48720303E+01, -1.48673172E+01, -1.48698235E+01, -1.48697348E+01, -1.48705759E+01, -1.48728514E+01, -1.48710585E+01, -1.48662405E+01, -1.48679085E+01
1566.1779999999535, -1.48596201E+01, -1.48602886E+01, -1.48638191E+01, -1.48623438E+01, -1.48574896E+01, -1.48525982E+01, -1.48544178E+01, -1.48590040E+01, -1.48581610E+01, -1.48623905E+01
1566.1799999999535, -1.48453493E+01, -1.48519926E+01, -1.48545933E+01, -1.48476963E+01, -1.48412237E+01, -1.48431759E+01, -1.48475637E+01, -1.48534222E+01, -1.48544397E+01, -1.48579216E+01
1566.1819999999534, -1.48461790E+01, -1.48415117E+01, -1.48394156E+01, -1.48430738E+01, -1.48474302E+01, -1.48464680E+01, -1.47440901E+01, -1.48767977E+01, -1.49331226E+01, -1.47352600E+01
1566.1839999999534, -1.48309126E+01, -1.48284626E+01, -1.48327379E+01, -1.48356037E+01, -1.48284168E+01, -1.48295078E+01, -1.48304329E+01, -1.48360844E+01, -1.48307438E+01, -1.48285542E+01
1566.1859999999533, -1.48257589E+01, -1.48267469E+01, -1.48268805E+01, -1.48266163E+01, -1.48262119E+01, -1.48279762E+01, -1.48290844E+01, -1.48278656E+01, -1.48278084E+01, -1.48263845E+01
1566.1879999999533, -1.48026447E+01, -1.48025351E+01, -1.48065290E+01, -1.48088121E+01, -1.48101568E+01, -1.48082180E+01, -1.48082619E+01, -1.48084717E+01, -1.48002777E+01, -1.48048983E+01
1566.1899999999532, -1.47907457E+01, -1.47940502E+01, -1.47944851E+01, -1.47923775E+01, -1.47950573E+01, -1.47927771E+01, -1.47931767E+01, -1.47928934E+01, -1.47943563E+01, -1.47939749E+01
1566.1919999999532, -1.47818308E+01, -1.47828903E+01, -1.47825308E+01, -1.47866201E+01, -1.47875423E+01, -1.47869473E+01, -1.47858496E+01, -1.47814083E+01, -1.47774000E+01, -1.47788820E+01
1566.1939999999531, -1.47708521E+01, -1.47708769E+01, -1.47703838E+01, -1.47727299E+01, -1.47744026E+01, -1.47754078E+01, -1.47744684E+01, -1.47744970E+01, -1.47721767E+01, -1.47668514E+01
1566.195999999953, -1.47617884E+01, -1.47594671E+01, -1.47615108E+01, -1.47588816E+01, -1.47608795E+01, -1.47594948E+01, -1.47652473E+01, -1.47641201E+01, -1.47632961E+01, -1.47636261E+01
1566.197999999953, -1.47489004E+01, -1.47475424E+01, -1.47503510E+01, -1.47511683E+01, -1.47491932E+01, -1.47482824E+01, -1.47516012E+01, -1.47503252E+01, -1.47481508E+01, -1.47520323E+01
1566.199999999953, -1.47346478E+01, -1.47325697E+01, -1.47337685E+01, -1.47336912E+01, -1.47366581E+01, -1.47368374E+01, -1.47346506E+01, -1.47375298E+01, -1.47365408E+01, -1.47363729E+01
1566.201999999953, -1.47187567E+01, -1.47198296E+01, -1.47168188E+01, -1.47172098E+01, -1.47218599E+01, -1.47235289E+01, -1.47231054E+01, -1.47220421E+01, -1.47223072E+01, -1.47222776E+01
1566.2039999999529, -1.46919031E+01, -1.46960354E+01, -1.47012386E+01, -1.46967525E+01, -1.47041817E+01, -1.47083597E+01, -1.47116089E+01, -1.47112837E+01, -1.47118645E+01, -1.47112713E+01
1566.2059999999528, -1.46932964E+01, -1.46939631E+01, -1.46911106E+01, -1.46926146E+01, -1.46931019E+01, -1.46924467E+01, -1.46868782E+01, -1.46857052E+01, -1.46888475E+01, -1.46917181E+01
1566.2079999999528, -1.46759939E+01, -1.46785164E+01, -1.46802568E+01, -1.46802263E+01, -1.46782360E+01, -1.46799879E+01, -1.46789761E+01, -1.46798944E+01, -1.46758413E+01, -1.46745262E+01
1566.2099999999527, -1.46625681E+01, -1.46526785E+01, -1.46440964E+01, -1.46349764E+01, -1.46447201E+01, -1.46513729E+01, -1.46616154E+01, -1.46617832E+01, -1.46612425E+01, -1.46617212E+01
1566.2119999999527, -1.46417017E+01, -1.46332693E+01, -1.46382179E+01, -1.46353674E+01, -1.46272135E+01, -1.46373253E+01, -1.46437063E+01, -1.46477108E+01, -1.46432161E+01, -1.46449804E+01
1566.2139999999526, -1.46266003E+01, -1.46258984E+01, -1.46293869E+01, -1.46284428E+01, -1.46301126E+01, -1.46317139E+01, -1.46324291E+01, -1.46278734E+01, -1.46314211E+01, -1.46216936E+01
1566.2159999999526, -1.46172991E+01, -1.46183834E+01, -1.46200399E+01, -1.46186981E+01, -1.46211872E+01, -1.46121531E+01, -1.45748281E+01, -1.45459538E+01, -1.45622463E+01, -1.45712233E+01
1566.2179999999526, -1.46031656E+01, -1.46062117E+01, -1.46081676E+01, -1.46070023E+01, -1.46029606E+01, -1.45967150E+01, -1.45998774E+01, -1.46063967E+01, -1.46077185E+01, -1.46089687E+01
1566.2199999999525, -1.45905867E+01, -1.45904589E+01, -1.45883284E+01, -1.45900021E+01, -1.45801973E+01, -1.45865459E+01, -1.45915279E+01, -1.45913439E+01, -1.45918903E+01, -1.45920477E+01
