wavelength_nm ,power_reading_0_dbm ,power_reading_1_dbm ,power_reading_2_dbm ,power_reading_3_dbm ,power_reading_4_dbm ,power_reading_5_dbm ,power_reading_6_dbm ,power_reading_7_dbm ,power_reading_8_dbm ,power_reading_9_dbm 
1520.0, -18.7626133, -18.7582855, -18.7539234, -18.7544975, -18.7556515, -18.7557068, -18.7555923, -18.7538128, -18.7538548, -18.7564869
1520.1, -18.9349937, -18.9324741, -18.9327755, -18.9368839, -18.9454098, -18.9369411, -18.936657, -18.9335804, -18.9334869, -18.9379978
1520.1999999999998, -18.7911415, -18.7873688, -18.7840481, -18.7824593, -18.7827892, -18.7882519, -18.7886906, -18.7911777, -18.7869987, -18.7847443
1520.2999999999997, -18.8140755, -18.8123493, -18.8124695, -18.8109665, -18.8122025, -18.8137684, -18.8159046, -18.8157101, -18.8155041, -18.8141308
1520.3999999999996, -18.7481174, -18.7469063, -18.7475872, -18.7473392, -18.7481232, -18.7463875, -18.7463341, -18.7470741, -18.7453594, -18.7455959
1520.4999999999995, -18.8897133, -18.8875885, -18.8845253, -18.8860035, -18.8886147, -18.8859177, -18.8864841, -18.8860703, -18.8860168, -18.8878212
1520.5999999999995, -18.8196239, -18.8285751, -18.813715, -18.8114986, -18.8115768, -18.808279, -18.8074093, -18.8088665, -18.8097038, -18.8094254
1520.6999999999994, -18.8871975, -18.8890934, -18.9007015, -18.8972054, -18.8880005, -18.8872223, -18.8864346, -18.8860931, -18.888588, -18.8881721
1520.7999999999993, -18.6558418, -18.6496849, -18.6482944, -18.6489124, -18.6479969, -18.6502304, -18.6511803, -18.6499195, -18.646389, -18.6455669
1520.8999999999992, -18.8657627, -18.8663349, -18.8646755, -18.8626423, -18.8620148, -18.862009, -18.8607559, -18.8623123, -18.8626842, -18.8610477
1520.999999999999, -18.7325249, -18.7351208, -18.7489281, -18.7535534, -18.7412777, -18.7358818, -18.7376118, -18.7406063, -18.7437286, -18.7428646
1521.099999999999, -18.838623, -18.8391972, -18.8380966, -18.8371754, -18.8389397, -18.8415852, -18.8410034, -18.8435364, -18.8415833, -18.8429909
1521.199999999999, -18.7209034, -18.717598, -18.7158432, -18.7149506, -18.7163544, -18.7164192, -18.7177544, -18.7182312, -18.7182007, -18.7165756
1521.2999999999988, -18.7528324, -18.7506466, -18.7448425, -18.7445145, -18.7422905, -18.7437687, -18.7433453, -18.7427597, -18.7416553, -18.7413826
1521.3999999999987, -18.7138157, -18.7123299, -18.7112598, -18.7125492, -18.7124672, -18.7118492, -18.7117538, -18.7127113, -18.7157383, -18.7174721
1521.4999999999986, -18.9030075, -18.9195251, -18.9283733, -18.9312973, -18.9374981, -18.9464779, -18.9411373, -18.948698, -18.9417534, -18.9381142
1521.5999999999985, -18.6450348, -18.647398, -18.6394272, -18.6302204, -18.6314983, -18.6256008, -18.6235294, -18.6238632, -18.6230717, -18.6239357
1521.6999999999985, -18.780304, -18.7786102, -18.7792931, -18.780035, -18.7813091, -18.7766018, -18.780304, -18.7803535, -18.7780247, -18.7803116
1521.7999999999984, -18.6214008, -18.6209545, -18.6219521, -18.6195755, -18.6216965, -18.6235905, -18.6227226, -18.6198349, -18.6180134, -18.6178989
1521.8999999999983, -18.7979813, -18.8000946, -18.7980423, -18.7972927, -18.8004398, -18.8038368, -18.8035355, -18.8016872, -18.7971573, -18.7971382
1521.9999999999982, -18.7160473, -18.7156754, -18.7139587, -18.7154026, -18.7138405, -18.7139359, -18.714798, -18.7153378, -18.7179756, -18.7189388
1522.099999999998, -18.6774673, -18.6767426, -18.6774597, -18.675745, -18.6759987, -18.6798382, -18.6793118, -18.6772003, -18.676918, -18.678381
1522.199999999998, -18.6231174, -18.6239986, -18.622467, -18.6229935, -18.6246662, -18.6234417, -18.6240959, -18.6249084, -18.6227932, -18.6243095
1522.299999999998, -18.7485409, -18.7502937, -18.7501678, -18.7511349, -18.7524872, -18.7511997, -18.7502804, -18.7501926, -18.7520695, -18.7548351
1522.3999999999978, -18.5759621, -18.57691, -18.5765724, -18.5767879, -18.5783291, -18.5765419, -18.5773525, -18.5765667, -18.5752525, -18.5774708
1522.4999999999977, -18.6984615, -18.7031879, -18.7007256, -18.6967926, -18.6980247, -18.6989403, -18.7000961, -18.7005596, -18.7018356, -18.6986752
1522.5999999999976, -18.5688381, -18.5642624, -18.5621319, -18.560873, -18.5620365, -18.5624371, -18.5632439, -18.5645905, -18.5634842, -18.5626335
1522.6999999999975, -18.6905308, -18.6912251, -18.6911335, -18.6918221, -18.6925735, -18.6896286, -18.6903839, -18.6893749, -18.6885471, -18.6887035
1522.7999999999975, -18.6369305, -18.6324406, -18.6334114, -18.6362171, -18.6338749, -18.6326084, -18.6340866, -18.6354084, -18.632719, -18.6316223
1522.8999999999974, -18.6326923, -18.6339397, -18.6339989, -18.6330318, -18.6312904, -18.629076, -18.630146, -18.6320629, -18.6312027, -18.6321564
1522.9999999999973, -18.5389957, -18.5421524, -18.5398693, -18.5391254, -18.5382671, -18.5381222, -18.5375538, -18.5369816, -18.5370655, -18.5398273
1523.0999999999972, -18.5981731, -18.5969925, -18.5956669, -18.5965748, -18.5947914, -18.59548, -18.5982647, -18.5978985, -18.6010189, -18.5995693
1523.199999999997, -18.4914227, -18.4913788, -18.4923286, -18.4945621, -18.4914894, -18.4912872, -18.4905949, -18.4923325, -18.4945908, -18.4919147
1523.299999999997, -18.6311302, -18.6287231, -18.6285267, -18.6266251, -18.6274509, -18.6290569, -18.6296902, -18.6314545, -18.6328011, -18.6288815
1523.399999999997, -18.3809433, -18.3789139, -18.3806038, -18.3808632, -18.380106, -18.3818111, -18.3821754, -18.3828659, -18.3805199, -18.3829441
1523.4999999999968, -18.5521259, -18.5538788, -18.5543556, -18.5534973, -18.5533257, -18.5538387, -18.5529461, -18.5540447, -18.5558624, -18.5555191
1523.5999999999967, -18.5106602, -18.5107193, -18.511549, -18.5130405, -18.5108547, -18.5092316, -18.5088196, -18.5092697, -18.5084686, -18.5109386
1523.6999999999966, -18.5456886, -18.5403709, -18.5396538, -18.541275, -18.5394726, -18.5403996, -18.5426598, -18.5415058, -18.5406666, -18.539072
1523.7999999999965, -18.4876595, -18.4897156, -18.4882679, -18.4846363, -18.4828873, -18.4858608, -18.486042, -18.4846363, -18.4841251, -18.4818916
1523.8999999999965, -18.4768696, -18.4769993, -18.4778938, -18.4791012, -18.4777851, -18.4757805, -18.4771767, -18.4763355, -18.4762192, -18.47505
1523.9999999999964, -18.3935738, -18.3934917, -18.394104, -18.3925838, -18.3953228, -18.394846, -18.3967495, -18.39711, -18.3945789, -18.3969669
1524.0999999999963, -18.5472889, -18.5473347, -18.5482616, -18.5488739, -18.5494709, -18.549324, -18.5497417, -18.5503426, -18.5485287, -18.549387
1524.1999999999962, -18.2934856, -18.2895393, -18.2864017, -18.286581, -18.286768, -18.2885742, -18.2913971, -18.2921486, -18.2887669, -18.289732
1524.299999999996, -18.4404659, -18.4400139, -18.4432659, -18.4435101, -18.4415646, -18.440527, -18.4394379, -18.4421349, -18.4420948, -18.4426117
1524.399999999996, -18.3372498, -18.3387527, -18.3389187, -18.3430672, -18.3414307, -18.3395863, -18.3393059, -18.3394508, -18.3397312, -18.340332
1524.499999999996, -18.4154644, -18.4190216, -18.4221134, -18.4168491, -18.4142704, -18.4160748, -18.4170628, -18.4161911, -18.4175968, -18.4141464
1524.5999999999958, -18.4593258, -18.4599743, -18.4594269, -18.4589596, -18.4572201, -18.457859, -18.4601135, -18.4604359, -18.4599419, -18.4611473
1524.6999999999957, -18.3882465, -18.387537, -18.3824692, -18.3806038, -18.38064, -18.3807201, -18.3806629, -18.3809986, -18.3802166, -18.3801651
1524.7999999999956, -18.2886391, -18.2887306, -18.2942009, -18.2980938, -18.2997704, -18.2998352, -18.2955151, -18.2948055, -18.2937927, -18.296236
1524.8999999999955, -18.4212952, -18.4204998, -18.4224319, -18.4269733, -18.4249001, -18.4227829, -18.4219017, -18.4211159, -18.4220257, -18.4254704
1524.9999999999955, -18.2973423, -18.2959003, -18.2997608, -18.3022232, -18.2986851, -18.298851, -18.2999306, -18.3006802, -18.2994308, -18.2988644
1525.0999999999954, -18.3923817, -18.3994007, -18.3953609, -18.3964462, -18.3963451, -18.39715, -18.3974857, -18.3997364, -18.4001865, -18.3990574
1525.1999999999953, -18.2276459, -18.2366352, -18.2353172, -18.2339897, -18.2318096, -18.230978, -18.2315025, -18.2344742, -18.2274818, -18.2343464
1525.2999999999952, -18.2939682, -18.2913342, -18.2912407, -18.2926712, -18.2899952, -18.2892838, -18.2833061, -18.2921467, -18.2915936, -18.292326
1525.399999999995, -18.3646183, -18.3644962, -18.3626461, -18.3680859, -18.3674049, -18.3660965, -18.3619213, -18.3587208, -18.3558369, -18.3619862
1525.499999999995, -18.3359623, -18.3293839, -18.3226509, -18.3279514, -18.3272839, -18.3268757, -18.3271637, -18.3266602, -18.3273716, -18.3268852
1525.599999999995, -18.2470341, -18.2481632, -18.25284, -18.2604179, -18.2575684, -18.2475357, -18.2471313, -18.2478523, -18.2448997, -18.2437038
1525.6999999999948, -18.2925739, -18.3000565, -18.2975903, -18.2973404, -18.294405, -18.2943954, -18.2972832, -18.2936039, -18.297184, -18.2967281
1525.7999999999947, -18.226511, -18.2289066, -18.2288837, -18.2284927, -18.2286301, -18.228159, -18.2243366, -18.2246609, -18.2285442, -18.2282887
1525.8999999999946, -18.4160805, -18.4186306, -18.4224091, -18.4185486, -18.4163399, -18.4146519, -18.4152451, -18.4169693, -18.4189072, -18.4198093
1525.9999999999945, -18.2282314, -18.2285366, -18.230072, -18.2303333, -18.2331657, -18.2321777, -18.2352486, -18.2339649, -18.2389374, -18.2355289
1526.0999999999945, -18.2384262, -18.2386093, -18.2429047, -18.2414436, -18.2387733, -18.2372932, -18.2380047, -18.2429752, -18.2579098, -18.2524586
1526.1999999999944, -18.2923508, -18.2924957, -18.29286, -18.2943268, -18.2911892, -18.2876015, -18.2875557, -18.2885857, -18.2904453, -18.2868843
1526.2999999999943, -18.2813034, -18.2825394, -18.2819672, -18.2834358, -18.2835045, -18.2849274, -18.2838154, -18.2843704, -18.2864056, -18.2836876
1526.3999999999942, -18.3165779, -18.3380222, -18.3260841, -18.3147869, -18.327095, -18.3690815, -18.3248806, -18.3170128, -18.3102379, -18.3090515
1526.499999999994, -18.2601585, -18.2645531, -18.2617607, -18.2606316, -18.2557945, -18.257967, -18.2631435, -18.263792, -18.2580338, -18.2584534
1526.599999999994, -18.1739082, -18.1748962, -18.1756325, -18.1752491, -18.1755142, -18.1787033, -18.1746006, -18.1738262, -18.1741123, -18.1786919
1526.699999999994, -18.3820629, -18.3779984, -18.3770332, -18.3746662, -18.3744678, -18.3748169, -18.3741169, -18.3728352, -18.3790951, -18.3861179
1526.7999999999938, -18.2836018, -18.2801495, -18.2786846, -18.2786026, -18.2780819, -18.2785168, -18.2828579, -18.2821751, -18.2852917, -18.2845078
1526.8999999999937, -18.2984524, -18.3004665, -18.2993813, -18.2987213, -18.2986069, -18.2993736, -18.3005791, -18.2996387, -18.2987671, -18.2985306
1526.9999999999936, -18.2982216, -18.2990379, -18.2994347, -18.2987728, -18.2967091, -18.2943001, -18.293829, -18.2955265, -18.2967262, -18.2953568
1527.0999999999935, -18.1921959, -18.1869125, -18.1861401, -18.1890392, -18.1998577, -18.1943207, -18.1862679, -18.1920834, -18.1889534, -18.1870632
1527.1999999999935, -18.3345718, -18.3345852, -18.3354778, -18.3363094, -18.3345356, -18.3340492, -18.3354511, -18.3347664, -18.33564, -18.3357029
1527.2999999999934, -18.2379341, -18.2395363, -18.2394543, -18.2401161, -18.2421818, -18.2455788, -18.2441902, -18.2441654, -18.2430363, -18.2387238
1527.3999999999933, -18.1734428, -18.1721668, -18.1701698, -18.170372, -18.1696434, -18.1693363, -18.1697884, -18.170599, -18.1716557, -18.1716728
1527.4999999999932, -18.2621784, -18.2606106, -18.2610264, -18.261694, -18.2618828, -18.2722015, -18.2774792, -18.276659, -18.2732754, -18.2719612
1527.599999999993, -18.2331409, -18.2291222, -18.2280178, -18.230978, -18.2329369, -18.237339, -18.2372303, -18.2348156, -18.2308102, -18.2282867
1527.699999999993, -18.263689, -18.2651711, -18.2670536, -18.2631493, -18.2635899, -18.2632751, -18.2616482, -18.265913, -18.2667885, -18.2635155
1527.799999999993, -18.2971153, -18.2948208, -18.2937393, -18.2909336, -18.2927685, -18.2956543, -18.293848, -18.2922153, -18.2914257, -18.2912159
1527.8999999999928, -18.1291199, -18.1291275, -18.1354027, -18.1287766, -18.1280117, -18.1295643, -18.1286259, -18.1289673, -18.127882, -18.126833
1527.9999999999927, -18.2894783, -18.2901077, -18.2912693, -18.2923164, -18.2910786, -18.2914181, -18.2919846, -18.2909393, -18.2896671, -18.2902832
1528.0999999999926, -18.1813488, -18.1825256, -18.1822605, -18.1828175, -18.1827354, -18.1832409, -18.1813526, -18.1844215, -18.1840782, -18.1861687
1528.1999999999925, -18.1734257, -18.1712742, -18.1729622, -18.1735077, -18.1732597, -18.1734829, -18.1739292, -18.1741829, -18.1756344, -18.1763878
1528.2999999999925, -18.1606255, -18.1609745, -18.1637573, -18.1636429, -18.1613426, -18.1599045, -18.1587315, -18.1594791, -18.160984, -18.1593151
1528.3999999999924, -18.1445065, -18.1443672, -18.1432209, -18.1411877, -18.1415997, -18.1414413, -18.1420135, -18.1410923, -18.1407413, -18.1410656
1528.4999999999923, -18.1932583, -18.1921215, -18.1931782, -18.1954861, -18.194252, -18.1944275, -18.1937389, -18.1948299, -18.1984062, -18.1965199
1528.5999999999922, -18.2460613, -18.2465153, -18.2459049, -18.2438545, -18.2448692, -18.2453022, -18.2461758, -18.248888, -18.2473221, -18.2459259
1528.699999999992, -18.0326862, -18.032711, -18.0328045, -18.0339375, -18.0338326, -18.0364666, -18.0350647, -18.0337734, -18.0343113, -18.0346508
1528.799999999992, -18.1819534, -18.1818027, -18.1838684, -18.1830921, -18.1865616, -18.1866016, -18.1884251, -18.1860123, -18.1843243, -18.1853027
1528.899999999992, -18.0459309, -18.0435429, -18.0453453, -18.0457268, -18.0455933, -18.0439186, -18.0434666, -18.0439453, -18.0411377, -18.0404778
1528.9999999999918, -18.5588226, -18.5572853, -18.5548611, -18.5546398, -18.5540295, -18.5557575, -18.5560856, -18.5566578, -18.5594311, -18.5571499
1529.0999999999917, -18.0271168, -18.0261307, -18.0243587, -18.0248642, -18.0267296, -18.0298996, -18.0282707, -18.0258846, -18.0258045, -18.0277672
1529.1999999999916, -18.026577, -18.0256443, -18.0254211, -18.0254803, -18.026598, -18.0265694, -18.0255947, -18.0253105, -18.0257111, -18.0253849
1529.2999999999915, -18.0254955, -18.0235119, -18.0253448, -18.0252666, -18.0279255, -18.0292568, -18.0290413, -18.0278053, -18.0261898, -18.0266972
1529.3999999999915, -18.1478539, -18.1480637, -18.1456413, -18.1453476, -18.1440716, -18.1441479, -18.1457081, -18.1454506, -18.1440029, -18.1444283
1529.4999999999914, -17.9267101, -17.9242325, -17.9259796, -17.9259777, -17.9252186, -17.9248848, -17.9252129, -17.9258575, -17.9257793, -17.9270191
1529.5999999999913, -18.0785561, -18.0756569, -18.0764599, -18.0766449, -18.0761871, -18.0760365, -18.0751801, -18.0761852, -18.0772305, -18.0770149
1529.6999999999912, -17.8379936, -17.8368797, -17.8362103, -17.8370781, -17.8370323, -17.8363228, -17.8355465, -17.8387928, -17.8388863, -17.8409805
1529.799999999991, -18.0712738, -18.0728378, -18.0719204, -18.072197, -18.0727997, -18.0726166, -18.0726299, -18.0724754, -18.0723057, -18.0725689
1529.899999999991, -17.9155807, -17.9165916, -17.9178867, -17.9172211, -17.9165516, -17.9156647, -17.9156971, -17.9166775, -17.9182549, -17.9186954
1529.999999999991, -17.9698277, -17.9687996, -17.9679832, -17.969738, -17.9695835, -17.9691257, -17.9698677, -17.9700985, -17.9705887, -17.9716835
1530.0999999999908, -17.8843117, -17.8837318, -17.8846169, -17.8842335, -17.8854256, -17.8850307, -17.8853493, -17.8851452, -17.8858223, -17.8883934
1530.1999999999907, -18.0180187, -18.0183849, -18.017437, -18.0178432, -18.0171471, -18.0165043, -18.0165215, -18.0162888, -18.0197868, -18.0219078
1530.2999999999906, -17.8636627, -17.8632221, -17.8640194, -17.863163, -17.8640652, -17.8641987, -17.8648434, -17.864006, -17.8649578, -17.8656731
1530.3999999999905, -18.0351067, -18.0338192, -18.0344944, -18.0356159, -18.0356178, -18.0353565, -18.0359306, -18.0345821, -18.0352669, -18.0349331
1530.4999999999905, -17.7426491, -17.7427654, -17.7413254, -17.7416649, -17.7420483, -17.7426033, -17.7421055, -17.7413979, -17.7410164, -17.7409706
1530.5999999999904, -17.9464531, -17.947279, -17.9482746, -17.9484615, -17.9521561, -17.9511681, -17.9480057, -17.9470139, -17.9466782, -17.9477463
1530.6999999999903, -17.8016262, -17.7991123, -17.7990246, -17.8003044, -17.79986, -17.799799, -17.7995129, -17.7999439, -17.7995968, -17.799963
1530.7999999999902, -17.9896603, -17.9903431, -17.9890671, -17.9895, -17.9884682, -17.9900341, -17.9889526, -17.9882755, -17.9901466, -17.9899483
1530.89999999999, -17.8130703, -17.8114262, -17.8132534, -17.8122921, -17.8125267, -17.8130512, -17.8132763, -17.812809, -17.8137493, -17.8136616
1530.99999999999, -17.9388008, -17.9379005, -17.9368439, -17.9358425, -17.9367199, -17.9362736, -17.935463, -17.9368858, -17.937849, -17.9358158
1531.09999999999, -17.8857937, -17.8871098, -17.88764, -17.8901596, -17.8899784, -17.8917446, -17.8905125, -17.8912125, -17.8911438, -17.8901405
1531.1999999999898, -18.0114937, -18.0118523, -18.0113811, -18.0114536, -18.0111809, -18.010973, -18.0123348, -18.0121231, -18.0114536, -18.0133686
1531.2999999999897, -17.7597485, -17.7580585, -17.7582722, -17.7581539, -17.7595921, -17.7604809, -17.7610474, -17.7589016, -17.759079, -17.7588501
1531.3999999999896, -17.9348049, -17.9393406, -17.9347382, -17.9341507, -17.9347324, -17.9345074, -17.9342728, -17.9349022, -17.935091, -17.9329643
1531.4999999999895, -17.708559, -17.708107, -17.7066956, -17.7071762, -17.7055378, -17.7045631, -17.7062798, -17.7078629, -17.7051277, -17.7036781
1531.5999999999894, -17.977108, -17.9766598, -17.9744606, -17.9755859, -17.9754066, -17.9757996, -17.9742203, -17.9750156, -17.9752998, -17.9754429
1531.6999999999894, -17.7575397, -17.758812, -17.7580872, -17.757019, -17.757555, -17.7596569, -17.7597866, -17.7600384, -17.7597694, -17.7590847
1531.7999999999893, -17.9456387, -17.9455051, -17.9441967, -17.9448242, -17.9439487, -17.9436779, -17.9439564, -17.9425602, -17.9436054, -17.9441433
1531.8999999999892, -17.7237549, -17.7246113, -17.7259979, -17.7253513, -17.7238064, -17.7252426, -17.724596, -17.7238407, -17.725071, -17.7254066
1531.999999999989, -17.9405632, -17.9403687, -17.9413509, -17.942276, -17.9423752, -17.9424534, -17.9428749, -17.9437408, -17.9418526, -17.9433155
1532.099999999989, -17.7852306, -17.7803345, -17.786459, -17.7856102, -17.7841778, -17.7847481, -17.7851925, -17.7852783, -17.785759, -17.7848186
1532.199999999989, -17.9171429, -17.9148178, -17.9146233, -17.9152336, -17.9151382, -17.9155293, -17.9153271, -17.91502, -17.9158421, -17.9144974
1532.2999999999888, -17.7115326, -17.7186756, -17.7133427, -17.7118168, -17.7118931, -17.7103729, -17.7108822, -17.7107029, -17.7120018, -17.7138386
1532.3999999999887, -17.9102592, -17.9129639, -17.9117279, -17.9104614, -17.9105339, -17.91189, -17.9119797, -17.9122906, -17.912056, -17.9123039
1532.4999999999886, -17.7431355, -17.7460232, -17.7457829, -17.7426071, -17.7432175, -17.7431011, -17.7433815, -17.7433262, -17.7435188, -17.7457466
1532.5999999999885, -17.9550915, -17.9568653, -17.9555969, -17.9578991, -17.9560394, -17.9552498, -17.9567013, -17.9565487, -17.9540043, -17.9533157
1532.6999999999884, -17.6920567, -17.6921959, -17.6937027, -17.6917553, -17.6942539, -17.6961899, -17.6952667, -17.6936684, -17.6932392, -17.6947632
1532.7999999999884, -17.8952885, -17.8946629, -17.8937874, -17.8941422, -17.8960762, -17.8960876, -17.8943024, -17.8935432, -17.8944263, -17.8947811
1532.8999999999883, -17.7550278, -17.7546043, -17.7539024, -17.7494774, -17.7524319, -17.7449265, -17.7467003, -17.7439156, -17.7425423, -17.7458935
1532.9999999999882, -17.8595219, -17.859169, -17.8586655, -17.8585148, -17.8577156, -17.8588924, -17.8609676, -17.8606777, -17.8593521, -17.8596115
1533.099999999988, -17.7626953, -17.7647858, -17.7666359, -17.7641659, -17.7638645, -17.7645569, -17.7640972, -17.7641163, -17.7655163, -17.7651138
1533.199999999988, -17.9034576, -17.9051094, -17.905592, -17.90658, -17.9067173, -17.9065838, -17.9068375, -17.905899, -17.9066753, -17.9061413
1533.299999999988, -17.7270412, -17.7233429, -17.728899, -17.7292461, -17.7296009, -17.7286072, -17.7149448, -17.7197418, -17.7256451, -17.7270603
1533.3999999999878, -17.9298401, -17.929615, -17.9290943, -17.9274578, -17.9284706, -17.9279289, -17.9267826, -17.9277802, -17.9281864, -17.9274216
1533.4999999999877, -17.6731224, -17.669445, -17.6735668, -17.6717701, -17.6741199, -17.6727371, -17.6705456, -17.6709671, -17.6722145, -17.6746159
1533.5999999999876, -17.8626156, -17.8597183, -17.8584843, -17.8587475, -17.85919, -17.8602695, -17.8599739, -17.8585606, -17.8536854, -17.8490448
1533.6999999999875, -17.7013283, -17.6905079, -17.698513, -17.7003593, -17.7003002, -17.6988335, -17.6997032, -17.6995087, -17.6999702, -17.7012882
1533.7999999999874, -17.7438946, -17.7425728, -17.7422791, -17.7405357, -17.7411423, -17.7427769, -17.7422943, -17.7403679, -17.7409058, -17.7344742
1533.8999999999874, -17.7693596, -17.7688732, -17.7696877, -17.7677479, -17.7678242, -17.7591248, -17.7624969, -17.7651176, -17.7690353, -17.7683964
1533.9999999999873, -17.7560673, -17.7574558, -17.7562561, -17.7568703, -17.756218, -17.756155, -17.755291, -17.7569447, -17.7558556, -17.755579
1534.0999999999872, -17.6805534, -17.6766644, -17.6735039, -17.6759777, -17.6779041, -17.6783371, -17.6772442, -17.6780968, -17.6789532, -17.6805401
1534.199999999987, -17.8077736, -17.8082905, -17.8093395, -17.8101273, -17.809803, -17.8094044, -17.8095036, -17.8092442, -17.8118114, -17.8107624
1534.299999999987, -17.6554871, -17.6543941, -17.6569595, -17.6303616, -17.6412849, -17.6448174, -17.6528244, -17.6578026, -17.658617, -17.6586533
1534.399999999987, -17.7710609, -17.7711296, -17.7705688, -17.7709007, -17.7715473, -17.7711678, -17.7711945, -17.7704964, -17.7715855, -17.7727242
1534.4999999999868, -17.6804981, -17.6808605, -17.6782246, -17.677084, -17.6772823, -17.6798134, -17.6795559, -17.6806316, -17.6816521, -17.6806812
1534.5999999999867, -17.6149769, -17.6130085, -17.6134968, -17.6146183, -17.6170826, -17.6173973, -17.6180954, -17.6184807, -17.6196156, -17.6199837
1534.6999999999866, -17.716423, -17.7160053, -17.7174034, -17.7173576, -17.7150364, -17.7157784, -17.7142029, -17.7137508, -17.7134113, -17.7139111
1534.7999999999865, -17.5927963, -17.5934582, -17.5899315, -17.5879688, -17.5892086, -17.5855827, -17.5835114, -17.5835972, -17.5890007, -17.5873089
1534.8999999999864, -17.6725502, -17.6717014, -17.6727943, -17.6719437, -17.6718006, -17.6719322, -17.6730862, -17.6733189, -17.6714745, -17.6707783
1534.9999999999864, -17.6685371, -17.6716347, -17.6718979, -17.6710682, -17.6721115, -17.6713772, -17.6706276, -17.6709633, -17.6715622, -17.6732006
1535.0999999999863, -17.5982552, -17.5999432, -17.6024914, -17.6018353, -17.6010666, -17.6019096, -17.6014538, -17.6006947, -17.6012115, -17.6005726
1535.1999999999862, -17.645298, -17.6440639, -17.6391296, -17.6377277, -17.6418915, -17.6483631, -17.6511173, -17.6498642, -17.6494503, -17.6513424
1535.299999999986, -17.6286983, -17.627739, -17.6283417, -17.6276913, -17.6274338, -17.6274796, -17.6277466, -17.6269512, -17.627058, -17.6277885
1535.399999999986, -21.3511868, -21.3691864, -21.3867245, -21.3999596, -21.4059067, -21.4077034, -21.407896, -21.4067669, -21.4075813, -21.4077702
1535.499999999986, -17.6461391, -17.6480064, -17.6508293, -17.6509495, -17.6520844, -17.6518421, -17.6524849, -17.6537819, -17.6522179, -17.6529732
1535.5999999999858, -17.4323921, -17.4351406, -17.4347496, -17.4349003, -17.4350643, -17.4358578, -17.4360218, -17.4344902, -17.4344196, -17.4338741
1535.6999999999857, -17.6360359, -17.6351624, -17.6358299, -17.636694, -17.636755, -17.6365395, -17.6356201, -17.6355457, -17.6340523, -17.6345539
1535.7999999999856, -17.4493675, -17.4463844, -17.4502907, -17.4514637, -17.4516087, -17.4534264, -17.4533539, -17.4524975, -17.4530144, -17.4529533
1535.8999999999855, -17.5530148, -17.5531616, -17.5511837, -17.5547161, -17.5573673, -17.5563049, -17.5570259, -17.5582294, -17.5551109, -17.5548916
1535.9999999999854, -17.4577503, -17.4563465, -17.455801, -17.4566879, -17.4570332, -17.4581242, -17.4565067, -17.4563732, -17.458271, -17.4573898
1536.0999999999854, -17.5459442, -17.5486755, -17.549572, -17.5477638, -17.5477943, -17.5488853, -17.5471516, -17.5491257, -17.5493793, -17.5482883
1536.1999999999853, -17.3686981, -17.3696938, -17.3700886, -17.3672867, -17.3671818, -17.3633156, -17.3660011, -17.3652935, -17.3657284, -17.3658867
1536.2999999999852, -17.586422, -17.5825157, -17.5859642, -17.5875092, -17.5851746, -17.5852585, -17.5879154, -17.5878639, -17.586998, -17.586174
1536.399999999985, -17.3336964, -17.3296833, -17.3292351, -17.3293457, -17.3279037, -17.3275738, -17.3274708, -17.3256035, -17.3300247, -17.3302498
1536.499999999985, -17.5563393, -17.5536823, -17.5513897, -17.5546589, -17.5523949, -17.5451851, -17.5517254, -17.5528564, -17.5509949, -17.5520439
1536.599999999985, -17.3209934, -17.321949, -17.3144474, -17.2881413, -17.2644024, -17.271162, -17.2863865, -17.3132858, -17.3216515, -17.3186283
1536.6999999999848, -17.5612602, -17.5631218, -17.5613766, -17.5530415, -17.5605297, -17.5613098, -17.5625362, -17.5622368, -17.5645847, -17.5639324
1536.7999999999847, -17.3234177, -17.3222923, -17.3203545, -17.3164349, -17.3243446, -17.3274899, -17.3280258, -17.3282108, -17.3275318, -17.3261318
1536.8999999999846, -17.4259052, -17.4668312, -17.4209843, -17.4386272, -17.4468288, -17.4624405, -17.4594517, -17.4629517, -17.4663906, -17.4697781
1536.9999999999845, -17.2600651, -17.264534, -17.2632809, -17.2642651, -17.2642174, -17.2614384, -17.2640285, -17.257515, -17.2585526, -17.2611637
1537.0999999999844, -17.50667, -17.498045, -17.5011082, -17.4927063, -17.4993248, -17.4797668, -17.4773388, -17.5023022, -17.5005093, -17.5082226
1537.1999999999844, -17.2539082, -17.2541485, -17.2727413, -17.2727394, -17.2663136, -17.2454853, -17.259737, -17.2798462, -17.2887459, -17.2738838
1537.2999999999843, -17.4571037, -17.4594479, -17.4590111, -17.4614429, -17.4602451, -17.4437771, -17.434763, -17.447979, -17.4481068, -17.4522018
1537.3999999999842, -17.3006344, -17.3012524, -17.3029099, -17.3025551, -17.3021545, -17.2946835, -17.3016968, -17.3006992, -17.2994251, -17.2998333
1537.499999999984, -17.5340958, -17.5357418, -17.4950314, -17.4990921, -17.4803505, -17.4999638, -17.5127048, -17.5113678, -17.5273094, -17.5331707
1537.599999999984, -17.2808132, -17.2817974, -17.2819786, -17.2820816, -17.2810898, -17.2794113, -17.2795086, -17.2776222, -17.279356, -17.2791328
1537.699999999984, -17.4650841, -17.4695168, -17.4727917, -17.4696293, -17.4659214, -17.4699154, -17.4705925, -17.472187, -17.4668102, -17.4664097
1537.7999999999838, -17.201561, -17.1840401, -17.1939144, -17.1978855, -17.199585, -17.2047424, -17.2048779, -17.2013741, -17.2044601, -17.2076664
1537.8999999999837, -17.4140072, -17.4128952, -17.4071617, -17.4100323, -17.4140034, -17.4066448, -17.4092045, -17.4111176, -17.4140415, -17.4135246
1537.9999999999836, -17.2969589, -17.295351, -17.2963676, -17.293499, -17.29529, -17.2884216, -17.3009319, -17.3044758, -17.304863, -17.3031712
1538.0999999999835, -17.4032345, -17.4029293, -17.4060001, -17.4058914, -17.4035378, -17.405323, -17.4066963, -17.4073811, -17.406147, -17.4060173
1538.1999999999834, -17.3267097, -17.3276463, -17.3269615, -17.3270454, -17.3258781, -17.3221321, -17.3206482, -17.3229809, -17.3211613, -17.321373
1538.2999999999834, -17.3590889, -17.3661137, -17.359623, -17.3033409, -17.3310261, -17.3401432, -17.3596725, -17.3130627, -17.2412186, -17.2712727
1538.3999999999833, -17.2874584, -17.2719994, -17.2839966, -17.2865829, -17.2535686, -17.3169632, -17.2273922, -17.2302628, -17.2202644, -17.2051334
1538.4999999999832, -17.4694023, -17.4709911, -17.4693356, -17.469017, -17.470644, -17.469099, -17.4688339, -17.4682293, -17.4686241, -17.4686775
1538.599999999983, -17.2039394, -17.2025375, -17.2043686, -17.2085037, -17.2120152, -17.2111263, -17.2120304, -17.2130661, -17.2135754, -17.2085457
1538.699999999983, -17.3518314, -17.3505592, -17.3494987, -17.3204136, -17.3386421, -17.3478622, -17.3441391, -17.3531361, -17.3500919, -17.2970295
1538.799999999983, -17.2780876, -17.239336, -17.2455883, -17.2575531, -17.2689037, -17.2822189, -17.2790184, -17.2782192, -17.2754192, -17.2768669
1538.8999999999828, -17.1579018, -17.2068787, -17.2190609, -17.2154465, -17.2253571, -17.2249622, -17.2243938, -17.2231941, -17.2162323, -17.2173252
1538.9999999999827, -17.3718147, -17.3577728, -17.3575268, -17.3439178, -17.3657608, -17.3703194, -17.3723488, -17.3740864, -17.3709354, -17.3743782
1539.0999999999826, -17.2369251, -17.2448311, -17.2517834, -17.2466774, -17.2423611, -17.2104778, -17.1932812, -17.2164268, -17.2369289, -17.2467155
1539.1999999999825, -17.279211, -17.2829647, -17.2844315, -17.2843533, -17.282732, -17.2822132, -17.2760563, -17.2802582, -17.28438, -17.2842579
1539.2999999999824, -17.2434235, -17.2400036, -17.2416172, -17.2451515, -17.246315, -17.2524529, -17.2517662, -17.2483082, -17.2457142, -17.2457142
1539.3999999999824, -17.243681, -17.2442989, -17.2426758, -17.2412987, -17.2387085, -17.23909, -17.2408772, -17.239481, -17.2431374, -17.2435703
1539.4999999999823, -17.2689896, -17.2700043, -17.2698059, -17.2695904, -17.269968, -17.2681007, -17.2696705, -17.2708797, -17.2708778, -17.2709866
1539.5999999999822, -17.2319908, -17.0476933, -17.025465, -17.0081062, -17.0250721, -17.055172, -17.0815582, -17.1535931, -17.0889797, -17.0572414
1539.699999999982, -17.8230629, -17.8145523, -17.8013649, -17.8150768, -17.8334351, -17.8469028, -17.8453789, -17.8471851, -17.8518486, -17.8568535
1539.799999999982, -17.3156738, -17.3157425, -17.3144169, -17.3141136, -17.312849, -17.311552, -17.3119698, -17.3119869, -17.3100758, -17.3103333
1539.899999999982, -17.0631866, -17.0689163, -17.072113, -17.0740604, -17.0737686, -17.0694637, -17.0687237, -17.0708828, -17.0712299, -17.0750866
1539.9999999999818, -17.251873, -17.2564316, -17.2552032, -17.2545643, -17.2520771, -17.2434998, -17.2506008, -17.2566471, -17.2582893, -17.2613163
1540.0999999999817, -17.001133, -16.9595661, -16.960434, -17.0112896, -16.9962349, -17.0130692, -17.0189304, -16.9969006, -17.0027256, -17.0111847
1540.1999999999816, -17.1630363, -17.1623116, -17.1395016, -17.1633396, -17.1611023, -17.1645985, -17.1528645, -17.1560841, -17.1546879, -17.1610241
1540.2999999999815, -17.0534306, -17.0610561, -17.0636768, -17.0645466, -17.0645905, -17.0636635, -17.0634518, -17.0624943, -17.0626411, -17.0581036
1540.3999999999814, -17.0999203, -17.1051197, -17.1195908, -17.1230125, -17.1356812, -17.1161308, -17.1283398, -17.1397724, -17.1447239, -17.1325607
1540.4999999999814, -16.9123878, -16.8917923, -16.8621445, -16.879158, -16.9055614, -16.9080734, -16.8865108, -16.8775692, -16.8975391, -16.914978
1540.5999999999813, -17.1429043, -17.1199455, -17.1004124, -17.0850124, -17.1162663, -17.1205692, -17.1219101, -17.1449261, -17.1488724, -17.1466351
1540.6999999999812, -16.88237, -16.8884773, -16.9151592, -16.9180775, -16.9169998, -16.9163609, -16.9156227, -16.9142284, -16.9204197, -16.921978
1540.799999999981, -17.1625195, -17.159502, -17.1718826, -17.1703606, -17.1678352, -17.1732731, -17.1758022, -17.1773052, -17.1794624, -17.1788692
1540.899999999981, -16.858593, -16.8583927, -16.8557167, -16.8533592, -16.8434029, -16.8560638, -16.8575649, -16.8552399, -16.8559914, -16.8495541
1540.999999999981, -17.0499802, -17.0524311, -17.0528851, -17.0497074, -17.0450668, -17.0363235, -17.0388908, -17.0463867, -17.0491352, -17.0413017
1541.0999999999808, -16.782011, -16.7924118, -16.7980556, -16.7963314, -16.7954044, -16.7961273, -16.7977066, -16.7976189, -16.7979259, -16.7984905
1541.1999999999807, -17.0628319, -17.0607357, -17.0624523, -17.0612755, -17.0612507, -17.0596676, -17.0594311, -17.0622387, -17.063343, -17.0625954
1541.2999999999806, -16.7807941, -16.7795448, -16.7822895, -16.7793293, -16.7792568, -16.7773876, -16.7704716, -16.7715244, -16.7725334, -16.7767735
1541.3999999999805, -16.950882, -16.9358864, -16.9386406, -16.9465656, -16.9220028, -16.9378986, -16.9507637, -16.9503136, -16.9720802, -16.972971
1541.4999999999804, -16.8029213, -16.7891521, -16.7923431, -16.7883911, -16.7994213, -16.8020382, -16.7937717, -16.7789154, -16.731678, -16.7404137
1541.5999999999804, -16.9405594, -16.9335155, -16.9394188, -16.9448013, -16.961668, -16.9598637, -16.9627304, -16.9678383, -16.9669933, -16.9678879
1541.6999999999803, -16.8333912, -16.8353043, -16.8394108, -16.8389587, -16.8395443, -16.8393497, -16.8370361, -16.8373756, -16.8385639, -16.8394928
1541.7999999999802, -16.9315205, -16.9291573, -16.930933, -16.936573, -16.9372787, -16.9381409, -16.9354401, -16.9357853, -16.9316788, -16.9319763
1541.89999999998, -16.6865845, -16.6734009, -16.677887, -16.6833248, -16.6881409, -16.6920528, -16.6929569, -16.6924686, -16.6918163, -16.6899166
1541.99999999998, -16.8966389, -16.9070492, -16.9126225, -16.9103737, -16.9073277, -16.9139423, -16.9152946, -16.9107971, -16.9094009, -16.9096985
1542.09999999998, -16.6269379, -16.6288033, -16.6536865, -16.6709518, -16.6804047, -16.6852188, -16.6855297, -16.6847706, -16.680006, -16.6796322
1542.1999999999798, -16.8440685, -16.8438835, -16.8422604, -16.841917, -16.8409157, -16.8411789, -16.8425541, -16.8430691, -16.8431625, -16.8405056
1542.2999999999797, -16.7601585, -16.7529011, -16.7463055, -16.7427731, -16.750948, -16.7540131, -16.7617378, -16.7624779, -16.7613239, -16.7588596
1542.3999999999796, -16.6830711, -16.6859493, -16.6871681, -16.688509, -16.6877861, -16.6680355, -16.6739979, -16.6761246, -16.684948, -16.6889153
1542.4999999999795, -16.834631, -16.8356514, -16.8361053, -16.8355331, -16.8317013, -16.8282776, -16.83358, -16.836544, -16.8338757, -16.832037
1542.5999999999794, -16.7396774, -16.7084789, -16.7292862, -16.7299881, -16.7357063, -16.7379284, -16.7435417, -16.7441311, -16.7427807, -16.7448311
1542.6999999999794, -16.7093773, -16.7102489, -16.7118263, -16.7123775, -16.7114582, -16.7106133, -16.7035751, -16.7058887, -16.7133827, -16.7087021
1542.7999999999793, -16.673912, -16.6421471, -16.6551952, -16.664156, -16.6620121, -16.6696815, -16.6642017, -16.6685123, -16.6721592, -16.6717758
1542.8999999999792, -16.6428738, -16.6522636, -16.631218, -16.6324902, -16.6431942, -16.6330147, -16.6366081, -16.6154003, -16.6331654, -16.6317081
1542.999999999979, -16.6716194, -16.6914139, -16.6946888, -16.7025757, -16.7027397, -16.7084618, -16.7102509, -16.7087078, -16.7099571, -16.7063408
1543.099999999979, -16.7512779, -16.7495518, -16.7518387, -16.7514668, -16.7504539, -16.7528324, -16.7538929, -16.7566223, -16.7562256, -16.7516212
1543.199999999979, -16.5476284, -16.547205, -16.5453358, -16.5429821, -16.5393009, -16.5353317, -16.5415554, -16.5430946, -16.5465927, -16.5435734
1543.2999999999788, -16.7116451, -16.7196026, -16.7206192, -16.7184887, -16.7145901, -16.7107849, -16.6984425, -16.6848354, -16.6816101, -16.6835041
1543.3999999999787, -16.4098282, -16.3849373, -16.3688087, -16.3708744, -16.3733692, -16.3862553, -16.4159069, -16.4491234, -16.4912243, -16.5030613
1543.4999999999786, -16.7876129, -16.7897472, -16.7873859, -16.7837658, -16.7787189, -16.7851372, -16.7859001, -16.7504196, -16.7206135, -16.754303
1543.5999999999785, -16.5284081, -16.5264091, -16.5256195, -16.5242329, -16.5057182, -16.5122871, -16.517992, -16.5193386, -16.5270691, -16.5286121
1543.6999999999784, -16.5938969, -16.6101494, -16.6155701, -16.6097126, -16.6206894, -16.6140785, -16.6089115, -16.6164627, -16.6197395, -16.6224461
1543.7999999999784, -16.5002041, -16.5060825, -16.5096645, -16.509943, -16.4990025, -16.503027, -16.5099964, -16.5107822, -16.5118103, -16.5100174
1543.8999999999783, -16.770031, -16.7728882, -16.7710991, -16.7678299, -16.7703476, -16.7694798, -16.7703991, -16.7655201, -16.7554779, -16.7578831
1543.9999999999782, -16.5037289, -16.4855862, -16.4925194, -16.4994698, -16.4936199, -16.487587, -16.4950333, -16.5002995, -16.4761448, -16.4805069
1544.099999999978, -16.658329, -16.6671562, -16.6773891, -16.6831627, -16.6636295, -16.652729, -16.6575317, -16.673933, -16.6638374, -16.6730671
1544.199999999978, -16.4018536, -16.3983078, -16.3981514, -16.4024601, -16.4039898, -16.4023533, -16.4020176, -16.4003067, -16.3987675, -16.3986797
1544.299999999978, -16.6592922, -16.6562233, -16.6537838, -16.656208, -16.6566448, -16.6525726, -16.6501198, -16.6538258, -16.650732, -16.641798
1544.3999999999778, -16.4062672, -16.4142494, -16.4128361, -16.4164371, -16.4014301, -16.4104671, -16.4103165, -16.4132385, -16.4150028, -16.4120159
1544.4999999999777, -16.6389885, -16.6387882, -16.643137, -16.6266747, -16.6221161, -16.6161537, -16.6376247, -16.6399326, -16.6426563, -16.64258
1544.5999999999776, -16.3384724, -16.3379631, -16.3311768, -16.3251667, -16.3294449, -16.3353729, -16.3438206, -16.3402672, -16.3396645, -16.3416901
1544.6999999999775, -16.634552, -16.5963173, -16.6088352, -16.6230335, -16.6222172, -16.6166019, -16.6267281, -16.6364746, -16.6410866, -16.6395435
1544.7999999999774, -16.43894, -16.4404469, -16.4383259, -16.4322662, -16.438282, -16.4408798, -16.4425144, -16.4440594, -16.4431896, -16.4433784
1544.8999999999774, -16.5888157, -16.5730305, -16.5539188, -16.5730476, -16.5778656, -16.5853596, -16.590683, -16.5931168, -16.5930271, -16.5924797
1544.9999999999773, -16.4292088, -16.4287472, -16.4352779, -16.4270248, -16.4296951, -16.4301548, -16.4293079, -16.4391842, -16.4427338, -16.4386883
1545.0999999999772, -16.4464455, -16.446619, -16.446373, -16.4454231, -16.4459763, -16.4456329, -16.4462204, -16.4427357, -16.4372997, -16.4416885
1545.199999999977, -16.4174786, -16.4204597, -16.4201202, -16.4177055, -16.4181652, -16.4192028, -16.4200726, -16.4206429, -16.4200897, -16.4182034
1545.299999999977, -16.5292244, -16.5319233, -16.5335484, -16.5336761, -16.5350914, -16.5316257, -16.5282135, -16.5286465, -16.528286, -16.5291214
1545.399999999977, -16.3253975, -16.3262959, -16.3244228, -16.324995, -16.3256207, -16.3246307, -16.3186703, -16.3197136, -16.3202629, -16.3169365
1545.4999999999768, -16.4604626, -16.4653244, -16.4561176, -16.4638615, -16.4617558, -16.4433575, -16.4547176, -16.4517422, -16.4646568, -16.4699993
1545.5999999999767, -16.3488979, -16.3485508, -16.3483086, -16.3482189, -16.3475685, -16.3410244, -16.3366547, -16.3317146, -16.3390846, -16.3425598
1545.6999999999766, -16.4146309, -16.4146862, -16.4164238, -16.4136009, -16.4167614, -16.4172401, -16.4176464, -16.4158363, -16.4146385, -16.4155693
1545.7999999999765, -16.5130596, -16.5090122, -16.511137, -16.5093136, -16.512394, -16.5117817, -16.5117111, -16.5117893, -16.5096931, -16.5094986
1545.8999999999764, -16.2912979, -16.2902241, -16.2891655, -16.2899399, -16.2930202, -16.2924099, -16.2920189, -16.2930126, -16.2915916, -16.2939358
1545.9999999999764, -16.4015656, -16.4013882, -16.3969097, -16.39748, -16.4030666, -16.3952484, -16.3914509, -16.4026546, -16.3972569, -16.4032784
1546.0999999999763, -16.2459774, -16.2456551, -16.2479668, -16.2483845, -16.2468338, -16.2473831, -16.2476387, -16.2481384, -16.2470684, -16.2481976
1546.1999999999762, -20.5026321, -20.4443569, -20.4059715, -20.3949127, -20.4531155, -20.4414902, -20.4036026, -20.435791, -20.4621372, -20.4329147
1546.299999999976, -16.2998657, -16.2987156, -16.2990265, -16.299818, -16.2997952, -16.2981491, -16.2982674, -16.2984333, -16.2983627, -16.2990894
1546.399999999976, -16.2755718, -16.2776051, -16.2785397, -16.2772579, -16.2754822, -16.2748241, -16.279644, -16.2814941, -16.2787762, -16.2798233
1546.499999999976, -16.1564846, -16.1582832, -16.1576176, -16.1573811, -16.1579151, -16.1574688, -16.1578598, -16.158205, -16.1601295, -16.1586761
1546.5999999999758, -16.4342003, -16.4336567, -16.4333038, -16.4336605, -16.4349442, -16.4331417, -16.4311924, -16.4312515, -16.4298611, -16.4315758
1546.6999999999757, -16.1363258, -16.1377964, -16.1350822, -16.1304073, -16.1271095, -16.1270676, -16.1286106, -16.128624, -16.1248837, -16.1301861
1546.7999999999756, -16.3684368, -16.3645248, -16.3669662, -16.3692875, -16.3696613, -16.3693676, -16.370163, -16.3688011, -16.3701267, -16.367878
1546.8999999999755, -16.0099564, -16.0073357, -16.0083199, -16.0121078, -16.0071812, -16.0100136, -16.0072746, -16.0063076, -16.0056877, -16.0068569
1546.9999999999754, -16.3064098, -16.3070774, -16.3071346, -16.3070469, -16.3070316, -16.3061371, -16.3055191, -16.3055191, -16.3065548, -16.3073616
1547.0999999999754, -16.0567188, -16.0557995, -16.0566616, -16.0560455, -16.0564079, -16.0547752, -16.054697, -16.0554237, -16.0550938, -16.0560265
1547.1999999999753, -16.2928963, -16.2918663, -16.2942085, -16.2919312, -16.2907085, -16.2907314, -16.291193, -16.292284, -16.2922955, -16.2919464
1547.2999999999752, -15.9582911, -15.9598188, -15.9599543, -15.9605522, -15.9593611, -15.9595575, -15.9598551, -15.959795, -15.9579639, -15.959075
1547.399999999975, -16.1908131, -16.1908016, -16.1884022, -16.1905403, -16.1912346, -16.1891079, -16.1914825, -16.1916542, -16.1921749, -16.1908855
1547.499999999975, -15.9861422, -15.9843578, -15.9858294, -15.9845381, -15.9841967, -15.9847269, -15.9852066, -15.9852228, -15.984416, -15.9854527
1547.599999999975, -16.1763763, -16.1769524, -16.1778851, -16.1770687, -16.1765327, -16.1777306, -16.1775208, -16.178339, -16.1787205, -16.1791573
1547.6999999999748, -15.9812689, -15.9798021, -15.9810143, -15.9810152, -15.9816751, -15.9803038, -15.9791431, -15.978694, -15.9767323, -15.9788284
1547.7999999999747, -16.0245132, -16.0263748, -16.0260696, -16.0257797, -16.0238209, -16.0238838, -16.0232525, -16.0229473, -16.0255165, -16.0246296
1547.8999999999746, -15.9034233, -15.9026966, -15.903326, -15.9033852, -15.9030781, -15.9034195, -15.9027462, -15.9028635, -15.9028883, -15.9033117
1547.9999999999745, -16.1669044, -16.1679764, -16.1662884, -16.1655464, -16.1658783, -16.1663322, -16.1659279, -16.1655083, -16.1660786, -16.1667423
1548.0999999999744, -15.8745518, -15.8743029, -15.8731775, -15.8727102, -15.8721342, -15.8740597, -15.8728285, -15.8736763, -15.8740005, -15.8737068
1548.1999999999744, -16.0404453, -16.0393105, -16.0390568, -16.0396633, -16.0416737, -16.0424538, -16.0403957, -16.0399609, -16.039711, -16.0410976
1548.2999999999743, -15.8763466, -15.8774252, -15.8776922, -15.8778658, -15.8784533, -15.8785038, -15.8790255, -15.878973, -15.8781385, -15.8782911
1548.3999999999742, -20.1804466, -20.106638, -20.0356026, -19.9391041, -19.8091488, -19.7611637, -19.7246418, -19.6830826, -19.6506119, -19.6724377
1548.499999999974, -16.0303745, -16.0301495, -16.0304699, -16.02882, -16.0312119, -16.027174, -16.0285168, -16.0286846, -16.0300503, -16.028986
1548.599999999974, -15.8057232, -15.8058634, -15.8051119, -15.8045778, -15.8043709, -15.8047409, -15.805337, -15.8042355, -15.8065996, -15.8056641
1548.699999999974, -15.8996668, -15.9002476, -15.8992834, -15.8999462, -15.9000797, -15.8998852, -15.899581, -15.9009924, -15.9014864, -15.9004364
1548.7999999999738, -15.8146877, -15.8142242, -15.8152266, -15.8145685, -15.8145132, -15.8147211, -15.8145657, -15.8150196, -15.8144579, -15.8155317
1548.8999999999737, -15.9272509, -15.9272423, -15.9266872, -15.9266949, -15.9267988, -15.925746, -15.9253559, -15.9275846, -15.9264879, -15.9272833
1548.9999999999736, -15.8882294, -15.8876696, -15.8879681, -15.8889904, -15.8879042, -15.8895521, -15.8893404, -15.8906841, -15.8892584, -15.8893089
1549.0999999999735, -15.8910275, -15.8912048, -15.8905392, -15.8914213, -15.8907661, -15.8899307, -15.890583, -15.891324, -15.8930483, -15.8911572
1549.1999999999734, -15.6651564, -15.6656513, -15.6662731, -15.6686544, -15.6671572, -15.6681337, -15.6666775, -15.6655979, -15.6657553, -15.6666279
1549.2999999999734, -15.9725475, -15.9729614, -15.9734631, -15.9729881, -15.9726057, -15.9727907, -15.9725904, -15.9726944, -15.9719734, -15.9724312
1549.3999999999733, -15.6738663, -15.6749001, -15.6740322, -15.6738014, -15.6753902, -15.6753454, -15.6754551, -15.6742258, -15.6742401, -15.6744061
1549.4999999999732, -15.934783, -15.9356909, -15.9350252, -15.9343395, -15.935607, -15.9351101, -15.9351234, -15.9344215, -15.934453, -15.9354353
1549.599999999973, -15.5921478, -15.5932102, -15.593791, -15.5930624, -15.5928001, -15.5908175, -15.5918732, -15.5926485, -15.5929136, -15.5932102
1549.699999999973, -15.8923264, -15.89254, -15.8933134, -15.8929167, -15.8925924, -15.8918371, -15.8929939, -15.8920517, -15.892231, -15.8932648
1549.799999999973, -15.6691551, -15.6688833, -15.6689205, -15.6694965, -15.675169, -15.6695843, -15.6682625, -15.6699209, -15.6696081, -15.6687326
1549.8999999999728, -15.9361725, -15.9366646, -15.9367714, -15.9364471, -15.9367647, -15.9358139, -15.9359484, -15.9359312, -15.935317, -15.9370012
1549.9999999999727, -15.5892382, -15.5902958, -15.5898457, -15.5905399, -15.5914211, -15.5920877, -15.5911751, -15.5926123, -15.5910578, -15.5925121
1550.0999999999726, -15.8011103, -15.8010378, -15.7997999, -15.7999296, -15.7992868, -15.7996941, -15.800746, -15.8008671, -15.7996798, -15.7983761
1550.1999999999725, -15.6386528, -15.6379633, -15.6381264, -15.6378059, -15.6381836, -15.6384993, -15.6387739, -15.638196, -15.6385727, -15.6384087
1550.2999999999724, -15.8220377, -15.821804, -15.8203812, -15.8214016, -15.8197765, -15.8201532, -15.8200722, -15.820632, -15.8206673, -15.8201027
1550.3999999999724, -15.6548166, -15.6566935, -15.6575441, -15.6577158, -15.657321, -15.6549892, -15.6534042, -15.6563778, -15.6625309, -15.6567602
1550.4999999999723, -15.7546759, -15.755908, -15.7535849, -15.7546024, -15.7577972, -15.7559118, -15.7557383, -15.7555332, -15.7534132, -15.753644
1550.5999999999722, -15.5981836, -15.5996351, -15.6018314, -15.601037, -15.598731, -15.596818, -15.595645, -15.6058054, -15.6191788, -15.6049519
1550.699999999972, -15.8369951, -15.8390837, -15.839344, -15.8365879, -15.836709, -15.8363094, -15.8378248, -15.8390713, -15.8397207, -15.8372021
1550.799999999972, -15.5880957, -15.5884342, -15.5908623, -15.5880709, -15.5873718, -15.5956964, -15.6105185, -15.601017, -15.5896482, -15.5906734
1550.899999999972, -15.6910152, -15.6880121, -15.6871958, -15.6882935, -15.6897049, -15.6910362, -15.6864929, -15.6855392, -15.6864614, -15.7108459
1550.9999999999718, -15.6164808, -15.6164141, -15.6150675, -15.615016, -15.6152039, -15.6139936, -15.6145191, -15.6144314, -15.614356, -15.6122837
1551.0999999999717, -15.518034, -15.5116596, -15.5147486, -15.5195818, -15.5181198, -15.51511, -15.5120173, -15.5084276, -15.5281076, -15.5243492
1551.1999999999716, -15.8024607, -15.7978659, -15.7988396, -15.7797728, -15.7731524, -15.7785387, -15.7773438, -15.7794161, -15.7994404, -15.8066969
1551.2999999999715, -15.555666, -15.5587616, -15.5624323, -15.559473, -15.5636892, -15.5638304, -15.5622149, -15.558691, -15.560688, -15.5608349
1551.3999999999714, -15.6117725, -15.6147242, -15.6179161, -15.6250267, -15.6316175, -15.6225109, -15.6194115, -15.6171913, -15.6172876, -15.6189833
1551.4999999999714, -15.4990234, -15.4980726, -15.4992685, -15.5010738, -15.500783, -15.4999857, -15.501399, -15.5028534, -15.499032, -15.502265
1551.5999999999713, -15.6422138, -15.6380844, -15.6349106, -15.635376, -15.6392841, -15.6321106, -15.6307564, -15.6372585, -15.6422663, -15.6393032
1551.6999999999712, -15.5093298, -15.5107508, -15.5090399, -15.5090418, -15.5088882, -15.5099621, -15.5116472, -15.5128975, -15.5125608, -15.5203485
1551.799999999971, -15.6476316, -15.6501827, -15.6502914, -15.6530952, -15.6525793, -15.6491823, -15.6497536, -15.6499462, -15.6504869, -15.6502943
1551.899999999971, -15.3112688, -15.3110685, -15.3174248, -15.3107262, -15.3106623, -15.3165751, -15.3200798, -15.3195505, -15.3129129, -15.3066072
1551.999999999971, -15.6051579, -15.6043644, -15.6013384, -15.601594, -15.6097975, -15.6120987, -15.6035547, -15.6002579, -15.6018209, -15.6005812
1552.0999999999708, -15.3560429, -15.3536549, -15.3542614, -15.3554716, -15.3570366, -15.3619852, -15.3545246, -15.3532534, -15.3522081, -15.3525867
1552.1999999999707, -15.6750917, -15.679143, -15.6759224, -15.6755981, -15.6757174, -15.6773272, -15.6733532, -15.6743002, -15.6747532, -15.6746674
1552.2999999999706, -15.3041677, -15.302804, -15.3030157, -15.3077002, -15.3051186, -15.3032551, -15.3024073, -15.3025303, -15.3038416, -15.3035841
1552.3999999999705, -15.5604734, -15.5534973, -15.5552969, -15.5540209, -15.5560198, -15.5543022, -15.5521898, -15.5566406, -15.5609436, -15.5583744
1552.4999999999704, -15.2732811, -15.2731514, -15.273263, -15.2718344, -15.27388, -15.2733822, -15.2798824, -15.2821407, -15.2809763, -15.2775612
1552.5999999999704, -15.5798569, -15.5818624, -15.5816545, -15.5826712, -15.5821953, -15.5820799, -15.5828381, -15.5865784, -15.584239, -15.5822763
1552.6999999999703, -15.2889042, -15.2807684, -15.274231, -15.2723217, -15.2718782, -15.272563, -15.2754354, -15.2714586, -15.2744551, -15.2747803
1552.7999999999702, -15.4722443, -15.4691229, -15.4690933, -15.4693871, -15.4696636, -15.4683695, -15.4677153, -15.4681778, -15.4676161, -15.4678793
1552.89999999997, -15.2923374, -15.2940254, -15.2922268, -15.2944031, -15.2988482, -15.291585, -15.2906904, -15.2898445, -15.2989864, -15.3066292
1552.99999999997, -15.362237, -15.3630438, -15.3650064, -15.3646355, -15.363162, -15.3679857, -15.3653641, -15.3678122, -15.3689661, -15.3661146
1553.09999999997, -15.3398314, -15.3432446, -15.338644, -15.3394318, -15.3385725, -15.3375864, -15.3390045, -15.3372879, -15.3394938, -15.3761187
1553.1999999999698, -15.3883915, -15.3862543, -15.3846827, -15.3889456, -15.3884888, -15.3884344, -15.3881474, -15.3840065, -15.3883867, -15.3941669
1553.2999999999697, -15.2211514, -15.1852961, -15.1695137, -15.191474, -15.1691256, -15.172945, -15.1797705, -15.1878366, -15.2004795, -15.2068892
1553.3999999999696, -15.3629093, -15.3619356, -15.358223, -15.4373636, -15.4235992, -15.3883123, -15.4036903, -15.3619652, -15.3725128, -15.443656
1553.4999999999695, -15.2637672, -15.2502451, -15.2491837, -15.2553701, -15.2547846, -15.2553253, -15.2536573, -15.2521276, -15.2519522, -15.2552528
1553.5999999999694, -15.1803083, -15.1782255, -15.1777029, -15.1812477, -15.1875858, -15.1927013, -15.1965151, -15.1917295, -15.1922379, -15.188983
1553.6999999999694, -15.2833433, -15.2852468, -15.2786732, -15.2768507, -15.2753153, -15.2768364, -15.2781591, -15.2763634, -15.2828541, -15.2824411
1553.7999999999693, -15.0575266, -15.0302343, -15.0236044, -15.0233822, -15.0202951, -15.0248737, -15.033824, -15.025094, -15.0271626, -15.0241194
1553.8999999999692, -15.3575325, -15.3642511, -15.3605566, -15.3625145, -15.364706, -15.3654375, -15.3625832, -15.355464, -15.3529482, -15.3529482
1553.999999999969, -15.0632858, -15.062562, -15.0625134, -15.0665989, -15.0704041, -15.0675774, -15.0659819, -15.0623856, -15.0621729, -15.0629196
1554.099999999969, -15.2469387, -15.246109, -15.2503872, -15.252512, -15.2550163, -15.2552919, -15.2585344, -15.2599945, -15.2566328, -15.2492085
1554.199999999969, -15.0003939, -14.9995089, -14.9985447, -14.999258, -14.9998732, -14.9998178, -15.0000944, -15.0011806, -15.0043087, -15.0061369
1554.2999999999688, -15.2441006, -15.24156, -15.2395678, -15.2402077, -15.2407284, -15.2384109, -15.2372227, -15.2386265, -15.2422619, -15.2389612
1554.3999999999687, -14.9891024, -14.9915886, -14.9796095, -14.9764996, -14.9729214, -14.973176, -14.9724245, -14.9751577, -14.9788389, -14.9767962
1554.4999999999686, -15.2863369, -15.2854528, -15.2898493, -15.2860308, -15.2895403, -15.2876329, -15.2897043, -15.2924433, -15.285964, -15.286396
1554.5999999999685, -14.9322309, -14.9330006, -14.9299231, -14.930727, -14.9313335, -14.9387617, -14.9445915, -14.939332, -14.9420033, -14.9347134
1554.6999999999684, -15.1440449, -15.1454754, -15.1472378, -15.1461182, -15.1441555, -15.1413879, -15.1418486, -15.1520796, -15.1623268, -15.1806469
1554.7999999999683, -14.9931202, -14.9975042, -15.0027781, -14.9996567, -15.0058346, -15.0095654, -15.007885, -14.9956455, -14.9924784, -14.991272
1554.8999999999683, -15.2589169, -15.2615719, -15.2538023, -15.2534657, -15.2517195, -15.2552834, -15.2581539, -15.2579174, -15.254221, -15.2515135
1554.9999999999682, -14.9415398, -14.9426708, -14.9414597, -14.941081, -14.9414177, -14.942009, -14.9413042, -14.9395561, -14.938796, -14.9408522
1555.099999999968, -15.1377363, -15.1469574, -15.148838, -15.1382647, -15.1391163, -15.1415005, -15.1566973, -15.1513748, -15.1420164, -15.135294
1555.199999999968, -14.9087152, -14.9095221, -14.9065046, -14.9067907, -14.9112778, -14.9059134, -14.9013252, -14.9050388, -14.903944, -14.905036
1555.299999999968, -15.1056643, -15.1016474, -15.1011925, -15.1000786, -15.0973234, -15.0998325, -15.0983076, -15.0982304, -15.1022711, -15.1132727
1555.3999999999678, -15.0843878, -15.0809317, -15.0804663, -15.0812855, -15.0811815, -15.0818338, -15.1320963, -15.2458057, -15.2270842, -15.1988382
1555.4999999999677, -15.0017595, -14.9988861, -15.000062, -14.9961929, -14.9971218, -14.9961052, -14.9948521, -14.9976673, -14.9970722, -14.9992085
1555.5999999999676, -15.0572987, -15.0576515, -15.0565481, -15.0555592, -15.055727, -15.0583096, -15.0580759, -15.0603189, -15.0668926, -15.0682516
1555.6999999999675, -14.952713, -14.9588327, -14.9561043, -14.956356, -14.9550724, -14.9540911, -14.9539661, -14.9562635, -14.9564657, -14.954834
1555.7999999999674, -15.1202669, -15.1402292, -15.1277647, -15.1320782, -15.1273422, -15.1265717, -15.1211338, -15.1195459, -15.12708, -15.1384964
1555.8999999999673, -15.0651112, -15.051012, -15.0348539, -15.0332079, -15.0393715, -15.051774, -15.036252, -15.0344505, -15.0342226, -15.0342054
1555.9999999999673, -15.0544891, -14.9955263, -14.9739494, -14.9748173, -14.9781046, -14.979949, -14.9722672, -14.9843187, -14.9885216, -14.9863129
1556.0999999999672, -14.9061375, -14.9029541, -14.9006901, -14.9062395, -14.9103374, -14.9114943, -14.905364, -14.9025545, -14.9021521, -14.903429
1556.199999999967, -15.1863775, -15.1866598, -15.1927376, -15.1903944, -15.1860142, -15.1848249, -15.186161, -15.1873503, -15.1850395, -15.1827841
1556.299999999967, -14.8717928, -14.8716955, -14.8730631, -14.875926, -14.8768225, -14.8756018, -14.8742609, -14.8766994, -14.8746634, -14.8742857
1556.399999999967, -15.2181664, -15.2183027, -15.2193146, -15.2182999, -15.2201433, -15.2199535, -15.220336, -15.2193642, -15.2210398, -15.2250872
1556.4999999999668, -14.8476744, -14.8485403, -14.8477688, -14.8565569, -14.8535709, -14.8496828, -14.8467751, -14.846015, -14.8484831, -14.8479624
1556.5999999999667, -15.1391125, -15.1378956, -15.1386461, -15.1392326, -15.1452847, -15.1446781, -15.1403103, -15.1413889, -15.1461744, -15.1478491
1556.6999999999666, -14.8797274, -14.8814745, -14.893012, -14.8951464, -14.8989019, -14.8954096, -14.8841162, -14.8770895, -14.8770733, -14.879076
1556.7999999999665, -15.2095957, -15.2099543, -15.2116175, -15.2103415, -15.2106695, -15.2098427, -15.2110481, -15.2113743, -15.215724, -15.2122269
1556.8999999999664, -14.8151579, -14.8120337, -14.8106728, -14.809989, -14.811553, -14.8132782, -14.8157425, -14.8118296, -14.8121338, -14.8104305
1556.9999999999663, -15.0822983, -15.0845585, -15.0862036, -15.0809336, -15.0831394, -15.0874205, -15.0831318, -15.0823641, -15.0849075, -15.0833282
1557.0999999999663, -14.9056845, -14.9096375, -14.908637, -14.9099588, -14.9119663, -14.9126015, -14.9158926, -14.9171028, -14.912282, -14.9109211
1557.1999999999662, -15.3602638, -15.3600016, -15.3614511, -15.3638144, -15.3624601, -15.3618355, -15.360055, -15.3573523, -15.3563833, -15.3561392
1557.299999999966, -15.0066872, -15.0059166, -15.0050116, -15.0047102, -15.0044184, -15.0048933, -15.0049753, -15.0068588, -15.0039091, -15.0019808
1557.399999999966, -14.9717445, -14.9766665, -14.9760685, -14.9734344, -14.9694433, -14.9652739, -14.9685678, -14.9670362, -14.9686308, -14.9657507
1557.499999999966, -14.9520311, -14.9513407, -14.9492826, -14.9494934, -14.9508495, -14.9525099, -14.9534206, -14.9527206, -14.9536104, -14.9585667
1557.5999999999658, -15.003644, -15.0022793, -15.0043888, -15.0105476, -15.0182905, -15.0174694, -15.0199661, -15.0139999, -15.0101566, -15.0064726
1557.6999999999657, -14.9913301, -15.0202904, -15.0851393, -15.1118374, -15.0949745, -15.0238543, -15.0100803, -15.0483294, -15.0476913, -14.9957952
1557.7999999999656, -14.984972, -14.9850845, -14.9885397, -15.0109854, -15.0064659, -15.0098658, -14.9986963, -14.9869957, -14.9788847, -15.0040827
1557.8999999999655, -14.9029408, -14.9055357, -14.9067554, -14.9094687, -14.9099503, -14.9163151, -14.9269781, -14.9400969, -14.959486, -14.9511776
1557.9999999999654, -14.8091106, -14.8105783, -14.8142872, -14.8514481, -14.8226557, -14.8155565, -14.8091774, -14.8084993, -14.8076572, -14.807435
1558.0999999999653, -15.1324434, -15.1279325, -15.1195841, -15.1171932, -15.1183891, -15.1188116, -15.1183386, -15.1192131, -15.1209059, -15.1237383
1558.1999999999653, -14.7666311, -14.7712154, -14.7687845, -14.767334, -14.7651272, -14.7662697, -14.7649612, -14.7657499, -14.7670469, -14.7653751
1558.2999999999652, -15.0492506, -15.0641518, -15.0811195, -15.076231, -15.0752678, -15.0593834, -15.0528164, -15.0581493, -15.0527287, -15.0483418
1558.399999999965, -14.6869831, -14.6871605, -14.6868887, -14.6872463, -14.6871624, -14.6870365, -14.6862164, -14.6864672, -14.6875944, -14.6888514
1558.499999999965, -15.0581446, -15.0530195, -15.0523481, -15.0524864, -15.053647, -15.0526962, -15.0521812, -15.0528631, -15.0525494, -15.0539427
1558.599999999965, -14.711237, -14.7158995, -14.7143049, -14.7118778, -14.7113371, -14.7159739, -14.7191916, -14.7197132, -14.7182512, -14.7141457
1558.6999999999648, -15.0037508, -15.0010843, -15.0010643, -15.0019817, -15.0019283, -15.0042715, -15.0043468, -15.0028706, -15.0017443, -15.001359
1558.7999999999647, -14.6439486, -14.6443777, -14.6446276, -14.6474447, -14.6469345, -14.6470795, -14.6475725, -14.648406, -14.6512642, -14.6555996
1558.8999999999646, -14.9366121, -14.9277716, -14.9122286, -14.9487181, -15.0004377, -14.991498, -14.9792414, -14.9570541, -14.9422388, -14.9504538
1558.9999999999645, -14.7847176, -14.7862415, -14.7871017, -14.7863121, -14.7922449, -14.794817, -14.7931309, -14.7858515, -14.7924881, -14.7984695
1559.0999999999644, -14.9473858, -14.9536409, -14.9302139, -14.9121027, -14.9209461, -14.9158401, -14.906621, -14.9002676, -14.9070358, -14.9195852
1559.1999999999643, -14.7547455, -14.7548227, -14.7551966, -14.7541304, -14.7559214, -14.7560368, -14.755415, -14.7549467, -14.7575798, -14.7572212
1559.2999999999643, -14.7898684, -14.8106623, -14.7952442, -14.7857599, -14.7903337, -14.7853823, -14.7804184, -14.7795515, -14.7761126, -14.7750664
1559.3999999999642, -14.9880152, -14.9844217, -14.9850645, -14.9823322, -14.9842777, -14.9837027, -14.9861326, -15.0413952, -15.1273069, -15.0727816
1559.499999999964, -14.8875904, -14.8867617, -14.8898182, -14.8905334, -14.8874464, -14.8895454, -14.8953323, -14.8976507, -14.8929558, -14.8840094
1559.599999999964, -14.7013445, -14.7007608, -14.699975, -14.6994953, -14.7009735, -14.6991043, -14.7003384, -14.6998968, -14.7020922, -14.7030439
1559.699999999964, -14.7279778, -14.7245579, -14.7218161, -14.7182503, -14.7160206, -14.7137423, -14.7114782, -14.7114334, -14.7124672, -14.7117395
1559.7999999999638, -14.8048716, -14.8059006, -14.8074284, -14.8079329, -14.809104, -14.8107338, -14.813448, -14.816782, -14.821847, -14.8210087
1559.8999999999637, -14.6145, -14.6107674, -14.6088047, -14.6081276, -14.6073637, -14.6077452, -14.6092577, -14.6087713, -14.608592, -14.6091404
1559.9999999999636, -14.9432573, -14.9417372, -14.9323645, -14.9252033, -14.9241629, -14.9246178, -14.9250164, -14.9271498, -14.9273567, -14.9265156
1560.0999999999635, -14.5651255, -14.5684748, -14.5678091, -14.5684919, -14.5699072, -14.5707493, -14.5686169, -14.5685043, -14.5756149, -14.5675964
1560.1999999999634, -14.8020229, -14.8020754, -14.8035412, -14.8022394, -14.8007965, -14.801465, -14.8021221, -14.8029594, -14.8021116, -14.8022671
1560.2999999999633, -14.5174522, -14.5167122, -14.5176439, -14.51756, -14.5159998, -14.5175486, -14.5173302, -14.5171309, -14.5164461, -14.5170555
1560.3999999999633, -14.8521719, -14.8527746, -14.8519773, -14.8524704, -14.8542595, -14.8529549, -14.8519373, -14.8524256, -14.8525457, -14.8529778
1560.4999999999632, -14.5462666, -14.5472727, -14.5470467, -14.5453873, -14.5442524, -14.5451603, -14.5448999, -14.5444365, -14.5422182, -14.5385809
1560.599999999963, -14.8634062, -14.8627176, -14.8618975, -14.8619251, -14.8622456, -14.8633995, -14.8677206, -14.8677368, -14.8664789, -14.867775
1560.699999999963, -14.5370131, -14.5385323, -14.5368481, -14.5356388, -14.5364561, -14.537302, -14.538517, -14.5359554, -14.5378284, -14.5384922
1560.799999999963, -14.7621794, -14.7599907, -14.7587881, -14.7596636, -14.7598362, -14.7585611, -14.7595367, -14.758214, -14.7592525, -14.7588968
1560.8999999999628, -14.6275415, -14.6295605, -14.6311522, -14.6273527, -14.6262712, -14.6259937, -14.6274385, -14.6282063, -14.626524, -14.625452
1560.9999999999627, -14.76544, -14.7627478, -14.7621012, -14.7632113, -14.7633533, -14.7623301, -14.7617941, -14.7622757, -14.7620802, -14.7625847
1561.0999999999626, -14.572298, -14.571167, -14.5719194, -14.5742788, -14.5762749, -14.5743523, -14.5723524, -14.5719357, -14.5721922, -14.5749245
1561.1999999999625, -14.6903687, -14.6912785, -14.6933098, -14.6907692, -14.6905737, -14.690546, -14.6902819, -14.6926022, -14.695406, -14.6945839
1561.2999999999624, -14.5963373, -14.5951004, -14.5951948, -14.5955849, -14.5962057, -14.5958986, -14.5961618, -14.5955143, -14.5960274, -14.5962944
1561.3999999999623, -14.7428894, -14.7491407, -14.7444096, -14.7383575, -14.7342939, -14.7335815, -14.7373619, -14.7343969, -14.736105, -14.73423
1561.4999999999623, -14.7062874, -14.7120876, -14.7167616, -14.7834349, -14.7565413, -14.7416935, -14.7299385, -14.729475, -14.7298212, -14.7300863
1561.5999999999622, -14.6724358, -14.6666727, -14.6750183, -14.6727219, -14.670228, -14.6664658, -14.6612492, -14.6603069, -14.660409, -14.7671871
1561.699999999962, -14.7866688, -14.7863779, -14.789525, -14.7889566, -14.7873774, -14.788518, -14.7877407, -14.788579, -14.7876244, -14.7886286
1561.799999999962, -14.483181, -14.4814644, -14.4824991, -14.4831829, -14.4838839, -14.4832525, -14.4836702, -14.4835386, -14.4828053, -14.4863243
1561.899999999962, -14.8302879, -14.8302526, -14.8299923, -14.8314695, -14.8333817, -14.8330927, -14.8339691, -14.8341141, -14.8322563, -14.8328438
1561.9999999999618, -14.5049582, -14.5049763, -14.5055208, -14.5061903, -14.5063143, -14.5045824, -14.5039377, -14.5039368, -14.503912, -14.5054274
1562.0999999999617, -14.7520161, -14.7490702, -14.7523031, -14.7512598, -14.751688, -14.7610388, -14.7771387, -14.7731581, -14.765069, -14.7582512
1562.1999999999616, -14.5022602, -14.5023193, -14.4997778, -14.5006332, -14.5005474, -14.4982214, -14.4996023, -14.4998198, -14.499918, -14.4985256
1562.2999999999615, -14.8545361, -14.8559856, -14.8555565, -14.8558855, -14.8556747, -14.8583803, -14.8693256, -14.8697596, -14.8584938, -14.8560467
1562.3999999999614, -14.5019121, -14.5037689, -14.5115843, -14.5401163, -14.5254374, -14.5137072, -14.5086164, -14.5070581, -14.51019, -14.5153246
1562.4999999999613, -14.7629204, -14.7666693, -14.7574015, -14.75597, -14.7559719, -14.7566099, -14.7562819, -14.7564383, -14.7555494, -14.7547083
1562.5999999999613, -14.5270615, -14.5259485, -14.5276175, -14.5291271, -14.5299835, -14.5289373, -14.5306292, -14.5280695, -14.5287304, -14.5263548
1562.6999999999612, -14.673912, -14.6551256, -14.6637964, -14.6655235, -14.6650877, -14.6639347, -14.6725512, -14.6671352, -14.6685419, -14.6913977
1562.799999999961, -14.5649996, -14.5647717, -14.563756, -14.5642071, -14.5644035, -14.5648613, -14.5634079, -14.5641193, -14.5624199, -14.5618458
1562.899999999961, -14.7179794, -14.71842, -14.7207661, -14.7211885, -14.7220984, -14.750083, -14.7407198, -14.7252102, -14.7225456, -14.7198687
1562.999999999961, -14.5163965, -14.5179815, -14.5193071, -14.518405, -14.5179243, -14.5187874, -14.5251551, -14.5252972, -14.5246649, -14.5236902
1563.0999999999608, -14.6715384, -14.6703978, -14.6707201, -14.6694145, -14.6705322, -14.6690474, -14.6687403, -14.6682224, -14.6673517, -14.667387
1563.1999999999607, -14.6213331, -14.6274996, -14.6315441, -14.6344385, -14.6394911, -14.6372156, -14.6407881, -14.6406565, -14.642231, -14.6443567
1563.2999999999606, -14.5953684, -14.5913715, -14.5884151, -14.5863724, -14.5840149, -14.5813169, -14.5807924, -14.5793753, -14.578743, -14.5771494
1563.3999999999605, -14.7525949, -14.7547598, -14.7553692, -14.754837, -14.7553272, -14.7536621, -14.7554302, -14.7543106, -14.7550964, -14.7553749
1563.4999999999604, -14.4227781, -14.4226713, -14.4217157, -14.4217253, -14.4221916, -14.4226112, -14.4226446, -14.4217758, -14.4211597, -14.4223709
1563.5999999999603, -14.7349949, -14.7340031, -14.7352133, -14.7348022, -14.7335443, -14.7338448, -14.7342529, -14.7342367, -14.735034, -14.7343292
1563.6999999999603, -14.4036999, -14.4032421, -14.4037857, -14.4028912, -14.4046249, -14.4043417, -14.404376, -14.4039812, -14.4031677, -14.4043865
1563.7999999999602, -14.7915659, -14.7918758, -14.7912846, -14.7926693, -14.7921839, -14.7909765, -14.7911139, -14.7903023, -14.791647, -14.7872419
1563.89999999996, -14.4344635, -14.4345894, -14.4361315, -14.4351816, -14.4362669, -14.4365473, -14.4364281, -14.4354534, -14.4355421, -14.4371109
1563.99999999996, -14.7018585, -14.7160225, -14.7032509, -14.7123032, -14.7012157, -14.6995821, -14.70889, -14.715107, -14.7191572, -14.720562
1564.09999999996, -14.4274864, -14.4275389, -14.4284716, -14.4279852, -14.4289865, -14.4278069, -14.4309778, -14.4300861, -14.427494, -14.4307394
1564.1999999999598, -14.7782574, -14.7756319, -14.7714396, -14.7695446, -14.7682152, -14.7699156, -14.7677994, -14.7672825, -14.766777, -14.7639427
1564.2999999999597, -14.4987049, -14.500411, -14.5013924, -14.5008163, -14.5007133, -14.500082, -14.5000868, -14.500185, -14.4997406, -14.500721
1564.3999999999596, -14.5963888, -14.597332, -14.5971975, -14.5983696, -14.5988121, -14.5992451, -14.599493, -14.597682, -14.5998516, -14.5995693
1564.4999999999595, -14.4886475, -14.4887114, -14.4899969, -14.489399, -14.4901075, -14.4895039, -14.4900103, -14.4901915, -14.489871, -14.4896421
1564.5999999999594, -14.5543499, -14.5557642, -14.5555172, -14.5578613, -14.5583954, -14.5580187, -14.5574722, -14.5554056, -14.5548677, -14.5572701
1564.6999999999593, -14.5314569, -14.533473, -14.5318165, -14.5333061, -14.532094, -14.5304136, -14.5317535, -14.5328007, -14.5322409, -14.5318403
1564.7999999999593, -14.6013641, -14.6015596, -14.602066, -14.5996227, -14.6004543, -14.6009378, -14.6007605, -14.6007814, -14.600976, -14.6021786
1564.8999999999592, -14.4641085, -14.463665, -14.4646063, -14.4647141, -14.4645233, -14.4651442, -14.4648075, -14.4654036, -14.4639902, -14.459981
1564.999999999959, -14.4680424, -14.4680586, -14.4653664, -14.4624691, -14.4595919, -14.4565611, -14.4536533, -14.4516649, -14.4508085, -14.4484539
1565.099999999959, -14.6600075, -14.6628189, -14.6665535, -14.6685886, -14.6709852, -14.6694345, -14.6708546, -14.6715031, -14.6723337, -14.6732817
1565.199999999959, -14.3668594, -14.3681068, -14.3674793, -14.36866, -14.3686018, -14.3680944, -14.3695736, -14.3698769, -14.3686361, -14.3704519
1565.2999999999588, -14.6592426, -14.6591282, -14.6594143, -14.6598902, -14.6602678, -14.66078, -14.6601315, -14.6597185, -14.6581392, -14.6586018
1565.3999999999587, -14.2815886, -14.2831879, -14.2835608, -14.2866478, -14.2853012, -14.2849989, -14.2844505, -14.283494, -14.2836428, -14.2839947
1565.4999999999586, -14.6497507, -14.6498642, -14.6500692, -14.6493111, -14.6481915, -14.6492462, -14.6498547, -14.6494961, -14.6483555, -14.6469202
1565.5999999999585, -14.2968245, -14.2982321, -14.2982473, -14.2979259, -14.2978268, -14.2979059, -14.2966728, -14.2967911, -14.2979288, -14.2979183
1565.6999999999584, -14.6824064, -14.6814833, -14.6820316, -14.6818504, -14.6802349, -14.6819792, -14.6838646, -14.6829004, -14.68225, -14.6839724
1565.7999999999583, -14.2631073, -14.2626619, -14.264267, -14.2651606, -14.2646818, -14.2638779, -14.2645063, -14.2654533, -14.2652292, -14.2649794
1565.8999999999583, -14.57166, -14.5701427, -14.5649815, -14.5609169, -14.5632811, -14.5615711, -14.5620375, -14.562727, -14.5611048, -14.5597944
1565.9999999999582, -14.3385248, -14.3429432, -14.3440294, -14.3447294, -14.3459854, -14.3517418, -14.3510256, -14.3512001, -14.351572, -14.350091
1566.099999999958, -17.0389099, -17.1322975, -17.1920567, -17.2654572, -17.313076, -17.3687897, -17.4146652, -17.4509392, -17.4858131, -17.5214634
1566.199999999958, -14.4400997, -14.4418335, -14.443141, -14.4417667, -14.4423904, -14.4441099, -14.442502, -14.4434042, -14.4437342, -14.4431047
1566.299999999958, -14.3783808, -14.37819, -14.3778734, -14.3784828, -14.3784122, -14.3798027, -14.3804779, -14.3802423, -14.3806438, -14.3800402
1566.3999999999578, -14.4848881, -14.4863501, -14.4817228, -14.476635, -14.4649162, -14.4622602, -14.4662237, -14.4669409, -14.4608173, -14.4558544
1566.4999999999577, -14.398797, -14.3996229, -14.3997393, -14.3992357, -14.398982, -14.4002457, -14.399765, -14.3997517, -14.3971653, -14.3972321
1566.5999999999576, -14.4847317, -14.4852886, -14.484458, -14.4849796, -14.4841108, -14.4844608, -14.4853506, -14.4856825, -14.4856482, -14.484951
1566.6999999999575, -14.3833218, -14.3847179, -14.3863106, -14.3865261, -14.3840065, -14.3846693, -14.383482, -14.3843241, -14.3846369, -14.3853674
1566.7999999999574, -14.4773598, -14.4791985, -14.481493, -14.4855776, -14.4885292, -14.491396, -14.4921303, -14.4916401, -14.4929886, -14.4951878
1566.8999999999573, -14.237627, -14.2371473, -14.2345858, -14.2347326, -14.2363071, -14.2360001, -14.235218, -14.2354107, -14.235384, -14.2368231
1566.9999999999573, -14.6074524, -14.6065922, -14.6077604, -14.6060019, -14.6061316, -14.6060362, -14.6069183, -14.6080847, -14.6071291, -14.6074648
1567.0999999999572, -14.245038, -14.2463102, -14.2444239, -14.2439985, -14.2453747, -14.2462959, -14.2449427, -14.2452421, -14.2450981, -14.2418203
1567.199999999957, -14.5505247, -14.5502291, -14.5498419, -14.5505295, -14.5521832, -14.5506773, -14.5497322, -14.5509176, -14.5522738, -14.5538521
1567.299999999957, -14.2584333, -14.2610197, -14.2613544, -14.2615166, -14.2617912, -14.2598696, -14.2585573, -14.2598133, -14.2615337, -14.26229
1567.399999999957, -14.6150293, -14.6123199, -14.6153278, -14.6168098, -14.6164246, -14.613102, -14.6088438, -14.6082458, -14.6155128, -14.6154976
1567.4999999999568, -14.2831192, -14.2841921, -14.2812195, -14.2784252, -14.2772713, -14.2798443, -14.2794752, -14.2810774, -14.283205, -14.2840948
1567.5999999999567, -14.5971832, -14.5973282, -14.5971451, -14.592947, -14.5887537, -14.5891323, -14.5861168, -14.5828428, -14.5945044, -14.6008348
1567.6999999999566, -14.2630415, -14.2649355, -14.2646322, -14.2693691, -14.2734089, -14.2770891, -14.2770615, -14.2800779, -14.280942, -14.2813349
1567.7999999999565, -14.394146, -14.3915415, -14.3906136, -14.3867874, -14.385972, -14.3834085, -14.3824902, -14.3815289, -14.3815413, -14.3804798
1567.8999999999564, -14.455328, -14.455862, -14.4553499, -14.4570866, -14.4580688, -14.4595909, -14.4599657, -14.4602089, -14.4600067, -14.4592285
1567.9999999999563, -14.38134, -14.381525, -14.381588, -14.3820667, -14.3819046, -14.3806295, -14.3828344, -14.3824921, -14.3826609, -14.3819036
1568.0999999999563, -14.4995413, -14.5010176, -14.499074, -14.5011482, -14.501008, -14.5016317, -14.5000687, -14.4977722, -14.495883, -14.497179
1568.1999999999562, -14.2897577, -14.2923889, -14.2932777, -14.2932158, -14.2930412, -14.2926235, -14.2929134, -14.292758, -14.2931604, -14.293951
1568.299999999956, -14.6030827, -14.6035833, -14.6020718, -14.603343, -14.6046171, -14.6043749, -14.6023922, -14.5967388, -14.6017122, -14.6045437
1568.399999999956, -14.3464718, -14.3455334, -14.3447742, -14.3463039, -14.345293, -14.3485804, -14.3484402, -14.3478432, -14.3472929, -14.3476219
1568.499999999956, -14.5912027, -14.5916462, -14.5914268, -14.5919304, -14.5900211, -14.5883217, -14.5884695, -14.5874805, -14.58144, -14.5808783
1568.5999999999558, -14.2491589, -14.2492523, -14.2487736, -14.2455578, -14.2280092, -14.2413044, -14.2477322, -14.2444725, -14.2441063, -14.2439022
1568.6999999999557, -14.5376949, -14.5363474, -14.533246, -14.5311012, -14.5343962, -14.5341034, -14.5334826, -14.5352678, -14.5367165, -14.5372057
1568.7999999999556, -14.2497835, -14.25035, -14.2508183, -14.2507811, -14.2496128, -14.2492275, -14.249259, -14.2496548, -14.2521963, -14.251586
1568.8999999999555, -14.6069317, -14.6048756, -14.5878429, -14.5991812, -14.6051245, -14.6066341, -14.6127014, -14.6129856, -14.6150427, -14.6165085
1568.9999999999554, -14.3311949, -14.330431, -14.3297472, -14.3296537, -14.3295031, -14.3178635, -14.2914219, -14.3118887, -14.3221207, -14.3292656
1569.0999999999553, -14.5093145, -14.5119419, -14.5139713, -14.5151405, -14.5135603, -14.5165577, -14.5108118, -14.50354, -14.5057316, -14.5098991
1569.1999999999553, -14.3124123, -14.3151846, -14.3144016, -14.3142319, -14.3151722, -14.3162746, -14.3169184, -14.3166208, -14.3156691, -14.316556
1569.2999999999552, -14.5670652, -14.566453, -14.5661488, -14.5665207, -14.5679779, -14.5665512, -14.5672636, -14.5669222, -14.5674715, -14.5669079
1569.399999999955, -14.3738785, -14.3759689, -14.3751879, -14.3789864, -14.3800879, -14.3788519, -14.3766165, -14.3781414, -14.3811712, -14.3745871
1569.499999999955, -14.4785271, -14.4775438, -14.4732027, -14.4735889, -14.4692163, -14.471489, -14.4682693, -14.4643183, -14.4621553, -14.4507217
1569.599999999955, -14.4545908, -14.4537315, -14.4553108, -14.4548006, -14.45432, -14.4551144, -14.4558716, -14.451952, -14.3989954, -14.3508091
1569.6999999999548, -14.274375, -14.2777214, -14.2801275, -14.2780342, -14.2777472, -14.2791777, -14.2776489, -14.2685242, -14.266881, -14.2728987
1569.7999999999547, -14.6229982, -14.623641, -14.6225328, -14.6217585, -14.6186438, -14.6199741, -14.6189747, -14.6090631, -14.596715, -14.580265
1569.8999999999546, -14.3313465, -14.331296, -14.3310146, -14.3306179, -14.3310852, -14.3311462, -14.3306551, -14.3309937, -14.3294468, -14.3294783
1569.9999999999545, -14.5905924, -14.5908203, -14.5912313, -14.5919352, -14.5928783, -14.5921078, -14.5913601, -14.5932617, -14.5935478, -14.5923767
1570.0999999999544, -14.2356701, -14.2206764, -14.1810026, -14.2234583, -14.2373447, -14.2376728, -14.2388964, -14.2405367, -14.2391987, -14.2427406
1570.1999999999543, -14.6028662, -14.6021109, -14.6027641, -14.6020613, -14.6024418, -14.6032429, -14.6042309, -14.60361, -14.6038132, -14.6035748
1570.2999999999543, -14.2491398, -14.2480402, -14.2469482, -14.2454948, -14.2457933, -14.2463331, -14.2459517, -14.2450457, -14.2458515, -14.2436037
1570.3999999999542, -14.6326303, -14.6366119, -14.6345158, -14.6337414, -14.6294718, -14.6295319, -14.6315689, -14.6332893, -14.6330357, -14.6312656
1570.499999999954, -14.2304659, -14.2300692, -14.2333441, -14.2333431, -14.2341623, -14.2360134, -14.2357855, -14.2357397, -14.2353382, -14.2358227
1570.599999999954, -14.8163404, -14.8161755, -14.8166676, -14.8137732, -14.8102531, -14.8099623, -14.8107595, -14.8101883, -14.8085699, -14.8079729
1570.699999999954, -14.3767548, -14.3775225, -14.3750744, -14.3748598, -14.3764868, -14.3768759, -14.376214, -14.3751736, -14.3747015, -14.372961
1570.7999999999538, -14.5024729, -14.5005274, -14.4992313, -14.5033941, -14.5071945, -14.5069017, -14.5056562, -14.5040827, -14.5046854, -14.5078802
1570.8999999999537, -14.4045115, -14.4070425, -14.4068117, -14.4061003, -14.4067116, -14.4068422, -14.4066038, -14.4064837, -14.404459, -14.4024811
1570.9999999999536, -14.3707294, -14.3759413, -14.3770027, -14.3756886, -14.3745518, -14.3763466, -14.3765068, -14.3754797, -14.3763361, -14.3751822
1571.0999999999535, -14.3999071, -14.3998499, -14.4005775, -14.3998976, -14.3993511, -14.3998528, -14.3994379, -14.3984575, -14.3984356, -14.400322
1571.1999999999534, -14.358634, -14.3601637, -14.3596621, -14.3588381, -14.35989, -14.3587284, -14.3576651, -14.3595428, -14.3572235, -14.3562984
1571.2999999999533, -14.4768257, -14.480032, -14.4849701, -14.4872255, -14.4877415, -14.4880199, -14.4908257, -14.4898376, -14.4911499, -14.492238
1571.3999999999533, -14.1916885, -14.1914978, -14.1923676, -14.1890678, -14.1860495, -14.1858263, -14.1874313, -14.1893787, -14.1907043, -14.1905708
1571.4999999999532, -14.478013, -14.478446, -14.4779673, -14.4777794, -14.480196, -14.4815168, -14.4823084, -14.4816637, -14.4744921, -14.4773836
1571.599999999953, -14.1703043, -14.1726933, -14.1732187, -14.1750336, -14.1750154, -14.1710243, -14.1707869, -14.1740589, -14.1750774, -14.1741667
1571.699999999953, -14.6271334, -14.6271152, -14.6264925, -14.6268244, -14.6247921, -14.6239071, -14.62428, -14.6231337, -14.6242971, -14.6252451
1571.799999999953, -14.2091923, -14.2101631, -14.2097254, -14.2097063, -14.2053909, -14.2099104, -14.209878, -14.2061491, -14.2046509, -14.2059584
1571.8999999999528, -14.4703379, -14.4657059, -14.4668112, -14.466857, -14.466713, -14.4658642, -14.4679365, -14.4687147, -14.4672661, -14.46628
1571.9999999999527, -14.149312, -14.1498508, -14.150445, -14.1504984, -14.1511221, -14.1508102, -14.150156, -14.148695, -14.1492367, -14.1487942
1572.0999999999526, -14.5083332, -14.5102978, -14.5104418, -14.5110426, -14.5070124, -14.5033798, -14.5022259, -14.5023279, -14.5068512, -14.5028667
1572.1999999999525, -14.2252073, -14.2070599, -14.222064, -14.2352495, -14.2356415, -14.2390461, -14.2400846, -14.2426262, -14.2448168, -14.2440081
1572.2999999999524, -14.3557854, -14.3309031, -14.3120461, -14.2999411, -14.3053455, -14.2639475, -14.2243814, -14.156105, -14.1626863, -14.2139759
1572.3999999999523, -14.1605282, -14.2316418, -14.2486124, -14.2536621, -14.2562733, -14.2579489, -14.2499409, -14.247406, -14.2409105, -14.2523584
1572.4999999999523, -14.2091198, -14.2072763, -14.2062607, -14.2048149, -14.2024508, -14.1886988, -14.1924, -14.2015839, -14.2035856, -14.2013798
1572.5999999999522, -14.4331207, -14.4319468, -14.4306107, -14.4312563, -14.4292126, -14.4236736, -14.4236183, -14.4267435, -14.4297142, -14.429903
1572.699999999952, -14.2225819, -14.2245188, -14.1724091, -14.2631311, -14.2184448, -14.1096411, -14.1518745, -14.1952438, -14.195117, -14.2063484
1572.799999999952, -14.4037457, -14.4047165, -14.4026842, -14.3968115, -14.3899879, -14.3963013, -14.4015112, -14.4048653, -14.4061842, -14.4047546
1572.899999999952, -14.076519, -14.0767241, -14.0755234, -14.0737057, -14.074295, -14.0769701, -14.0753746, -14.0733042, -14.0746365, -14.0740042
1572.9999999999518, -14.4099417, -14.4100418, -14.410614, -14.4093466, -14.4075089, -14.4096508, -14.410387, -14.4095526, -14.4093475, -14.408246
1573.0999999999517, -14.0510101, -14.0520172, -14.0522985, -13.919713, -13.9131737, -13.9866056, -13.9916058, -13.9866877, -14.0187778, -14.0290127
1573.1999999999516, -14.4614792, -14.4635906, -14.4675808, -14.4692183, -14.4670095, -14.4635439, -14.4707155, -14.4722376, -14.4727306, -14.471983
1573.2999999999515, -14.0471754, -14.0474834, -14.0450382, -14.0277519, -14.0399036, -14.0381174, -14.0414829, -14.044734, -14.0475492, -14.0478363
1573.3999999999514, -14.2647362, -14.2626171, -14.2689676, -14.2692299, -14.2629137, -14.252388, -14.2558718, -14.2746153, -14.2682314, -14.2592182
1573.4999999999513, -14.1087198, -14.1071377, -14.1049757, -14.1068449, -14.1078539, -14.1084547, -14.1088743, -14.1076059, -14.1064768, -14.1026726
1573.5999999999513, -14.3393965, -14.336257, -14.3293247, -14.3324375, -14.3382435, -14.3412743, -14.3406639, -14.341836, -14.3361959, -14.3317833
1573.6999999999512, -14.1453905, -14.1442337, -14.1404505, -14.1451435, -14.1444864, -14.1428347, -14.1419811, -14.1391239, -14.1415367, -14.1438379
1573.799999999951, -14.1966534, -14.1956425, -14.1955643, -14.1956062, -14.1971302, -14.1972733, -14.1971569, -14.1959276, -14.1957922, -14.1964588
1573.899999999951, -14.198595, -14.1966591, -14.193532, -14.1587067, -14.1846724, -14.1949902, -14.197546, -14.1968975, -14.1952429, -14.1908693
1573.999999999951, -14.1169758, -14.1097546, -14.1132336, -14.1115103, -14.1121006, -14.1124926, -14.1104393, -14.1089334, -14.1076422, -14.1059742
1574.0999999999508, -14.4158802, -14.4170418, -14.4169636, -14.4158525, -14.4193878, -14.4208269, -14.4184151, -14.4203234, -14.4197168, -14.416873
1574.1999999999507, -14.0735588, -14.0706263, -14.0711126, -14.0662127, -14.070014, -14.0701981, -14.0720196, -14.0714788, -14.0703554, -14.0684309
1574.2999999999506, -14.3312559, -14.3308496, -14.3297882, -14.3305874, -14.3265829, -14.3268299, -14.3273563, -14.3244638, -14.3248425, -14.3267307
1574.3999999999505, -13.9841166, -13.9826164, -13.9838867, -13.9834061, -13.9786234, -13.9738255, -13.9776793, -13.9811792, -13.9830427, -13.9829006
1574.4999999999504, -14.4342279, -14.4337082, -14.4334698, -14.4322681, -14.4288292, -14.431447, -14.4314442, -14.4310694, -14.4311562, -14.4308567
1574.5999999999503, -14.027524, -14.0258465, -14.0248652, -14.0224333, -14.0249395, -14.0279131, -14.0284605, -14.0275869, -14.0282831, -14.0265741
1574.6999999999503, -14.3136482, -14.2934008, -14.2817039, -14.3164654, -14.3427925, -14.3576889, -14.3615475, -14.3624144, -14.3612871, -14.3614874
1574.7999999999502, -14.0169611, -14.0151033, -14.0197191, -14.0192528, -14.0180845, -14.0187397, -14.0199833, -14.0222397, -14.021472, -14.0161343
1574.89999999995, -14.3222599, -14.318923, -14.316925, -14.3138418, -14.3132582, -14.3128834, -14.309371, -14.309947, -14.3081408, -14.3058395
1574.99999999995, -14.2213278, -14.2220106, -14.2198515, -14.2216692, -14.222127, -14.2212286, -14.2172327, -14.2206106, -14.2222929, -14.2225752
1575.09999999995, -15.043252, -15.0421257, -15.0379868, -15.0384083, -15.0344801, -15.0308971, -15.0318661, -15.0276804, -15.0256224, -15.0258284
1575.1999999999498, -14.2577238, -14.2616472, -14.2721386, -14.2764044, -14.278017, -14.276145, -14.2770329, -14.2713213, -14.269371, -14.2721491
1575.2999999999497, -14.1323977, -14.1330652, -14.1247978, -13.9952345, -14.0388632, -14.053484, -14.100668, -14.1214638, -14.1224546, -14.1261911
1575.3999999999496, -14.3721571, -14.3719597, -14.3697662, -14.3697796, -14.3701286, -14.3709869, -14.3713284, -14.3722887, -14.3715687, -14.3690205
1575.4999999999495, -14.1455078, -14.1454868, -14.1450272, -14.1448164, -14.146142, -14.1453457, -14.1456661, -14.1392841, -14.1457176, -14.14748
1575.5999999999494, -14.3612318, -14.3622828, -14.3609486, -14.361989, -14.3614559, -14.3627453, -14.3637123, -14.3646078, -14.3634472, -14.3641367
1575.6999999999493, -14.0363483, -14.035718, -14.0356102, -14.0341587, -14.0336227, -14.0337534, -14.0366182, -14.0365524, -14.0359888, -14.0352716
1575.7999999999493, -14.3794565, -14.380599, -14.3781195, -14.3771038, -14.3712482, -14.3749161, -14.3768568, -14.3802204, -14.3786545, -14.3739939
1575.8999999999492, -14.0553894, -14.0566654, -14.057332, -14.0567341, -14.0567694, -14.0571985, -14.0567093, -14.0572586, -14.058095, -14.0573092
1575.999999999949, -14.4980917, -14.4932814, -14.4928875, -14.4934816, -14.4916973, -14.496769, -14.4949961, -14.4955587, -14.4957342, -14.4938297
1576.099999999949, -14.0718794, -14.0779572, -14.0735788, -14.0706453, -14.0753937, -14.0795088, -14.0811749, -14.0803156, -14.076685, -14.0704451
1576.199999999949, -14.2975721, -14.297122, -14.2988672, -14.300107, -14.2997713, -14.3011637, -14.2988691, -14.2979927, -14.2972126, -14.2967281
1576.2999999999488, -14.1339312, -14.1337233, -14.1335058, -14.1330948, -14.1334362, -14.132926, -14.1333752, -14.1323709, -14.1319447, -14.1334515
1576.3999999999487, -14.3458385, -14.3443718, -14.3461456, -14.3468809, -14.3460054, -14.3454504, -14.3444109, -14.3472338, -14.3465891, -14.3467407
1576.4999999999486, -14.1642094, -14.1667776, -14.1684361, -14.1682806, -14.1682873, -14.1675529, -14.1672087, -14.1676779, -14.1650095, -14.1614151
1576.5999999999485, -14.2193012, -14.2191315, -14.2204685, -14.2208605, -14.2225046, -14.2213898, -14.2229843, -14.2231321, -14.2245092, -14.2260456
1576.6999999999484, -14.2030849, -14.2004824, -14.2070532, -14.2064772, -14.2169247, -14.2183418, -14.2149992, -14.2178717, -14.217804, -14.2152958
1576.7999999999483, -14.0563097, -14.0507841, -14.0516291, -14.0490198, -14.048543, -14.0492296, -14.0489502, -14.0475874, -14.0464458, -14.0460157
1576.8999999999482, -14.4535675, -14.4560289, -14.4578562, -14.4572868, -14.4562731, -14.4549036, -14.4560871, -14.4540167, -14.4538174, -14.4561996
1576.9999999999482, -14.0365658, -14.0371714, -14.0313387, -14.0310078, -14.0318289, -14.0375996, -14.036561, -14.0360479, -14.0342054, -14.0325899
1577.099999999948, -14.2910891, -14.2953482, -14.2987328, -14.3036957, -14.3046303, -14.303196, -14.304594, -14.3045206, -14.3037977, -14.304059
1577.199999999948, -13.9302111, -13.9295816, -13.9288025, -13.9240484, -13.9244471, -13.9267035, -13.9262476, -13.927599, -13.9292059, -13.9292574
1577.2999999999479, -14.4077272, -14.4058819, -14.4052925, -14.4044085, -14.4050255, -14.4071064, -14.406209, -14.4045095, -14.4063473, -14.4055738
1577.3999999999478, -14.0678864, -14.0676174, -14.0688066, -14.0703125, -14.0691814, -14.0703678, -14.0700197, -14.0689335, -14.0675869, -14.0690775
1577.4999999999477, -14.3537931, -14.354084, -14.3551455, -14.3555069, -14.3542166, -14.3529663, -14.354682, -14.3562727, -14.3565168, -14.3571014
1577.5999999999476, -13.9810762, -13.9806442, -13.9832134, -13.9837532, -13.9833765, -13.984868, -13.9885416, -13.9893074, -13.9892654, -13.9869165
1577.6999999999475, -14.1050873, -14.1145897, -14.1254683, -14.1271124, -14.1254005, -14.1231394, -14.122736, -14.130641, -14.139926, -14.1415005
1577.7999999999474, -14.1827831, -14.1814642, -14.1793852, -14.1827755, -14.1833744, -14.184516, -14.1867933, -14.1853867, -14.1849794, -14.1850662
1577.8999999999473, -14.1466579, -14.1465416, -14.1449547, -14.1466684, -14.1444101, -14.1456728, -14.1466646, -14.1356487, -14.1323538, -14.1422672
1577.9999999999472, -14.1677494, -14.1687937, -14.1678448, -14.1676826, -14.167901, -14.1682825, -14.1686821, -14.1688309, -14.1673632, -14.1650152
1578.0999999999472, -13.8992434, -13.9077969, -13.9084606, -13.9074726, -13.908905, -13.9082365, -13.9095221, -13.9073153, -13.908536, -13.909667
1578.199999999947, -14.1982899, -14.1973667, -14.1969872, -14.1986504, -14.1988249, -14.1972399, -14.1981239, -14.1972408, -14.19662, -14.1951933
1578.299999999947, -13.9307356, -13.933568, -13.9354076, -13.9311752, -13.9324398, -13.9332256, -13.9324608, -13.9328136, -13.9319887, -13.932313
1578.3999999999469, -14.3330574, -14.3348045, -14.3367081, -14.3360701, -14.3380222, -14.3370514, -14.3360586, -14.3379784, -14.3400717, -14.3402901
1578.4999999999468, -13.8679667, -13.8668594, -13.8660049, -13.8677034, -13.8680553, -13.8666134, -13.8637257, -13.8638687, -13.8645325, -13.8635035
1578.5999999999467, -14.1838884, -14.1825352, -14.1805868, -14.1791668, -14.1815968, -14.1824198, -14.1788177, -14.1742945, -14.1783466, -14.1824932
1578.6999999999466, -13.8941851, -13.8954945, -13.8954659, -13.8958464, -13.8955297, -13.8957443, -13.8948412, -13.8943758, -13.8953457, -13.8974314
1578.7999999999465, -14.2667646, -14.2661724, -14.2656279, -14.2655392, -14.2639008, -14.2662649, -14.2660284, -14.2645645, -14.2637691, -14.2627392
1578.8999999999464, -13.9455967, -13.9443607, -13.9443474, -13.9447575, -13.9449978, -13.942605, -13.9432592, -13.9410715, -13.9431524, -13.9438095
1578.9999999999463, -14.0575228, -14.0583515, -14.0581417, -14.0571241, -14.0569, -14.0571404, -14.0571299, -14.0580091, -14.0570145, -14.0546961
1579.0999999999462, -13.9703188, -13.9691162, -13.9703264, -13.9703255, -13.9703951, -13.9706202, -13.9691343, -13.9706955, -13.9704285, -13.9697199
1579.1999999999462, -14.005372, -14.0047483, -14.0043526, -14.0041571, -14.0045729, -14.0034056, -14.0032988, -14.0034113, -14.003026, -14.0039148
1579.299999999946, -14.1711645, -14.1720123, -14.1752157, -14.1771183, -14.175581, -14.1758718, -14.1752558, -14.1759205, -14.1753807, -14.1775074
1579.399999999946, -13.9852238, -13.9818201, -13.9798889, -13.9824181, -13.9814949, -13.9808874, -13.9762888, -13.9770212, -13.9780655, -13.978797
1579.4999999999459, -14.1577406, -14.1566687, -14.1583414, -14.1564608, -14.1541252, -14.1528053, -14.1581326, -14.1594744, -14.1597052, -14.1594133
1579.5999999999458, -13.8431244, -13.8419971, -13.8401384, -13.8409662, -13.8400345, -13.8340845, -13.8279047, -13.833849, -13.8394384, -13.839797
1579.6999999999457, -14.3310728, -14.3311977, -14.3295059, -14.3293686, -14.3294926, -14.3288784, -14.3291388, -14.3306189, -14.328866, -14.3283291
1579.7999999999456, -13.8843756, -13.8792057, -13.8769674, -13.8798399, -13.8825321, -13.8837366, -13.881609, -13.883132, -13.8793154, -13.8791771
1579.8999999999455, -14.2337866, -14.2358627, -14.23629, -14.2333975, -14.2344522, -14.2333908, -14.2337084, -14.2335253, -14.2340651, -14.2298441
1579.9999999999454, -13.8426857, -13.8440418, -13.8434448, -13.8444986, -13.8451052, -13.8453579, -13.844243, -13.8417873, -13.8415327, -13.8458185
