wavelength_nm ,power_reading_0_dbm ,power_reading_1_dbm ,power_reading_2_dbm ,power_reading_3_dbm ,power_reading_4_dbm ,power_reading_5_dbm ,power_reading_6_dbm ,power_reading_7_dbm ,power_reading_8_dbm ,power_reading_9_dbm 
1550.5, -17.5142879, -17.5098724, -17.5041122, -17.5088482, -17.5153198, -17.517046, -17.5066128, -17.5044289, -17.5001717, -17.5041389
1550.51, -17.5201283, -17.5250969, -17.5510387, -17.5633907, -17.5589676, -17.5649948, -17.5673962, -17.567749, -17.5629368, -17.5699329
1550.52, -17.6257439, -17.6253052, -17.6264515, -17.6245556, -17.6237183, -17.6245651, -17.6232014, -17.6246548, -17.6232014, -17.6246853
1550.53, -17.6609535, -17.6590023, -17.6607609, -17.6610069, -17.6634922, -17.6592922, -17.662674, -17.6604462, -17.6589031, -17.6607876
1550.54, -17.692997, -17.6939507, -17.6934929, -17.6932831, -17.6956558, -17.6952229, -17.6940937, -17.6944256, -17.6968098, -17.6940174
1550.55, -17.7080421, -17.7072468, -17.7067089, -17.7087173, -17.7088795, -17.7072945, -17.7089691, -17.7085896, -17.7096939, -17.7074986
1550.56, -17.7016506, -17.7013416, -17.6996822, -17.6988182, -17.6998558, -17.7018261, -17.7031136, -17.7028427, -17.7024441, -17.701931
1550.57, -17.6803436, -17.6792755, -17.6779709, -17.676199, -17.6746597, -17.6774273, -17.678299, -17.677597, -17.6811142, -17.6816368
1550.58, -17.6458817, -17.6453209, -17.6448326, -17.6437855, -17.64118, -17.6410809, -17.6392021, -17.6413727, -17.6481361, -17.6479149
1550.59, -17.6135235, -17.6130962, -17.612009, -17.6133575, -17.6144695, -17.6141071, -17.612278, -17.6099262, -17.6085491, -17.6096058
1550.6, -17.5755177, -17.5759182, -17.5822086, -17.5806332, -17.5825939, -17.5825176, -17.581728, -17.5820084, -17.5810566, -17.5817089
1550.61, -17.5518818, -17.5554733, -17.5553894, -17.5548038, -17.556118, -17.5564346, -17.5556259, -17.5552502, -17.5565987, -17.5548401
1550.62, -17.5389462, -17.5374985, -17.5391865, -17.5373192, -17.5353241, -17.530159, -17.5339813, -17.5338898, -17.5371914, -17.5358047
1550.6299999999999, -17.5229874, -17.5223408, -17.5241127, -17.5216255, -17.5221748, -17.5207596, -17.5212021, -17.5220833, -17.5215092, -17.5225315
1550.6399999999999, -17.5225792, -17.5196476, -17.5209465, -17.517683, -17.5214405, -17.519207, -17.5214767, -17.5225887, -17.5226593, -17.5245667
1550.6499999999999, -17.5421524, -17.541214, -17.5430374, -17.5453568, -17.5465775, -17.5488129, -17.5471821, -17.5467453, -17.5477467, -17.5486622
1550.6599999999999, -17.5699501, -17.5729237, -17.570137, -17.570816, -17.572897, -17.5697155, -17.5704041, -17.5719166, -17.5738621, -17.5731525
1550.6699999999998, -17.6076488, -17.6125908, -17.6162014, -17.617569, -17.6179886, -17.6166592, -17.6180286, -17.6180763, -17.6185837, -17.6188488
1550.6799999999998, -17.6466389, -17.6494808, -17.646944, -17.6510277, -17.6469727, -17.6477413, -17.6489048, -17.6511383, -17.6525917, -17.6526394
1550.6899999999998, -17.7037811, -17.7024727, -17.7030067, -17.7026672, -17.7030773, -17.7004509, -17.7044678, -17.7030964, -17.7062321, -17.7073822
1550.6999999999998, -17.7560215, -17.7556953, -17.7570801, -17.7575245, -17.758503, -17.7621307, -17.7635956, -17.7636909, -17.7587624, -17.7545452
1550.7099999999998, -17.7982426, -17.7985668, -17.7975197, -17.8016224, -17.8021088, -17.8037243, -17.8014679, -17.7980175, -17.7909145, -17.7852783
1550.7199999999998, -17.8398533, -17.8367901, -17.839222, -17.8381901, -17.8360748, -17.8316879, -17.8347359, -17.8363495, -17.8336391, -17.8408165
1550.7299999999998, -17.8438416, -17.8481522, -17.8458099, -17.845562, -17.8482571, -17.8476429, -17.8391151, -17.8421478, -17.854023, -17.8522911
1550.7399999999998, -17.8471718, -17.8489342, -17.8506641, -17.8510571, -17.8462811, -17.8406677, -17.8393211, -17.843195, -17.8436222, -17.8457527
1550.7499999999998, -17.8400803, -17.8443241, -17.8507137, -17.8570366, -17.8617191, -17.8598366, -17.8559475, -17.8559418, -17.8557091, -17.8515892
1550.7599999999998, -17.8436832, -17.8501759, -17.8549938, -17.856142, -17.8549919, -17.8559189, -17.853096, -17.8486519, -17.8461075, -17.8458347
1550.7699999999998, -17.806427, -17.8106346, -17.814518, -17.8161373, -17.8156796, -17.8150959, -17.8139095, -17.8139496, -17.8143482, -17.8108006
1550.7799999999997, -17.8015041, -17.803072, -17.7991371, -17.7879887, -17.7885056, -17.7895641, -17.7894878, -17.7894554, -17.7949123, -17.8016911
1550.7899999999997, -17.8043785, -17.7989502, -17.7907448, -17.7841167, -17.7856598, -17.7927151, -17.7982674, -17.8045425, -17.8048668, -17.7962074
1550.7999999999997, -17.787426, -17.7755318, -17.7762451, -17.7770424, -17.7754211, -17.7785301, -17.7815971, -17.7788429, -17.77174, -17.7721233
1550.8099999999997, -17.8141613, -17.8165741, -17.8148918, -17.8183327, -17.8188019, -17.8122673, -17.8178234, -17.827219, -17.826746, -17.8223896
1550.8199999999997, -17.8858299, -17.8802357, -17.8759193, -17.8692265, -17.8607807, -17.8605423, -17.858387, -17.8591061, -17.8620892, -17.8615017
1550.8299999999997, -17.9581699, -17.9513893, -17.9404125, -17.9358082, -17.932682, -17.9271603, -17.9299183, -17.9304085, -17.9222126, -17.9186592
1550.8399999999997, -18.0487938, -18.0488834, -18.0531578, -18.0416908, -18.0346851, -18.0363903, -18.0323925, -18.0319366, -18.0413113, -18.0397472
1550.8499999999997, -18.1827774, -18.1838055, -18.1783924, -18.167305, -18.1604309, -18.1555462, -18.163044, -18.173275, -18.1756897, -18.1741333
1550.8599999999997, -18.3539467, -18.3505974, -18.3459148, -18.3404541, -18.3410645, -18.3438892, -18.3438263, -18.3406773, -18.338726, -18.3399353
1550.8699999999997, -18.4951706, -18.4918556, -18.4915333, -18.4922504, -18.4912739, -18.4881973, -18.488245, -18.4905739, -18.4901676, -18.487608
1550.8799999999997, -18.5880356, -18.5874043, -18.5897198, -18.5900383, -18.5900917, -18.5911369, -18.592371, -18.5922489, -18.5926094, -18.5910664
1550.8899999999996, -18.599638, -18.5971298, -18.5991077, -18.5995579, -18.5975819, -18.5975513, -18.5984249, -18.6001606, -18.602663, -18.6040859
1550.8999999999996, -18.5808659, -18.5821381, -18.5841961, -18.5804958, -18.581852, -18.5818844, -18.5818844, -18.5832291, -18.5836105, -18.5830173
1550.9099999999996, -18.6125813, -18.6135197, -18.615139, -18.6161728, -18.6167622, -18.6164055, -18.6151562, -18.6137142, -18.6130733, -18.6153069
1550.9199999999996, -18.6405869, -18.6395645, -18.6383076, -18.6367855, -18.6346893, -18.6353207, -18.6345978, -18.634798, -18.6347866, -18.6339817
1550.9299999999996, -18.5485497, -18.5497169, -18.5469322, -18.5252705, -18.5398407, -18.5382252, -18.5421906, -18.5481968, -18.547575, -18.5521736
1550.9399999999996, -18.3601589, -18.356638, -18.3646221, -18.3661137, -18.3649349, -18.3656521, -18.3649864, -18.3691292, -18.3728199, -18.3738708
1550.9499999999996, -18.1535912, -18.150362, -18.1490345, -18.1479206, -18.1493969, -18.1481838, -18.1475048, -18.149147, -18.1501713, -18.1498547
1550.9599999999996, -17.9810734, -17.9807186, -17.979496, -17.9758701, -17.9756165, -17.9723072, -17.9649963, -17.9651432, -17.9694233, -17.9710255
1550.9699999999996, -17.8672752, -17.8625069, -17.8598061, -17.8630695, -17.8694611, -17.8690376, -17.8662109, -17.8685551, -17.8655605, -17.8589554
1550.9799999999996, -17.8450413, -17.84338, -17.8404198, -17.8423271, -17.8454704, -17.8483238, -17.8433056, -17.8399925, -17.8263664, -17.8211517
1550.9899999999996, -17.8610687, -17.8642254, -17.8663826, -17.8576584, -17.8699684, -17.8686447, -17.8685837, -17.8702221, -17.8704815, -17.8700027
1550.9999999999995, -17.9018917, -17.8881588, -17.8976974, -17.904356, -17.904953, -17.9103584, -17.9121723, -17.9132652, -17.9167004, -17.9183674
1551.0099999999995, -17.965662, -17.9652214, -17.9697552, -17.9674244, -17.9682732, -17.9693012, -17.9730968, -17.9745598, -17.9706745, -17.97118
1551.0199999999995, -18.0355778, -18.0250797, -18.01754, -18.0094929, -18.0140953, -18.0178223, -18.0214901, -18.0236111, -18.023489, -18.0181847
1551.0299999999995, -18.0124931, -18.0120468, -18.0130997, -18.0152588, -18.0131207, -18.0192356, -18.0196362, -18.0183601, -18.0150967, -18.0138607
1551.0399999999995, -18.0633125, -18.066988, -18.0682182, -18.0701504, -18.0748329, -18.0770264, -18.0750523, -18.0792007, -18.0797157, -18.0737991
1551.0499999999995, -18.0675755, -18.0577526, -18.0662212, -18.0714016, -18.0796318, -18.0740128, -18.0663376, -18.0593243, -18.0642033, -18.0724621
1551.0599999999995, -18.0391407, -18.0416412, -18.0443611, -18.046236, -18.0407734, -18.0382137, -18.0358315, -18.0370007, -18.0381813, -18.041048
1551.0699999999995, -18.0105801, -18.0106392, -18.0109539, -18.0130367, -18.0141087, -18.0126495, -18.0110989, -18.0071201, -18.0033436, -17.9992905
1551.0799999999995, -17.9632797, -17.9636307, -17.9644051, -17.9672909, -17.9710999, -17.9716702, -17.970335, -17.9691181, -17.9696617, -17.9688587
1551.0899999999995, -17.9224644, -17.9224586, -17.9240494, -17.9288025, -17.9280605, -17.925951, -17.9233551, -17.9201355, -17.9166241, -17.9224567
1551.0999999999995, -17.8693428, -17.8702888, -17.8732338, -17.8754807, -17.8770885, -17.8772888, -17.8743019, -17.8727226, -17.8726692, -17.8736782
1551.1099999999994, -17.835165, -17.8379955, -17.8411102, -17.8411446, -17.8390388, -17.8363743, -17.8353748, -17.8375759, -17.837862, -17.8370876
1551.1199999999994, -17.8086166, -17.808569, -17.81003, -17.8134651, -17.8143768, -17.812624, -17.8135109, -17.8152771, -17.8155155, -17.816124
1551.1299999999994, -17.8064346, -17.806879, -17.8052101, -17.8039989, -17.8061619, -17.8074551, -17.8051529, -17.8015709, -17.8000374, -17.7999077
1551.1399999999994, -17.7991428, -17.7981129, -17.7970371, -17.794096, -17.7941933, -17.7974186, -17.7987709, -17.7988968, -17.8005524, -17.8002186
1551.1499999999994, -17.7812176, -17.7982044, -17.8004074, -17.8106918, -17.8162117, -17.8224297, -17.8234425, -17.821991, -17.8217793, -17.822113
1551.1599999999994, -17.8623734, -17.8644581, -17.8700886, -17.8718185, -17.8715439, -17.8700333, -17.8694611, -17.8693237, -17.8660259, -17.8665257
1551.1699999999994, -17.9057655, -17.9063187, -17.9067135, -17.9059525, -17.9064426, -17.9058552, -17.9052334, -17.9049091, -17.9056778, -17.9061069
1551.1799999999994, -17.9585762, -17.9618893, -17.9617901, -17.9589348, -17.9563484, -17.9545422, -17.9536858, -17.9535389, -17.956234, -17.9589348
1551.1899999999994, -18.002676, -18.0036774, -18.0035076, -17.9965134, -17.9900398, -17.9973297, -17.9992981, -18.0032482, -18.0063267, -18.0001469
1551.1999999999994, -18.055151, -18.0558701, -18.0559006, -18.0550442, -18.0545921, -18.0548458, -18.0556278, -18.0564995, -18.0578136, -18.0572891
1551.2099999999994, -18.0882225, -18.0877419, -18.0865803, -18.0866108, -18.088274, -18.0871544, -18.0860462, -18.0864201, -18.087019, -18.0874767
1551.2199999999993, -18.1263027, -18.1209621, -18.1117172, -18.1086597, -18.1127033, -18.107975, -18.1111813, -18.1223392, -18.1245785, -18.1161995
1551.2299999999993, -18.1122513, -18.1088238, -18.1092434, -18.1072235, -18.1055031, -18.1082611, -18.1131248, -18.1137104, -18.1079922, -18.110815
1551.2399999999993, -18.1031551, -18.0998211, -18.0986328, -18.1012554, -18.1001148, -18.100193, -18.1018543, -18.1071014, -18.1107845, -18.111454
1551.2499999999993, -18.0970516, -18.0963116, -18.0922565, -18.0918922, -18.0918674, -18.0917625, -18.0933056, -18.0957241, -18.0959377, -18.094429
1551.2599999999993, -18.0655899, -18.0661087, -18.0641804, -18.0616894, -18.0598087, -18.0595951, -18.0593548, -18.0588741, -18.0593319, -18.0605812
1551.2699999999993, -18.0326939, -18.0331001, -18.0332584, -18.033596, -18.032383, -18.030901, -18.0313625, -18.0327721, -18.0341263, -18.0346146
1551.2799999999993, -17.9929028, -17.9975357, -18.0019398, -18.0037022, -18.004303, -17.9973869, -17.9896984, -17.9901886, -17.9938316, -17.9980793
1551.2899999999993, -17.953125, -17.9545994, -17.9559307, -17.9528084, -17.9517612, -17.9506187, -17.9512253, -17.9501648, -17.9524136, -17.9557896
1551.2999999999993, -17.9193821, -17.9194336, -17.9203167, -17.9210873, -17.9199696, -17.9174461, -17.9187374, -17.9181633, -17.9186344, -17.9194698
1551.3099999999993, -17.9045086, -17.9044151, -17.9038677, -17.9059601, -17.907341, -17.9061661, -17.905014, -17.9051704, -17.9048061, -17.9050159
1551.3199999999993, -17.9044476, -17.9050789, -17.9051208, -17.9053593, -17.9051666, -17.9060936, -17.905735, -17.9041367, -17.9047527, -17.904974
1551.3299999999992, -17.9166431, -17.9180946, -17.9183273, -17.9178505, -17.9170189, -17.9174519, -17.9172478, -17.9165173, -17.9186096, -17.9207878
1551.3399999999992, -17.9197598, -17.9198265, -17.9204941, -17.9201527, -17.9208927, -17.9214306, -17.9197311, -17.9192333, -17.9200611, -17.9194469
1551.3499999999992, -17.9833145, -17.9865074, -17.9875927, -17.988306, -17.989603, -17.9905109, -17.9894199, -17.9903088, -17.985754, -17.9721851
1551.3599999999992, -18.0358696, -18.0383129, -18.0391312, -18.0392838, -18.0403252, -18.0406837, -18.0407677, -18.0387306, -18.0362892, -18.0380039
1551.3699999999992, -18.0999546, -18.0988426, -18.1008568, -18.1002712, -18.098175, -18.0961876, -18.0956345, -18.0932369, -18.0931072, -18.0946255
1551.3799999999992, -18.1347675, -18.1350212, -18.133604, -18.1315136, -18.1292896, -18.1282387, -18.126976, -18.1285706, -18.1308975, -18.1312714
1551.3899999999992, -18.1664181, -18.1672802, -18.1685085, -18.1666794, -18.1672535, -18.1704559, -18.1696301, -18.1694908, -18.1703472, -18.1708641
1551.3999999999992, -18.2074833, -18.2048206, -18.2070427, -18.1988411, -18.191473, -18.1882973, -18.1925926, -18.1953487, -18.1992512, -18.1981449
1551.4099999999992, -18.1955643, -18.1891003, -18.1874046, -18.1862831, -18.187561, -18.1915855, -18.1911964, -18.1909904, -18.188591, -18.18647
1551.4199999999992, -18.1801796, -18.1803036, -18.1787376, -18.1791973, -18.1823177, -18.1833992, -18.1837673, -18.1831646, -18.1844673, -18.183033
1551.4299999999992, -18.1742172, -18.1753235, -18.1744747, -18.1744003, -18.1735477, -18.1749554, -18.1785297, -18.1802464, -18.1806412, -18.1793156
1551.4399999999991, -18.1517963, -18.1494675, -18.1427174, -18.1475525, -18.1544342, -18.1498642, -18.1447372, -18.1449165, -18.1438351, -18.1397076
1551.4499999999991, -18.1142864, -18.1119003, -18.1139698, -18.1132984, -18.1118336, -18.1112309, -18.1135178, -18.1120815, -18.1088715, -18.1105309
1551.4599999999991, -18.0698528, -18.0758133, -18.0832882, -18.0951824, -18.0979786, -18.0949516, -18.0964203, -18.0892944, -18.0789776, -18.0748787
1551.4699999999991, -18.020256, -18.0232506, -18.0244579, -18.0278301, -18.0318928, -18.0309353, -18.0262489, -18.0206146, -18.0199203, -18.0228157
1551.479999999999, -18.0009079, -17.9995384, -17.9990921, -18.0004711, -18.0021992, -18.0026474, -18.0017605, -18.0005665, -17.9996834, -17.9980068
1551.489999999999, -17.973978, -17.9738579, -17.9750538, -17.9763832, -17.9764709, -17.9745331, -17.9730797, -17.973299, -17.9736786, -17.973959
1551.499999999999, -17.9809361, -17.9819336, -17.9833736, -17.9825115, -17.9823818, -17.981575, -17.9800816, -17.9788876, -17.9789562, -17.9776821
1551.509999999999, -18.0015106, -18.0040073, -18.0037746, -18.003006, -18.0035801, -18.0048676, -18.0041714, -18.0033684, -18.0028801, -18.0013161
1551.519999999999, -18.0375195, -18.0365524, -18.0359478, -18.0359898, -18.0356464, -18.035078, -18.035141, -18.0359421, -18.0364113, -18.0357456
1551.529999999999, -18.0639114, -18.0632038, -18.0630894, -18.0624332, -18.0622025, -18.0611401, -18.0630722, -18.0657654, -18.0664158, -18.0668468
1551.539999999999, -18.1094246, -18.1084766, -18.1127052, -18.1186543, -18.1181221, -18.1229401, -18.1224327, -18.1140213, -18.1074085, -18.1077728
1551.549999999999, -18.1591167, -18.1557465, -18.1547985, -18.1571007, -18.1602306, -18.1613712, -18.1622295, -18.1613655, -18.156723, -18.1576481
1551.559999999999, -18.2087517, -18.2087708, -18.2082176, -18.2085705, -18.2102604, -18.2078362, -18.2050056, -18.2044182, -18.2056808, -18.2062702
1551.569999999999, -18.2501087, -18.2523594, -18.2537003, -18.2537289, -18.2510357, -18.2508698, -18.2503014, -18.2499847, -18.2499866, -18.2500057
1551.579999999999, -18.2892742, -18.2881603, -18.2883396, -18.2888966, -18.2884941, -18.2914886, -18.2896957, -18.2970467, -18.2912693, -18.2914696
1551.589999999999, -18.3067665, -18.3058758, -18.3065414, -18.3068047, -18.3072681, -18.305706, -18.3061714, -18.3059959, -18.3056355, -18.305994
1551.599999999999, -18.3260593, -18.3268852, -18.3265343, -18.3254623, -18.3264999, -18.3253345, -18.3253994, -18.3258705, -18.3260899, -18.3242893
1551.609999999999, -18.3192768, -18.3190651, -18.3173771, -18.3187408, -18.3189831, -18.318964, -18.3201237, -18.3197327, -18.3203545, -18.3202686
1551.619999999999, -18.3028736, -18.3022385, -18.3012714, -18.3013859, -18.3019791, -18.3019791, -18.3025246, -18.3023949, -18.303051, -18.3034935
1551.629999999999, -18.2796955, -18.2793427, -18.2784538, -18.2784767, -18.2787704, -18.279604, -18.2804794, -18.2803764, -18.2796783, -18.279768
1551.639999999999, -18.2625122, -18.2615795, -18.2596684, -18.254549, -18.255558, -18.2577477, -18.2580757, -18.2586689, -18.2601376, -18.2633991
1551.649999999999, -18.2036877, -18.2025909, -18.2117672, -18.2139645, -18.2097244, -18.2101746, -18.2053661, -18.1965313, -18.2009983, -18.2062416
1551.659999999999, -18.155468, -18.1594868, -18.1618729, -18.1619244, -18.1639881, -18.1649532, -18.1622276, -18.16189, -18.1626072, -18.1618118
1551.669999999999, -18.1303005, -18.1301556, -18.1323814, -18.134758, -18.1346111, -18.134119, -18.1335468, -18.1324444, -18.1328506, -18.1342506
1551.679999999999, -18.0951195, -18.0958424, -18.0969143, -18.0960312, -18.0958138, -18.0943775, -18.0913525, -18.0893764, -18.08811, -18.087326
1551.689999999999, -18.057621, -18.0613556, -18.0639496, -18.0630722, -18.0684261, -18.0700455, -18.0697079, -18.0649471, -18.0663548, -18.0658302
1551.699999999999, -18.0666676, -18.0644474, -18.0649185, -18.0657406, -18.0663033, -18.0650272, -18.0646801, -18.0643005, -18.0639458, -18.06497
1551.709999999999, -18.049902, -18.0504837, -18.0504036, -18.0501575, -18.0510826, -18.0504475, -18.051712, -18.0528164, -18.0525646, -18.051796
1551.719999999999, -18.05159, -18.0506573, -18.0505791, -18.0498753, -18.0510979, -18.0499535, -18.0499554, -18.0492821, -18.0481758, -18.0495968
1551.7299999999989, -18.0511456, -18.0524178, -18.0528774, -18.0523701, -18.0515614, -18.0514889, -18.04916, -18.0476799, -18.0454922, -18.0454483
1551.7399999999989, -18.055563, -18.055172, -18.0555153, -18.0555019, -18.0551567, -18.0553265, -18.055418, -18.0557995, -18.0522289, -18.0508156
1551.7499999999989, -18.0854225, -18.0866108, -18.082016, -18.0733986, -18.0696793, -18.0695076, -18.0693436, -18.0726986, -18.0775909, -18.0766983
1551.7599999999989, -18.0929127, -18.0879078, -18.0836658, -18.0825043, -18.0832596, -18.0918865, -18.0975838, -18.0943069, -18.0885639, -18.0856628
1551.7699999999988, -18.1204071, -18.1184483, -18.116724, -18.114996, -18.1154938, -18.1170979, -18.1170273, -18.1161594, -18.1160088, -18.1177158
1551.7799999999988, -18.1635895, -18.1628265, -18.1618462, -18.1644382, -18.1650047, -18.1643658, -18.1631756, -18.1609745, -18.1598988, -18.1604671
1551.7899999999988, -18.2093315, -18.2085819, -18.2088451, -18.2081242, -18.20788, -18.208189, -18.2086601, -18.2086182, -18.2075996, -18.2084503
1551.7999999999988, -18.2537231, -18.2554798, -18.2507095, -18.2498722, -18.2479229, -18.2459545, -18.2466278, -18.2507114, -18.2553902, -18.2554798
1551.8099999999988, -18.2996197, -18.2994938, -18.2985268, -18.2976131, -18.2960091, -18.2959766, -18.297121, -18.3006821, -18.3020477, -18.3012714
1551.8199999999988, -18.3306656, -18.3319969, -18.3341122, -18.3316364, -18.3275127, -18.3260078, -18.3276901, -18.3278675, -18.3269596, -18.3280106
1551.8299999999988, -18.3521481, -18.3521996, -18.3520317, -18.3517151, -18.3513641, -18.3499851, -18.3503513, -18.3524494, -18.353117, -18.3539047
1551.8399999999988, -18.3818626, -18.3771324, -18.3741684, -18.3688107, -18.3681812, -18.3697567, -18.3707848, -18.3693428, -18.3693676, -18.3710442
1551.8499999999988, -18.3700657, -18.371973, -18.3697319, -18.3690109, -18.3675518, -18.3640232, -18.3637085, -18.3643665, -18.3662052, -18.3649731
1551.8599999999988, -18.3503265, -18.3473377, -18.349268, -18.3571167, -18.3658905, -18.368351, -18.3697395, -18.3683281, -18.3557262, -18.3576069
1551.8699999999988, -18.3158875, -18.3165417, -18.3316898, -18.3327732, -18.3294582, -18.3301125, -18.3385372, -18.3315601, -18.31287, -18.3140621
1551.8799999999987, -18.291008, -18.2908363, -18.2911186, -18.2950592, -18.299427, -18.2952824, -18.2904797, -18.2892685, -18.2902164, -18.2909756
1551.8899999999987, -18.2586403, -18.2608585, -18.2646313, -18.2617226, -18.2548447, -18.2477074, -18.245512, -18.2483807, -18.257513, -18.2641411
1551.8999999999987, -18.2112942, -18.2144337, -18.2112274, -18.2134457, -18.2083569, -18.2045231, -18.2048988, -18.2137127, -18.2141533, -18.2111092
1551.9099999999987, -18.1597233, -18.159277, -18.1644802, -18.1679535, -18.1662369, -18.1640987, -18.1638947, -18.176403, -18.1703529, -18.1648846
1551.9199999999987, -18.1319637, -18.1334133, -18.1428394, -18.1507435, -18.1516876, -18.1525803, -18.1468983, -18.1339779, -18.1356373, -18.1412773
1551.9299999999987, -18.1229115, -18.1167412, -18.1178818, -18.1269913, -18.1280422, -18.1282063, -18.1257954, -18.1209393, -18.1089973, -18.1008739
1551.9399999999987, -18.0946922, -18.0988884, -18.101263, -18.1031666, -18.1077995, -18.1102104, -18.1022854, -18.093502, -18.0945454, -18.0988598
1551.9499999999987, -18.0815678, -18.0811367, -18.0839214, -18.0883942, -18.092577, -18.0892544, -18.0869141, -18.0867081, -18.0859585, -18.0867805
1551.9599999999987, -18.1201, -18.1217041, -18.12286, -18.1196575, -18.118906, -18.1170444, -18.1153183, -18.117384, -18.1209927, -18.1224174
1551.9699999999987, -18.155714, -18.1556034, -18.1553669, -18.1551342, -18.1551914, -18.1565838, -18.1601448, -18.163044, -18.1608448, -18.1606693
1551.9799999999987, -18.1963291, -18.1932411, -18.1937637, -18.1957073, -18.1960506, -18.1965122, -18.1921215, -18.1905556, -18.1930389, -18.1925774
1551.9899999999986, -18.2407799, -18.2395401, -18.2374821, -18.2379055, -18.2369823, -18.2360935, -18.2354622, -18.2376423, -18.2396355, -18.2403145
1551.9999999999986, -18.2841663, -18.2818851, -18.2837963, -18.2852402, -18.2851315, -18.2838287, -18.2856884, -18.2848759, -18.2857761, -18.287014
1552.0099999999986, -18.3446026, -18.3416252, -18.337656, -18.3379879, -18.3397121, -18.3393173, -18.3373489, -18.3365154, -18.3300228, -18.3286495
1552.0199999999986, -18.4178524, -18.4056988, -18.4111118, -18.4185963, -18.4201698, -18.4179668, -18.4048939, -18.3914547, -18.3916702, -18.4024906
1552.0299999999986, -18.3932209, -18.3955364, -18.404747, -18.4195881, -18.4219189, -18.4124165, -18.4036198, -18.4018307, -18.4039268, -18.4040718
1552.0399999999986, -18.4342957, -18.4414768, -18.4461479, -18.4477119, -18.448267, -18.4473457, -18.4412689, -18.4338684, -18.4332428, -18.4371471
1552.0499999999986, -18.440855, -18.4395142, -18.4404106, -18.4389362, -18.436594, -18.4380245, -18.4393673, -18.4390545, -18.4374409, -18.4362774
1552.0599999999986, -18.4117298, -18.4119587, -18.409687, -18.4113827, -18.4165287, -18.4245815, -18.4254665, -18.4156494, -18.4115086, -18.4100952
1552.0699999999986, -18.3809624, -18.3825436, -18.3814735, -18.3802185, -18.3804512, -18.3801899, -18.3822346, -18.3823776, -18.3816509, -18.3835392
1552.0799999999986, -18.3588619, -18.3511314, -18.3450222, -18.3428421, -18.3438663, -18.3455868, -18.3430729, -18.3414421, -18.3420296, -18.3417492
1552.0899999999986, -18.3048592, -18.3059921, -18.3072567, -18.3060474, -18.3066273, -18.3079815, -18.3088799, -18.3090038, -18.3082123, -18.3083515
1552.0999999999985, -18.2612095, -18.2607346, -18.2568016, -18.2569065, -18.256876, -18.2571545, -18.2583447, -18.2585373, -18.2581425, -18.258007
1552.1099999999985, -18.2122993, -18.2133217, -18.2139263, -18.2135296, -18.2132034, -18.2132854, -18.2096004, -18.2101631, -18.2096939, -18.2087765
1552.1199999999985, -18.1720505, -18.1714211, -18.1700783, -18.1730976, -18.1726227, -18.1734982, -18.1746674, -18.1731796, -18.1699047, -18.1703606
1552.1299999999985, -18.1355076, -18.1366692, -18.137392, -18.1356907, -18.133007, -18.1328278, -18.1327934, -18.1328793, -18.1337967, -18.1356335
1552.1399999999985, -18.1161556, -18.1185188, -18.117424, -18.1172466, -18.1177559, -18.1112328, -18.1105881, -18.1139717, -18.1175022, -18.1170578
1552.1499999999985, -18.1207428, -18.119812, -18.1236095, -18.1233139, -18.1246128, -18.1290894, -18.1303654, -18.1308079, -18.1305714, -18.1323395
1552.1599999999985, -18.1534996, -18.1545143, -18.1565399, -18.1526337, -18.1458836, -18.1470089, -18.1483765, -18.1458912, -18.1468525, -18.1514664
1552.1699999999985, -18.1858883, -18.1831131, -18.1783142, -18.1778889, -18.1752472, -18.1743679, -18.1764412, -18.1781921, -18.1804314, -18.1781158
1552.1799999999985, -18.2245388, -18.2320366, -18.2406197, -18.2422886, -18.2288246, -18.2208633, -18.2131958, -18.2037563, -18.2102699, -18.2199993
1552.1899999999985, -18.2989407, -18.3010864, -18.2892132, -18.2676163, -18.2712078, -18.2790966, -18.278759, -18.2801762, -18.2833214, -18.2828312
1552.1999999999985, -18.3376408, -18.3289032, -18.3228321, -18.3220024, -18.3212395, -18.3238029, -18.3306313, -18.3403378, -18.3423576, -18.3404293
1552.2099999999984, -18.4073734, -18.4006519, -18.3951435, -18.3931351, -18.3822308, -18.3779202, -18.3830032, -18.3931141, -18.401228, -18.404108
1552.2199999999984, -18.4040565, -18.4115944, -18.4190445, -18.4194813, -18.4185009, -18.4197922, -18.4109402, -18.3993454, -18.3999672, -18.4048138
1552.2299999999984, -18.4108772, -18.4103374, -18.4095173, -18.4183884, -18.4235954, -18.4195118, -18.4177132, -18.419445, -18.4209232, -18.4227104
1552.2399999999984, -18.4049702, -18.4041843, -18.4087753, -18.4129696, -18.4133358, -18.4107513, -18.4113045, -18.4195347, -18.4155903, -18.4132462
1552.2499999999984, -18.4048424, -18.4021797, -18.4003067, -18.399147, -18.4016495, -18.4097748, -18.4089947, -18.4050751, -18.4080982, -18.4108067
1552.2599999999984, -18.401516, -18.4051476, -18.4086399, -18.4040356, -18.397686, -18.3976707, -18.4008961, -18.3978043, -18.3884468, -18.383316
1552.2699999999984, -18.3296261, -18.324934, -18.3263206, -18.328249, -18.3281479, -18.3312302, -18.3343773, -18.3331032, -18.3291168, -18.3291531
1552.2799999999984, -18.2855625, -18.2726974, -18.2621708, -18.2612667, -18.2683086, -18.2741699, -18.2749138, -18.2707024, -18.2724857, -18.2699223
1552.2899999999984, -18.2483349, -18.244791, -18.2354755, -18.2361221, -18.2373466, -18.2387943, -18.2419147, -18.2502403, -18.251276, -18.2446747
1552.2999999999984, -18.2075176, -18.2072582, -18.2061901, -18.2022667, -18.1988678, -18.2005367, -18.20611, -18.2077389, -18.2119274, -18.211092
1552.3099999999984, -18.1547642, -18.1513996, -18.1506786, -18.1545925, -18.1594925, -18.1589355, -18.158617, -18.1574879, -18.1532364, -18.1470661
1552.3199999999983, -18.1230545, -18.1266441, -18.1244392, -18.1165314, -18.1124249, -18.1096973, -18.1132221, -18.1166592, -18.1243839, -18.1295681
1552.3299999999983, -18.0921135, -18.0931187, -18.0942822, -18.093008, -18.0872383, -18.086832, -18.0854931, -18.0837536, -18.0808258, -18.0821896
1552.3399999999983, -18.0696964, -18.0713921, -18.0725079, -18.0678787, -18.0646095, -18.0636616, -18.0639915, -18.0639114, -18.0719204, -18.0751362
1552.3499999999983, -18.0791245, -18.0812073, -18.0855064, -18.0831776, -18.0856419, -18.0965004, -18.0997581, -18.0992088, -18.1045494, -18.1068077
1552.3599999999983, -18.1081619, -18.1063118, -18.1098919, -18.1084747, -18.1074429, -18.1068211, -18.1068821, -18.1027699, -18.0975189, -18.0985756
1552.3699999999983, -18.1384735, -18.1415329, -18.143198, -18.1456947, -18.1440296, -18.148119, -18.14744, -18.1478958, -18.152401, -18.1554985
1552.3799999999983, -18.1828842, -18.1836052, -18.1911125, -18.194809, -18.1898746, -18.181469, -18.1848431, -18.1783066, -18.1745052, -18.1830025
1552.3899999999983, -18.2218895, -18.2234974, -18.2336655, -18.2368603, -18.2360306, -18.2376385, -18.246172, -18.2444229, -18.240736, -18.2472725
1552.3999999999983, -18.7491703, -18.7633896, -18.7636642, -18.7709026, -18.7795525, -18.782835, -18.7841377, -18.7874222, -18.7905312, -18.7837868
1552.4099999999983, -18.3902016, -18.3912067, -18.377943, -18.3710785, -18.3677387, -18.3569164, -18.3455658, -18.3439217, -18.3570976, -18.3608627
1552.4199999999983, -18.3876534, -18.3923836, -18.3987198, -18.4467163, -18.4230347, -18.3953457, -18.39464, -18.397356, -18.3900375, -18.3848248
1552.4299999999982, -18.4354115, -18.4219246, -18.413147, -18.4081535, -18.4076061, -18.4150429, -18.4248352, -18.4269104, -18.4189224, -18.4108334
1552.4399999999982, -18.4152737, -18.4187069, -18.4213123, -18.4225311, -18.4250393, -18.4313679, -18.4336681, -18.4339542, -18.434679, -18.4370899
1552.4499999999982, -18.4007416, -18.400425, -18.4098167, -18.4216118, -18.4203339, -18.4019909, -18.40345, -18.3986225, -18.3896408, -18.3925877
1552.4599999999982, -18.3822708, -18.382103, -18.3919792, -18.4044037, -18.4001884, -18.3945007, -18.3989239, -18.3969212, -18.3926373, -18.4034615
1552.4699999999982, -18.3471909, -18.3528748, -18.3585167, -18.3651848, -18.3721695, -18.372263, -18.367836, -18.3612747, -18.3550205, -18.3553944
1552.4799999999982, -18.2877789, -18.263586, -18.260561, -18.2771492, -18.288372, -18.2856693, -18.2873268, -18.3047466, -18.2811966, -18.2602043
1552.4899999999982, -18.2299786, -18.234026, -18.2279987, -18.2207127, -18.2269268, -18.2327251, -18.2198372, -18.2186565, -18.2268353, -18.2291489
1552.4999999999982, -18.1462822, -18.1557465, -18.1652851, -18.1705017, -18.1858387, -18.2503548, -18.2103558, -18.1958218, -18.1971588, -18.2048721
1552.5099999999982, -18.1306515, -18.1316414, -18.1266651, -18.1250648, -18.1323605, -18.1345596, -18.1248722, -18.1141739, -18.1150589, -18.1170788
1552.5199999999982, -18.0517998, -18.0588036, -18.0680962, -18.0742073, -18.0715675, -18.0651016, -18.0696468, -18.0714493, -18.0698109, -18.0645924
1552.5299999999982, -18.0294323, -18.0280914, -18.0330467, -18.0437241, -18.0550709, -18.0540314, -18.0497208, -18.0446033, -18.045845, -18.0523491
1552.5399999999981, -18.0300846, -18.0245094, -18.0344524, -18.050909, -18.0431538, -18.0417957, -18.0437984, -18.0266304, -18.0158215, -18.0206032
1552.5499999999981, -18.0271454, -18.0339317, -18.0413685, -18.0443363, -18.0449028, -18.0365334, -18.0255566, -18.0256577, -18.0340919, -18.0360832
1552.5599999999981, -18.0503254, -18.0557442, -18.0646992, -18.066267, -18.0634384, -18.0588932, -18.0559635, -18.0587234, -18.0626602, -18.0604858
1552.5699999999981, -18.0971756, -18.0954475, -18.0879974, -18.0824738, -18.0803642, -18.0795898, -18.0792961, -18.0830574, -18.0888634, -18.091877
1552.579999999998, -18.1220093, -18.1251774, -18.1299896, -18.1271992, -18.1226425, -18.1236973, -18.1270905, -18.126627, -18.127903, -18.1352634
1552.589999999998, -18.1832371, -18.1838112, -18.1846504, -18.1627636, -18.160387, -18.1691036, -18.1659985, -18.1544456, -18.1539993, -18.1542225
1552.599999999998, -18.2130699, -18.2047253, -18.2108955, -18.2073898, -18.1989021, -18.1965942, -18.2006016, -18.2000084, -18.1922112, -18.1909351
1552.609999999998, -18.2361946, -18.240139, -18.2403355, -18.2526817, -18.2694569, -18.2705555, -18.251667, -18.2491131, -18.2428131, -18.2393456
1552.619999999998, -18.266016, -18.2648602, -18.2542667, -18.2546005, -18.2673664, -18.2797184, -18.2794685, -18.2708263, -18.2617664, -18.2591591
1552.629999999998, -18.296196, -18.2969532, -18.2820435, -18.2658443, -18.2694492, -18.2822266, -18.2988853, -18.3012848, -18.3052368, -18.3102646
1552.639999999998, -18.3304501, -18.3244381, -18.3136997, -18.3069592, -18.3175449, -18.3299141, -18.3282185, -18.3300762, -18.3304062, -18.3281746
1552.649999999998, -18.3400421, -18.3294315, -18.3253117, -18.321703, -18.3213615, -18.3246498, -18.3177986, -18.316206, -18.314146, -18.3108177
1552.659999999998, -18.3015327, -18.3037796, -18.3029613, -18.3047466, -18.3053761, -18.2980156, -18.297205, -18.3023224, -18.3042526, -18.3043308
1552.669999999998, -18.3000126, -18.2973213, -18.3026848, -18.307621, -18.3067455, -18.3068047, -18.3071671, -18.3048153, -18.2999878, -18.302906
1552.679999999998, -18.2813148, -18.2845459, -18.2992725, -18.308548, -18.3057594, -18.2995491, -18.3021145, -18.2943096, -18.2846317, -18.2916908
1552.689999999998, -18.2991772, -18.2878075, -18.286684, -18.2988052, -18.2908478, -18.2818851, -18.2908859, -18.2918625, -18.2841606, -18.294199
1552.699999999998, -18.2517738, -18.2537231, -18.2493057, -18.2512913, -18.2547684, -18.2524986, -18.2473469, -18.2478447, -18.2521687, -18.2468224
1552.709999999998, -18.2133503, -18.226757, -18.232336, -18.2420406, -18.2621517, -18.2767334, -18.268774, -18.2507896, -18.2385311, -18.2260857
1552.719999999998, -18.2097378, -18.2158909, -18.2110329, -18.2030792, -18.1975327, -18.1928921, -18.190815, -18.1917686, -18.1946716, -18.1914444
1552.729999999998, -18.1620274, -18.1484451, -18.1277351, -18.1168022, -18.1207981, -18.1370983, -18.1638985, -18.1697674, -18.1775932, -18.1897984
1552.739999999998, -18.1369762, -18.1447105, -18.1504631, -18.146841, -18.1230679, -18.1008091, -18.1009808, -18.100275, -18.106411, -18.1196194
1552.749999999998, -18.0785885, -18.0901508, -18.0886917, -18.0728207, -18.086937, -18.0951729, -18.0754032, -18.0782471, -18.094305, -18.0759621
1552.759999999998, -18.0524178, -18.0477829, -18.0480576, -18.0432415, -18.0394669, -18.0458984, -18.0550976, -18.0398197, -18.0354977, -18.0444412
1552.769999999998, -18.0199013, -18.0187416, -18.0242462, -18.0328579, -18.0437126, -18.0443897, -18.0408821, -18.0414124, -18.0409393, -18.038456
1552.779999999998, -18.0700073, -18.0883942, -18.0936184, -18.0720825, -18.0707626, -18.0866718, -18.0866661, -18.0726395, -18.0672302, -18.0648289
1552.789999999998, -18.0633755, -18.0580025, -18.0401669, -18.0352154, -18.0378647, -18.0428391, -18.0476665, -18.0526924, -18.0548706, -18.051033
1552.799999999998, -18.095417, -18.0988903, -18.1057835, -18.1040707, -18.0979748, -18.0963116, -18.0999432, -18.0998783, -18.1000671, -18.1313305
1552.809999999998, -18.1464424, -18.1684265, -18.1849823, -18.1678581, -18.1597328, -18.1648769, -18.1553783, -18.1397247, -18.1331444, -18.1381226
1552.819999999998, -18.2022781, -18.2133389, -18.1990509, -18.1962662, -18.1940041, -18.1955719, -18.2103481, -18.2229309, -18.2213211, -18.2170181
1552.8299999999979, -18.2607536, -18.2557545, -18.2504311, -18.2468357, -18.2343025, -18.2288303, -18.2411957, -18.2485943, -18.2384109, -18.2477798
1552.8399999999979, -18.2687111, -18.265358, -18.2714348, -18.2665615, -18.2611256, -18.2794914, -18.3085022, -18.3049889, -18.2898922, -18.2899208
1552.8499999999979, -18.3178272, -18.304842, -18.2995682, -18.3008442, -18.2957649, -18.3011112, -18.3058224, -18.3031425, -18.3020153, -18.3026257
1552.8599999999979, -18.2909374, -18.294735, -18.2991924, -18.3046532, -18.3215675, -18.3275223, -18.3080292, -18.3015327, -18.3065529, -18.3226585
1552.8699999999978, -18.2814713, -18.3011284, -18.3155575, -18.3181839, -18.3259506, -18.3146572, -18.2867146, -18.2869205, -18.3062057, -18.3177948
1552.8799999999978, -18.271286, -18.2791557, -18.2826252, -18.2916698, -18.2941589, -18.2826042, -18.2656593, -18.274826, -18.2834225, -18.2856445
1552.8899999999978, -18.2497025, -18.2667084, -18.2732277, -18.2626534, -18.259407, -18.2548809, -18.2495327, -18.2543621, -18.2564621, -18.2508526
1552.8999999999978, -18.209568, -18.2170181, -18.2380733, -18.2515106, -18.2377205, -18.217741, -18.2089176, -18.2064705, -18.2050819, -18.2222767
1552.9099999999978, -18.131485, -18.133873, -18.1425972, -18.1487865, -18.1415806, -18.1382294, -18.1316509, -18.1273708, -18.1270962, -18.1276951
1552.9199999999978, -18.0815315, -18.0707855, -18.0706253, -18.0732841, -18.0715199, -18.0721455, -18.0796719, -18.0860157, -18.0804825, -18.0772095
1552.9299999999978, -18.0211945, -18.0331974, -18.0338707, -18.040287, -18.0519161, -18.0374622, -18.0208206, -18.0253525, -18.0248013, -18.0208454
1552.9399999999978, -17.9960861, -17.990057, -17.9814415, -17.9832745, -17.9803772, -17.9653111, -17.9683323, -17.9773788, -17.9727573, -17.9639473
1552.9499999999978, -17.9542923, -17.9610977, -17.9648857, -17.9584656, -17.9565907, -17.9602394, -17.9630108, -17.9593258, -17.9607849, -17.9666176
1552.9599999999978, -18.0185261, -18.014698, -18.0122776, -18.0333519, -18.0444584, -18.0443001, -18.0454826, -18.0450764, -18.0453587, -18.040226
1552.9699999999978, -18.0903358, -18.086277, -18.0976048, -18.0945072, -18.0821228, -18.0885029, -18.0884037, -18.0665646, -18.0687485, -18.0897884
1552.9799999999977, -18.151741, -18.1435757, -18.1502609, -18.1610355, -18.1509247, -18.1526146, -18.1460094, -18.1299725, -18.1215363, -18.1247082
1552.9899999999977, -18.2321186, -18.2365379, -18.2209644, -18.1986523, -18.1901417, -18.195507, -18.1922894, -18.1922398, -18.2133656, -18.2198963
1552.9999999999977, -18.3228073, -18.3164196, -18.2964592, -18.2844772, -18.3038521, -18.3254223, -18.3458977, -18.3557072, -18.3503323, -18.3371105
1553.0099999999977, -18.4019318, -18.3913326, -18.3756237, -18.3509884, -18.3495617, -18.37216, -18.3804913, -18.366272, -18.3608189, -18.3622513
1553.0199999999977, -18.3960781, -18.3957348, -18.3957634, -18.406353, -18.4105053, -18.4092388, -18.4057617, -18.4044628, -18.4052601, -18.4012184
1553.0299999999977, -18.4297371, -18.4332867, -18.4335785, -18.433939, -18.4342785, -18.4346428, -18.4340096, -18.4354, -18.4339905, -18.4258709
1553.0399999999977, -18.4416714, -18.4422932, -18.4453106, -18.4476223, -18.4439774, -18.4420509, -18.4426365, -18.4422436, -18.4393864, -18.4431114
1553.0499999999977, -18.5444603, -18.54245, -18.5433979, -18.5472221, -18.5475006, -18.5479298, -18.5473671, -18.5463467, -18.5455208, -18.5439243
1553.0599999999977, -18.796545, -18.7979298, -18.7938499, -18.7912884, -18.7875576, -18.7930374, -18.7985973, -18.797945, -18.7938366, -18.7898178
1553.0699999999977, -19.0410309, -19.0381947, -19.0355148, -19.0327034, -19.028698, -19.035675, -19.0414104, -19.0461769, -19.0460339, -19.0495434
1553.0799999999977, -19.0897179, -19.0771999, -19.0753002, -19.0813427, -19.0923538, -19.0978146, -19.0943356, -19.0838985, -19.0718727, -19.0683727
1553.0899999999976, -18.8294621, -18.822403, -18.818018, -18.8196163, -18.8259182, -18.8304367, -18.8279152, -18.8264732, -18.8241978, -18.8260136
1553.0999999999976, -18.5365582, -18.5334721, -18.5321693, -18.5303364, -18.5305557, -18.5380421, -18.538166, -18.5337372, -18.5282173, -18.5228329
1553.1099999999976, -18.3692856, -18.3764019, -18.3763466, -18.3685551, -18.3670559, -18.3660889, -18.3621941, -18.3644314, -18.3657207, -18.3685455
1553.1199999999976, -18.292326, -18.2957726, -18.2996387, -18.2998466, -18.301548, -18.3004837, -18.2999096, -18.2981358, -18.3021431, -18.3095398
1553.1299999999976, -18.2728958, -18.2678413, -18.2730904, -18.280077, -18.2845974, -18.2984009, -18.2944317, -18.2836666, -18.2818317, -18.2832527
1553.1399999999976, -18.2862873, -18.2803459, -18.2827835, -18.2840481, -18.2807884, -18.2811012, -18.2845268, -18.2778416, -18.2682362, -18.2698174
1553.1499999999976, -18.1999607, -18.1995831, -18.2019958, -18.2057476, -18.2115002, -18.2155991, -18.212225, -18.2066708, -18.2017021, -18.2012424
1553.1599999999976, -18.1421642, -18.1387215, -18.1388931, -18.1429195, -18.1471748, -18.1496296, -18.1515579, -18.1524467, -18.1482449, -18.1452045
1553.1699999999976, -18.0516853, -18.0647659, -18.0793152, -18.0829163, -18.0831356, -18.0841408, -18.0758915, -18.0606709, -18.0570812, -18.0630054
1553.1799999999976, -17.964386, -17.9548264, -17.9579163, -17.9694309, -17.9758396, -17.9723587, -17.9690952, -17.9706802, -17.9616566, -17.9480457
1553.1899999999976, -17.8635349, -17.8585415, -17.8555927, -17.8622036, -17.8825836, -17.8995132, -17.9014664, -17.8881702, -17.8770924, -17.8656807
1553.1999999999975, -17.8099575, -17.8080673, -17.8055916, -17.8026905, -17.796051, -17.7906818, -17.7881203, -17.7921314, -17.7932892, -17.7968445
1553.2099999999975, -17.7179527, -17.71735, -17.716053, -17.7131252, -17.7162151, -17.7186775, -17.7185211, -17.7154598, -17.7147999, -17.7193565
1553.2199999999975, -17.683094, -17.6840115, -17.6821079, -17.6858578, -17.6868935, -17.6831665, -17.6813202, -17.6850014, -17.6897945, -17.6925888
1553.2299999999975, -17.6747437, -17.6715012, -17.6756859, -17.678524, -17.6789589, -17.6787186, -17.6799603, -17.6782398, -17.6798, -17.6781464
1553.2399999999975, -17.7204952, -17.7197323, -17.7220764, -17.7285137, -17.7360325, -17.7367458, -17.7387714, -17.7411613, -17.7524261, -17.7533016
1553.2499999999975, -17.7610531, -17.7538471, -17.7555618, -17.7631397, -17.7660713, -17.7603092, -17.7572689, -17.7543011, -17.7429123, -17.7368927
1553.2599999999975, -17.7810879, -17.7742863, -17.7683563, -17.7715855, -17.7794991, -17.7835522, -17.785841, -17.7919178, -17.7905979, -17.7835064
1553.2699999999975, -17.8312244, -17.8335819, -17.8283863, -17.8234615, -17.8238945, -17.8259106, -17.820591, -17.8205948, -17.8286247, -17.8321857
1553.2799999999975, -17.8674526, -17.8685513, -17.87113, -17.8681183, -17.8730297, -17.8785133, -17.8796768, -17.8725224, -17.8693638, -17.8734207
1553.2899999999975, -17.9031239, -17.9016666, -17.9038963, -17.9052448, -17.9100628, -17.9157925, -17.915823, -17.9135303, -17.910984, -17.911396
1553.2999999999975, -17.9259567, -17.922533, -17.9278183, -17.9293938, -17.9270439, -17.9225769, -17.921648, -17.9255371, -17.9224224, -17.9177132
1553.3099999999974, -17.900692, -17.8971615, -17.8921967, -17.8919067, -17.8914509, -17.890974, -17.8896122, -17.8922901, -17.8879719, -17.8790569
1553.3199999999974, -17.8423386, -17.8406658, -17.8485508, -17.8406734, -17.8329277, -17.8462925, -17.8515472, -17.8485317, -17.8470345, -17.8575325
1553.3299999999974, -17.8281097, -17.8195801, -17.8151989, -17.8188152, -17.8202133, -17.8140087, -17.8081417, -17.8080578, -17.808836, -17.8122482
1553.3399999999974, -17.7352085, -17.7408199, -17.7423897, -17.7469463, -17.7591858, -17.7555046, -17.7481079, -17.7432613, -17.741333, -17.7452755
1553.3499999999974, -17.7046127, -17.7023468, -17.6943893, -17.687645, -17.6800461, -17.6758976, -17.6776867, -17.6872234, -17.687109, -17.6733036
1553.3599999999974, -17.6080341, -17.6118221, -17.6182327, -17.6125641, -17.6012573, -17.5970459, -17.5960121, -17.5843258, -17.5835094, -17.5830212
1553.3699999999974, -17.5185509, -17.5161743, -17.5156612, -17.514225, -17.5166569, -17.5302372, -17.5416584, -17.5406036, -17.5335274, -17.5300522
1553.3799999999974, -17.4698219, -17.4763393, -17.4907074, -17.4915943, -17.4759445, -17.4715672, -17.4714565, -17.4648037, -17.4616032, -17.4662361
1553.3899999999974, -17.4527607, -17.4538784, -17.4664097, -17.4682751, -17.4499798, -17.4392643, -17.4376297, -17.4354839, -17.4332352, -17.4279804
1553.3999999999974, -17.4081821, -17.4000587, -17.400774, -17.404953, -17.4094982, -17.4134102, -17.4159222, -17.4162903, -17.4159527, -17.4154568
1553.4099999999974, -17.4356861, -17.4254627, -17.4239731, -17.4323387, -17.4335766, -17.4362621, -17.4404106, -17.4338417, -17.4199982, -17.4115028
1553.4199999999973, -17.423111, -17.4236622, -17.4194889, -17.4200363, -17.425045, -17.4302235, -17.4287949, -17.4220181, -17.4259109, -17.4253616
1553.4299999999973, -17.4435577, -17.4432354, -17.4449024, -17.4455605, -17.4471989, -17.4486523, -17.4500694, -17.4483948, -17.443531, -17.4414082
1553.4399999999973, -17.4844418, -17.483099, -17.4807816, -17.4779186, -17.4763699, -17.4752064, -17.4738026, -17.472784, -17.4737701, -17.4728508
1553.4499999999973, -17.4992027, -17.4986649, -17.4988365, -17.4990063, -17.5007, -17.5020618, -17.5012836, -17.5008755, -17.496645, -17.4955063
1553.4599999999973, -17.5301399, -17.529871, -17.5288982, -17.5281601, -17.52701, -17.5285606, -17.5303383, -17.5305099, -17.5295887, -17.529604
1553.4699999999973, -17.5614262, -17.5619793, -17.5620975, -17.5629539, -17.5646515, -17.567028, -17.5679111, -17.5669422, -17.5662785, -17.5708923
1553.4799999999973, -17.5752735, -17.575449, -17.5749855, -17.5813637, -17.5802078, -17.5851326, -17.5998898, -17.6057777, -17.602211, -17.6024799
1553.4899999999973, -17.6018257, -17.5922871, -17.5880508, -17.5924816, -17.5960121, -17.5995388, -17.6011734, -17.6026134, -17.5992985, -17.5938606
1553.4999999999973, -17.6096954, -17.6076622, -17.6086941, -17.6085815, -17.6048603, -17.6027508, -17.6025085, -17.601717, -17.5986137, -17.5967846
1553.5099999999973, -17.6067829, -17.6030369, -17.6000156, -17.6029015, -17.6050777, -17.6029778, -17.604248, -17.6051903, -17.6070576, -17.6049728
1553.5199999999973, -17.6336803, -17.6288872, -17.6298084, -17.6300602, -17.6274109, -17.6278381, -17.6304302, -17.6270142, -17.6268711, -17.6260052
1553.5299999999972, -17.5885639, -17.5870838, -17.5877304, -17.5888958, -17.5896015, -17.5964298, -17.5990887, -17.5995331, -17.5999165, -17.6046257
1553.5399999999972, -17.5823116, -17.5937977, -17.5974522, -17.6095619, -17.6223469, -17.624609, -17.6179447, -17.6243629, -17.6316071, -17.606144
1553.5499999999972, -17.5635166, -17.5671654, -17.5551205, -17.5438251, -17.5381699, -17.530014, -17.5266438, -17.538969, -17.561573, -17.5617981
1553.5599999999972, -17.4975662, -17.5070324, -17.5125408, -17.5145321, -17.5142002, -17.5118256, -17.5011539, -17.496212, -17.504158, -17.516037
1553.5699999999972, -17.4908333, -17.4850731, -17.4773026, -17.4713287, -17.468565, -17.4724655, -17.4759254, -17.4802647, -17.4863186, -17.4915981
1553.5799999999972, -17.4408531, -17.4523735, -17.4576015, -17.4467335, -17.4409027, -17.4403534, -17.4419804, -17.4341831, -17.4294147, -17.4388275
1553.5899999999972, -17.3827477, -17.3818779, -17.3863487, -17.3890858, -17.3837738, -17.3750973, -17.3695488, -17.3727398, -17.3732643, -17.3753014
1553.5999999999972, -17.3322182, -17.3305035, -17.3324032, -17.3355541, -17.3395977, -17.3394699, -17.3388062, -17.3390846, -17.3379726, -17.33535
1553.6099999999972, -17.3083267, -17.312191, -17.313448, -17.3146057, -17.3099937, -17.300745, -17.2994156, -17.3055649, -17.3073521, -17.3064079
1553.6199999999972, -17.2840862, -17.2870483, -17.2828007, -17.2818756, -17.2873516, -17.2776356, -17.2656441, -17.2697372, -17.2740917, -17.273735
1553.6299999999972, -17.287426, -17.2791233, -17.2918358, -17.2966423, -17.2876816, -17.2791367, -17.2833729, -17.2799969, -17.2630501, -17.2698669
1553.6399999999971, -17.2471771, -17.2557411, -17.2647228, -17.2682972, -17.2649422, -17.2558956, -17.2479706, -17.2449093, -17.2459393, -17.2516651
1553.6499999999971, -17.2542229, -17.2553272, -17.262722, -17.2601414, -17.2549629, -17.2538681, -17.2524242, -17.2485638, -17.2475243, -17.2521572
1553.6599999999971, -17.271925, -17.2731361, -17.274313, -17.277689, -17.2784958, -17.2761917, -17.2818775, -17.2893219, -17.289917, -17.2855453
1553.6699999999971, -17.2985706, -17.3039494, -17.314352, -17.3138523, -17.3002014, -17.291935, -17.2895279, -17.2930317, -17.293148, -17.2952366
1553.679999999997, -17.3278503, -17.3170891, -17.3180561, -17.3208542, -17.3219852, -17.3264275, -17.3331013, -17.3372974, -17.3285904, -17.3210182
1553.689999999997, -17.3331642, -17.3332233, -17.3399963, -17.3434525, -17.3406239, -17.3324146, -17.3276939, -17.3228149, -17.3192635, -17.3253841
1553.699999999997, -17.3839512, -17.3809013, -17.3834476, -17.3918591, -17.4020195, -17.3986206, -17.3901939, -17.3858814, -17.3817673, -17.3801155
1553.709999999997, -17.4193554, -17.4105797, -17.4032459, -17.406292, -17.411377, -17.4094124, -17.4096642, -17.412693, -17.4146938, -17.4104004
1553.719999999997, -17.4262486, -17.4230671, -17.4245319, -17.424263, -17.4237041, -17.4268818, -17.4310226, -17.4286537, -17.4267254, -17.4293957
1553.729999999997, -17.4258881, -17.425087, -17.4249821, -17.4272957, -17.4282093, -17.4266453, -17.4247837, -17.4237022, -17.4248295, -17.4262104
1553.739999999997, -17.4399929, -17.4428177, -17.4503899, -17.4549236, -17.4520836, -17.451376, -17.4547749, -17.4587746, -17.4581013, -17.4444504
1553.749999999997, -17.3982296, -17.3942451, -17.3957062, -17.3923168, -17.3818245, -17.3783646, -17.3806915, -17.3808708, -17.3792686, -17.3844051
1553.759999999997, -17.3516102, -17.3469791, -17.3426533, -17.3489876, -17.3574257, -17.3538074, -17.3529091, -17.36203, -17.3670807, -17.3633213
1553.769999999997, -17.2839394, -17.2867241, -17.2845974, -17.2881126, -17.2984962, -17.2967949, -17.2894764, -17.2939301, -17.3008347, -17.2991695
1553.779999999997, -17.2288857, -17.2180843, -17.2150555, -17.2466679, -17.2639084, -17.2471695, -17.2470398, -17.247261, -17.2318401, -17.2208538
1553.789999999997, -17.1671619, -17.1706314, -17.161396, -17.1593266, -17.1661377, -17.1697655, -17.16889, -17.1710033, -17.1742039, -17.1661758
1553.799999999997, -17.099762, -17.1029816, -17.0898972, -17.070034, -17.0726795, -17.0841312, -17.0881672, -17.0845222, -17.0877895, -17.0830307
1553.809999999997, -17.0380344, -17.0490112, -17.0548649, -17.0430603, -17.037014, -17.0400715, -17.0414944, -17.0345554, -17.0362453, -17.0379486
1553.819999999997, -17.0006847, -17.0067196, -17.0117149, -17.0086803, -17.0054626, -17.0064163, -17.008709, -17.0099812, -17.0107784, -17.0083389
1553.829999999997, -16.9735394, -16.9745483, -16.9767056, -16.9818649, -16.9858265, -16.9731674, -16.9664173, -16.9659824, -16.9699707, -16.9737549
1553.839999999997, -16.9783478, -16.9778976, -16.9776249, -16.9787025, -16.980566, -16.9809818, -16.9807053, -16.9737396, -16.9749279, -16.9756908
1553.849999999997, -17.0155773, -17.0170822, -17.0097504, -17.0074863, -17.0135403, -17.021513, -17.0190735, -17.0169029, -17.0247574, -17.032999
1553.859999999997, -17.0508308, -17.0618591, -17.0588093, -17.0463676, -17.0410099, -17.0402012, -17.0427017, -17.0512905, -17.0647278, -17.0706177
1553.869999999997, -17.0909653, -17.0942116, -17.0959396, -17.0922127, -17.0877323, -17.0829906, -17.0778198, -17.0703335, -17.0650806, -17.0670948
1553.879999999997, -17.1014652, -17.103159, -17.1012554, -17.1006393, -17.1009827, -17.1018467, -17.1003036, -17.1026516, -17.1046867, -17.1034718
1553.889999999997, -17.1363697, -17.1338749, -17.1332607, -17.1342678, -17.1327801, -17.1313534, -17.1309357, -17.1313763, -17.1335411, -17.1362953
1553.899999999997, -17.1635246, -17.1622505, -17.162672, -17.1636715, -17.1664734, -17.1658764, -17.1636887, -17.1640453, -17.1647606, -17.1630192
1553.909999999997, -17.1796513, -17.1790352, -17.1819458, -17.1904945, -17.1945438, -17.1841717, -17.1773357, -17.1750317, -17.1678429, -17.1739635
1553.919999999997, -17.1681519, -17.1701069, -17.1689186, -17.1648197, -17.1668777, -17.1681671, -17.1629982, -17.1720524, -17.1833858, -17.1810093
1553.9299999999969, -17.1721916, -17.1727543, -17.1696281, -17.173008, -17.1714916, -17.1529655, -17.1424007, -17.1502934, -17.1551762, -17.1545277
1553.9399999999969, -17.1300278, -17.1369877, -17.1331139, -17.1386318, -17.1451626, -17.1368179, -17.1300106, -17.1359901, -17.153738, -17.1690063
1553.9499999999969, -17.1360626, -17.1335335, -17.1369305, -17.1308594, -17.1216679, -17.1178341, -17.117588, -17.1185169, -17.11726, -17.1134892
1553.9599999999969, -17.0874138, -17.0886574, -17.0835609, -17.0845604, -17.085741, -17.0782509, -17.0730534, -17.08951, -17.0922737, -17.0752163
1553.9699999999968, -17.0557499, -17.0693665, -17.0793552, -17.0817928, -17.0884304, -17.0837078, -17.050169, -17.0426502, -17.0497303, -17.0624275
1553.9799999999968, -16.9692554, -16.9709911, -16.9766808, -16.9691467, -16.9623718, -16.9747429, -16.9825497, -16.9758339, -16.9669647, -16.9692135
1553.9899999999968, -16.9054337, -16.909647, -16.9124088, -16.9046593, -16.9046535, -16.9096165, -16.9108467, -16.9151783, -16.9217148, -16.9163628
1553.9999999999968, -16.870203, -16.8676224, -16.8644905, -16.8663692, -16.8701744, -16.8646221, -16.8617783, -16.8658485, -16.866272, -16.8642616
1554.0099999999968, -16.8442726, -16.8451309, -16.8416367, -16.8392773, -16.8436489, -16.8439865, -16.8393974, -16.8396797, -16.8393764, -16.8389492
1554.0199999999968, -16.8078041, -16.8099442, -16.8127956, -16.8121815, -16.8115101, -16.8112297, -16.8071156, -16.8062248, -16.8066711, -16.8077145
1554.0299999999968, -16.8258934, -16.8284607, -16.8274784, -16.8266697, -16.8271027, -16.8256683, -16.8252373, -16.8262157, -16.8309994, -16.8266582
1554.0399999999968, -16.8399315, -16.8476639, -16.8387718, -16.8372879, -16.8349762, -16.8349285, -16.8403339, -16.8417091, -16.8408432, -16.8364868
1554.0499999999968, -16.8650341, -16.8676262, -16.8706741, -16.8683815, -16.8770027, -16.8847675, -16.8883934, -16.882206, -16.8763924, -16.8718681
1554.0599999999968, -16.8958092, -16.8890724, -16.8848667, -16.8816662, -16.8842087, -16.8878021, -16.8880272, -16.8878021, -16.8906116, -16.8949528
1554.0699999999968, -16.9211349, -16.9200668, -16.9218769, -16.9238319, -16.9279289, -16.9255428, -16.9207439, -16.921236, -16.9171162, -16.9181423
1554.0799999999967, -16.9664879, -16.9650478, -16.9673939, -16.9662991, -16.9672832, -16.9702816, -16.9729786, -16.9710751, -16.9637814, -16.9629078
1554.0899999999967, -16.9843273, -16.9822578, -16.9813404, -16.9841423, -16.9836712, -16.9825268, -16.9856319, -16.987133, -16.9839001, -16.981411
1554.0999999999967, -17.0023994, -17.0020199, -17.0030231, -17.0060139, -17.0053711, -17.0031338, -17.0008926, -17.0008068, -17.002861, -17.001627
1554.1099999999967, -17.0230942, -17.0203133, -17.0221863, -17.0218468, -17.0222397, -17.0222931, -17.0213108, -17.0253315, -17.0241165, -17.0240974
1554.1199999999967, -17.018259, -17.015192, -17.014595, -17.017849, -17.0226517, -17.0245762, -17.0240803, -17.0262623, -17.0296707, -17.0384426
1554.1299999999967, -17.0360336, -17.0329742, -17.0305538, -17.0258751, -17.0147438, -17.0162392, -17.0235653, -17.0263996, -17.0284386, -17.0348625
1554.1399999999967, -17.0041752, -17.0027485, -16.9981327, -16.9975719, -16.9989223, -16.9995651, -16.9978542, -17.0013809, -17.0015049, -16.9990692
1554.1499999999967, -16.961956, -16.9650345, -16.9600487, -16.9555035, -16.9525471, -16.9520931, -16.9538021, -16.9554691, -16.9578857, -16.9592133
1554.1599999999967, -16.8937054, -16.8954315, -16.8963985, -16.8960953, -16.8978405, -16.9011898, -16.903904, -16.9006824, -16.8988266, -16.8988857
1554.1699999999967, -16.8780823, -16.8813801, -16.8717289, -16.8726673, -16.8746948, -16.8726616, -16.8787327, -16.8796101, -16.8631496, -16.8499279
1554.1799999999967, -16.7831745, -16.7930222, -16.8021107, -16.7939186, -16.7773438, -16.7754059, -16.7887993, -16.7864494, -16.7869072, -16.7962093
1554.1899999999966, -16.7248669, -16.7268639, -16.7306347, -16.7316208, -16.7284756, -16.734911, -16.7441216, -16.7414513, -16.7446651, -16.7492752
1554.1999999999966, -16.6948433, -16.6911736, -16.6976814, -16.707613, -16.6983662, -16.6989861, -16.7080002, -16.7052956, -16.7038193, -16.7168732
1554.2099999999966, -16.7029114, -16.7042637, -16.6816063, -16.6702614, -16.6657162, -16.658741, -16.6505852, -16.6592274, -16.6804886, -16.6770782
1554.2199999999966, -16.6481361, -16.6512661, -16.6540527, -16.6547775, -16.6502171, -16.645916, -16.6510258, -16.6534405, -16.6543617, -16.6527214
1554.2299999999966, -16.6471596, -16.6513176, -16.6479378, -16.6440258, -16.6470814, -16.6541157, -16.6559734, -16.6557465, -16.6566486, -16.6560364
1554.2399999999966, -16.673769, -16.6856422, -16.6964359, -16.6949024, -16.693161, -16.693285, -16.7038536, -16.698885, -16.6959, -16.7084942
1554.2499999999966, -16.7372952, -16.7406807, -16.7453098, -16.7493305, -16.7475586, -16.7343521, -16.7265263, -16.7278328, -16.7321339, -16.7264652
1554.2599999999966, -16.7792683, -16.7888927, -16.7886009, -16.7858238, -16.7926197, -16.7937603, -16.7861423, -16.7760963, -16.7759705, -16.7711716
1554.2699999999966, -16.8577404, -16.8609009, -16.8629646, -16.8729877, -16.8539181, -16.8650322, -16.8620377, -16.8435364, -16.8335438, -16.8441868
1554.2799999999966, -16.8812923, -16.8994884, -16.9045448, -16.8974991, -16.8922367, -16.8936081, -16.8978119, -16.8859482, -16.8786926, -16.889967
1554.2899999999966, -16.9100342, -16.9107208, -16.909338, -16.9040318, -16.901556, -16.8948364, -16.8957939, -16.8978367, -16.8922386, -16.8905296
1554.2999999999965, -16.9131565, -16.9152355, -16.9172325, -16.9107342, -16.9101372, -16.9122047, -16.9121742, -16.9143295, -16.9156322, -16.91716
1554.3099999999965, -16.9677601, -16.9528828, -16.9336872, -16.9272518, -16.9292793, -16.9287472, -16.9432144, -16.9616013, -16.9676094, -16.9581852
1554.3199999999965, -16.9367657, -16.9400864, -16.9409389, -16.9352531, -16.9335136, -16.9255848, -16.9231834, -16.9291096, -16.9303913, -16.9269505
1554.3299999999965, -16.9105244, -16.9129982, -16.9149418, -16.9085045, -16.9037437, -16.9064751, -16.9066639, -16.9058533, -16.9074974, -16.911087
1554.3399999999965, -16.8716984, -16.8724976, -16.8716393, -16.8670578, -16.8649349, -16.863184, -16.8661194, -16.8708363, -16.8742046, -16.8752174
1554.3499999999965, -16.8430462, -16.8385906, -16.8389053, -16.8420238, -16.8416061, -16.8427315, -16.8431187, -16.8379669, -16.8337936, -16.8313465
1554.3599999999965, -16.8003025, -16.7991314, -16.7998257, -16.8010159, -16.8070946, -16.8133564, -16.8196716, -16.8226089, -16.8215218, -16.8184128
1554.3699999999965, -16.7700081, -16.7664146, -16.7615147, -16.7583771, -16.7551327, -16.7541885, -16.7565327, -16.7611561, -16.762989, -16.7596989
1554.3799999999965, -16.7259521, -16.7286224, -16.7293739, -16.7241764, -16.7218227, -16.7235851, -16.7259045, -16.7289352, -16.7306519, -16.7319756
1554.3899999999965, -16.6872349, -16.6890202, -16.6882687, -16.6889324, -16.7001839, -16.6967602, -16.6919498, -16.6906185, -16.6922436, -16.6967697
1554.3999999999965, -16.6352234, -16.635685, -16.6413727, -16.6412792, -16.6397629, -16.6423817, -16.6563969, -16.6533394, -16.6446896, -16.6438484
1554.4099999999964, -16.6310749, -16.6317883, -16.6337109, -16.6343288, -16.640276, -16.6457539, -16.6473026, -16.6474514, -16.6514053, -16.6535301
1554.4199999999964, -16.6182098, -16.6160393, -16.617384, -16.6270885, -16.6311417, -16.6250992, -16.6331425, -16.6403637, -16.6332531, -16.6240139
1554.4299999999964, -16.6358604, -16.6346512, -16.6288147, -16.6259785, -16.6361046, -16.6384106, -16.6378918, -16.6477013, -16.6593761, -16.6474266
1554.4399999999964, -16.6155262, -16.6171608, -16.6152058, -16.6060371, -16.6035919, -16.5993118, -16.5935345, -16.5933838, -16.6010838, -16.6075974
1554.4499999999964, -16.5783386, -16.5774899, -16.5825768, -16.590538, -16.5904274, -16.5844574, -16.5813961, -16.580183, -16.5797195, -16.5808907
1554.4599999999964, -16.6145515, -16.6193199, -16.6200199, -16.6198254, -16.6210384, -16.6157112, -16.5992031, -16.5904007, -16.5933571, -16.5993881
1554.4699999999964, -16.6057587, -16.6043472, -16.6061611, -16.6070557, -16.6007385, -16.598629, -16.6007595, -16.6027584, -16.6095467, -16.6154366
1554.4799999999964, -16.6310406, -16.632019, -16.6312847, -16.6273804, -16.6260395, -16.6253662, -16.6210632, -16.6222363, -16.6236458, -16.6189137
1554.4899999999964, -16.6600647, -16.658083, -16.6577034, -16.6586246, -16.6596203, -16.659502, -16.6574841, -16.6559296, -16.6555347, -16.6557693
1554.4999999999964, -16.7023964, -16.7012119, -16.7009544, -16.7022209, -16.7029724, -16.7020683, -16.7009373, -16.6989384, -16.6989117, -16.6979942
1554.5099999999964, -16.7322693, -16.7333183, -16.7308731, -16.7298965, -16.7316742, -16.7318726, -16.7310257, -16.7324104, -16.7316704, -16.7310085
1554.5199999999963, -16.7884979, -16.7896729, -16.7881927, -16.7796249, -16.7755604, -16.7668018, -16.7645226, -16.7653446, -16.7675648, -16.7699394
1554.5299999999963, -16.7964287, -16.7993069, -16.8092346, -16.8137589, -16.8148708, -16.812933, -16.8081837, -16.8038578, -16.8001328, -16.8016891
1554.5399999999963, -16.8349838, -16.8313179, -16.830698, -16.8277569, -16.8271732, -16.8299046, -16.8350716, -16.8371639, -16.8346329, -16.8323078
1554.5499999999963, -16.853651, -16.8523293, -16.8534679, -16.8553562, -16.8588734, -16.8595734, -16.8603096, -16.8609142, -16.8567524, -16.8551693
1554.5599999999963, -16.8635788, -16.8620319, -16.8609047, -16.8597527, -16.8586044, -16.8593693, -16.8615284, -16.862505, -16.8613377, -16.8608589
1554.5699999999963, -16.8448334, -16.8460007, -16.8466167, -16.8473301, -16.8494759, -16.8521614, -16.8513412, -16.8509102, -16.8511086, -16.8516521
1554.5799999999963, -16.8277912, -16.829855, -16.8319836, -16.8337307, -16.8348103, -16.8349857, -16.8405361, -16.8351517, -16.8231201, -16.8221645
1554.5899999999963, -16.7802391, -16.7786732, -16.7791615, -16.7806358, -16.7806416, -16.7842484, -16.7862263, -16.7866669, -16.7864933, -16.7864952
1554.5999999999963, -16.7368603, -16.734314, -16.7339497, -16.73209, -16.7299099, -16.7271347, -16.7292366, -16.7311459, -16.7356434, -16.7367363
1554.6099999999963, -16.7426281, -16.7309341, -16.715065, -16.6953278, -16.6985931, -16.7120056, -16.7197151, -16.710207, -16.6980724, -16.6904697
1554.6199999999963, -16.6157074, -16.6177177, -16.6181355, -16.6134014, -16.6097832, -16.6129074, -16.6144638, -16.6151257, -16.6175442, -16.6197796
1554.6299999999962, -16.5690861, -16.5683765, -16.5691452, -16.5687962, -16.5669231, -16.5678787, -16.5694485, -16.5665531, -16.5665035, -16.5686531
1554.6399999999962, -16.5324421, -16.5323429, -16.5337715, -16.5345764, -16.5347538, -16.5346012, -16.5339489, -16.532299, -16.530365, -16.5278454
1554.6499999999962, -16.5057411, -16.5056591, -16.5044289, -16.5013523, -16.5022602, -16.5020695, -16.5018673, -16.5012817, -16.5012341, -16.501461
1554.6599999999962, -16.500597, -16.5013161, -16.5014267, -16.5012684, -16.5007687, -16.5005531, -16.5007114, -16.5015297, -16.5023975, -16.5022831
1554.6699999999962, -16.5072403, -16.5076046, -16.508625, -16.5116425, -16.5133991, -16.5128746, -16.5117893, -16.5103512, -16.5108643, -16.5107975
1554.6799999999962, -16.5435352, -16.545351, -16.5464611, -16.5449238, -16.5440464, -16.5431061, -16.5431995, -16.5457401, -16.547472, -16.5494022
1554.6899999999962, -16.594965, -16.5950966, -16.595686, -16.5958424, -16.5952358, -16.5946217, -16.5951672, -16.5968323, -16.5973358, -16.5991898
1554.6999999999962, -16.6467533, -16.6476974, -16.6474667, -16.6489143, -16.6488152, -16.6484203, -16.6484547, -16.6479759, -16.6499405, -16.6518745
1554.7099999999962, -16.7017059, -16.7025108, -16.701189, -16.7007408, -16.7017822, -16.7013206, -16.7018681, -16.7030926, -16.702486, -16.7001324
1554.7199999999962, -16.7446384, -16.745348, -16.744421, -16.7435513, -16.7455254, -16.7443142, -16.7433376, -16.7434578, -16.7439079, -16.7439957
1554.7299999999962, -16.7828884, -16.7840214, -16.7829094, -16.779192, -16.7804623, -16.7806015, -16.7879219, -16.7837849, -16.7803822, -16.7806816
1554.7399999999961, -16.8052711, -16.8031235, -16.8014889, -16.8005352, -16.8009815, -16.8030987, -16.805397, -16.8057308, -16.8045464, -16.8035049
1554.7499999999961, -16.8154564, -16.8163414, -16.8158989, -16.8143826, -16.8139935, -16.8134995, -16.8128529, -16.8128262, -16.8141251, -16.8139515
1554.7599999999961, -16.8063545, -16.8064651, -16.8067131, -16.8068142, -16.8064861, -16.8071861, -16.8075066, -16.8071461, -16.8078785, -16.8082638
1554.7699999999961, -16.7859344, -16.7854443, -16.7840824, -16.7822342, -16.7816334, -16.7823601, -16.7828064, -16.7832718, -16.784565, -16.7818947
1554.779999999996, -16.7419147, -16.7417297, -16.7410393, -16.7433586, -16.7427177, -16.7424431, -16.7432842, -16.7442093, -16.7455769, -16.7443008
1554.789999999996, -16.6970844, -16.6958714, -16.6953621, -16.6951122, -16.6938381, -16.6947441, -16.695713, -16.69701, -16.697834, -16.6976261
1554.799999999996, -16.6290989, -16.6295204, -16.6309566, -16.6315041, -16.6324253, -16.6317978, -16.6301098, -16.6314888, -16.6335545, -16.634531
1554.809999999996, -16.5709991, -16.5703125, -16.5703831, -16.5698967, -16.5722866, -16.571249, -16.5697594, -16.5673923, -16.5665836, -16.5665779
1554.819999999996, -16.5199795, -16.5185738, -16.520237, -16.5221539, -16.5225105, -16.5219383, -16.5216084, -16.5209103, -16.5203285, -16.5214157
1554.829999999996, -16.4748898, -16.4753628, -16.4778233, -16.4785366, -16.4762707, -16.4733391, -16.4725971, -16.4713287, -16.4703083, -16.4716091
1554.839999999996, -16.4373608, -16.4373817, -16.4359417, -16.4366493, -16.4342003, -16.4346714, -16.4334927, -16.4324646, -16.4335155, -16.4341488
1554.849999999996, -16.4258232, -16.4249439, -16.42346, -16.4233589, -16.4218845, -16.422718, -16.4234314, -16.423439, -16.4218254, -16.4220905
1554.859999999996, -16.4311466, -16.4323406, -16.4328232, -16.4315548, -16.4305992, -16.4309635, -16.431406, -16.4327869, -16.4323425, -16.4328232
1554.869999999996, -16.441761, -16.4422855, -16.4432011, -16.4423981, -16.4421349, -16.4431019, -16.443903, -16.4446793, -16.444643, -16.4446354
1554.879999999996, -16.4733944, -16.4733009, -16.4729691, -16.4722233, -16.4730911, -16.4728489, -16.4725628, -16.4719543, -16.4715996, -16.4712601
1554.889999999996, -16.5163345, -16.5167809, -16.5125694, -16.5119858, -16.5132866, -16.5159893, -16.5159779, -16.5155048, -16.5146236, -16.5146427
1554.899999999996, -16.5595627, -16.5598812, -16.5610809, -16.5608215, -16.5641689, -16.5656033, -16.5663872, -16.5669498, -16.5667381, -16.5668201
1554.909999999996, -16.6126881, -16.6124516, -16.6127949, -16.6133976, -16.6136742, -16.6141777, -16.6140099, -16.6142445, -16.6143131, -16.6150112
1554.919999999996, -16.6710091, -16.6704903, -16.669384, -16.6719799, -16.6726875, -16.6727543, -16.6727867, -16.6713791, -16.6712112, -16.6711006
1554.929999999996, -16.7024937, -16.7001667, -16.70158, -16.7004642, -16.701355, -16.702301, -16.7018661, -16.7025852, -16.7033596, -16.7051964
1554.939999999996, -16.7259941, -16.7274704, -16.7273006, -16.7263718, -16.728241, -16.7268906, -16.7286739, -16.7286644, -16.7288342, -16.7299099
1554.949999999996, -16.6476784, -16.6571522, -16.6635208, -16.66782, -16.6696815, -16.6723423, -16.6743011, -16.6762848, -16.6793728, -16.6815548
1554.959999999996, -17.128027, -17.1621819, -17.2223396, -17.2420483, -17.2429962, -17.2638245, -17.286972, -17.3193817, -17.3200588, -17.3374233
1554.969999999996, -16.7467804, -16.7436275, -16.7425404, -16.7395897, -16.7395325, -16.7387104, -16.7365532, -16.7365112, -16.7343311, -16.7334023
1554.979999999996, -16.6927662, -16.6935616, -16.6918983, -16.6922607, -16.6913757, -16.6910667, -16.6903706, -16.6913166, -16.6892586, -16.6892052
1554.989999999996, -16.6408768, -16.6414051, -16.640976, -16.6415386, -16.640276, -16.6371803, -16.6365795, -16.6368923, -16.6374512, -16.6371536
1554.999999999996, -16.5900593, -16.5917683, -16.5906391, -16.5919514, -16.5923824, -16.5903797, -16.5916271, -16.5910892, -16.5908909, -16.590313
1555.009999999996, -16.551548, -16.5526485, -16.551939, -16.5511913, -16.5507469, -16.5497379, -16.5498295, -16.549715, -16.5491543, -16.5481091
1555.019999999996, -16.4932003, -16.4926701, -16.4961014, -16.4985847, -16.4974632, -16.4967251, -16.4966354, -16.4971085, -16.4964066, -16.4998283
1555.0299999999959, -16.4783821, -16.4792042, -16.4798164, -16.4799423, -16.4796124, -16.4800949, -16.4826641, -16.4841595, -16.4845543, -16.4854088
1555.0399999999959, -16.4724884, -16.4712009, -16.4686413, -16.4700127, -16.4704666, -16.4683037, -16.4643593, -16.4658184, -16.465435, -16.4662457
1555.0499999999959, -16.4843273, -16.4844093, -16.4863167, -16.4852905, -16.4849052, -16.4842663, -16.4857502, -16.4860935, -16.4875374, -16.4879169
1555.0599999999959, -16.5308094, -16.5302448, -16.5293007, -16.5307178, -16.5298538, -16.530405, -16.5295124, -16.5300903, -16.5310268, -16.5317535
1555.0699999999958, -16.5896378, -16.5919228, -16.5930195, -16.5906887, -16.5887775, -16.5875263, -16.5945683, -16.593977, -16.5896358, -16.585516
1555.0799999999958, -16.6674252, -16.6654778, -16.663456, -16.6634617, -16.6638336, -16.6648369, -16.6677895, -16.66749, -16.6637897, -16.6604786
1555.0899999999958, -16.7370224, -16.7382355, -16.738657, -16.7391815, -16.7393818, -16.7366829, -16.7360916, -16.7342243, -16.7366886, -16.7394676
1555.0999999999958, -16.8024902, -16.8024693, -16.8042583, -16.8038197, -16.8024445, -16.8025284, -16.8038616, -16.8038235, -16.8048325, -16.7992516
1555.1099999999958, -16.8561726, -16.8548393, -16.8560696, -16.8552456, -16.8574028, -16.8559971, -16.8551178, -16.8551407, -16.8568153, -16.8582706
1555.1199999999958, -16.8842354, -16.8843803, -16.8821888, -16.880928, -16.8822346, -16.8827534, -16.881424, -16.8800125, -16.8815498, -16.8816833
1555.1299999999958, -16.8858833, -16.8849068, -16.88521, -16.8837032, -16.8837109, -16.8854733, -16.885067, -16.885931, -16.8853683, -16.8851032
1555.1399999999958, -16.8623219, -16.8614731, -16.8611603, -16.8601856, -16.8595581, -16.8589344, -16.8583546, -16.8609314, -16.8618221, -16.860466
1555.1499999999958, -16.8312874, -16.831028, -16.8310719, -16.8319416, -16.8321304, -16.8319473, -16.8311996, -16.8315964, -16.8297672, -16.8288574
1555.1599999999958, -16.7826214, -16.783659, -16.7838898, -16.7849598, -16.7844658, -16.7814636, -16.7815399, -16.7818489, -16.7824669, -16.7812729
1555.1699999999958, -16.7299862, -16.7296791, -16.7279606, -16.7267704, -16.7256718, -16.7231522, -16.722168, -16.7207737, -16.720623, -16.7195587
1555.1799999999957, -16.7158146, -16.7164936, -16.7169113, -16.7172775, -16.7142582, -16.7112942, -16.7122955, -16.710104, -16.7113686, -16.7155113
1555.1899999999957, -16.7406197, -16.7416039, -16.740696, -16.7405529, -16.7430096, -16.7447224, -16.744997, -16.7438869, -16.7448006, -16.7447224
1555.1999999999957, -16.8311272, -16.833271, -16.8330402, -16.8338432, -16.8322639, -16.8303719, -16.8305645, -16.8313217, -16.8324032, -16.8341713
1555.2099999999957, -16.9694614, -16.969841, -16.9734631, -16.9728928, -16.9710102, -16.9716473, -16.9723644, -16.974802, -16.9743977, -16.9726944
1555.2199999999957, -17.1718216, -17.1721802, -17.174324, -17.1734219, -17.1741276, -17.1712189, -17.1701603, -17.1709614, -17.1713028, -17.1718979
1555.2299999999957, -17.3772049, -17.3796864, -17.3803234, -17.3792591, -17.3802147, -17.3834724, -17.3808327, -17.3789062, -17.3767509, -17.3775826
1555.2399999999957, -17.5287495, -17.5286217, -17.5282192, -17.5272732, -17.5245571, -17.5218925, -17.5245323, -17.5286293, -17.5281219, -17.5248508
1555.2499999999957, -17.5196152, -17.5306053, -17.5372295, -17.5460796, -17.5508633, -17.5546932, -17.5611877, -17.5653992, -17.571085, -17.5746956
1555.2599999999957, -17.5264282, -17.5276089, -17.5279427, -17.5270443, -17.5243988, -17.5242195, -17.5258427, -17.5280151, -17.5284481, -17.5304413
1555.2699999999957, -17.4875126, -17.4871216, -17.4850006, -17.4847584, -17.484499, -17.4848766, -17.490324, -17.4981327, -17.5021591, -17.5073757
1555.2799999999957, -17.4624081, -17.4624729, -17.4687729, -17.4738388, -17.4731598, -17.4721241, -17.4737167, -17.469698, -17.4652958, -17.4669895
1555.2899999999956, -17.4746075, -17.4732437, -17.4723206, -17.4728146, -17.4710197, -17.4721222, -17.4738045, -17.4760952, -17.4741497, -17.4711742
1555.2999999999956, -17.4477119, -17.4481316, -17.4504242, -17.4507275, -17.4531422, -17.4571762, -17.4610844, -17.4625874, -17.4615746, -17.4607048
1555.3099999999956, -17.3751488, -17.3757915, -17.3773289, -17.3798485, -17.3799744, -17.3806801, -17.3804131, -17.3793945, -17.3774033, -17.3774471
1555.3199999999956, -17.2612839, -17.2630653, -17.2642078, -17.2645874, -17.2650146, -17.2647686, -17.2668858, -17.2694321, -17.2698326, -17.2697697
1555.3299999999956, -17.1081276, -17.1090775, -17.113554, -17.1155891, -17.1147079, -17.1134834, -17.1119518, -17.1118946, -17.1115398, -17.1122398
1555.3399999999956, -16.976635, -16.9774132, -16.9805679, -16.9804688, -16.9777851, -16.9770451, -16.9762573, -16.9788666, -16.9805965, -16.9803066
1555.3499999999956, -16.866785, -16.8672905, -16.8660679, -16.8651104, -16.8631077, -16.8640614, -16.8648777, -16.8666477, -16.865839, -16.8644505
1555.3599999999956, -16.797945, -16.7990589, -16.7967987, -16.7937641, -16.7912693, -16.7933426, -16.7951012, -16.7961025, -16.7978592, -16.7954636
1555.3699999999956, -16.7559471, -16.7561779, -16.7543583, -16.7532482, -16.7514191, -16.7508774, -16.7520847, -16.7517109, -16.7518864, -16.7537003
1555.3799999999956, -16.7545815, -16.7528954, -16.7510567, -16.753376, -16.7534618, -16.7535553, -16.7536469, -16.7536869, -16.7538319, -16.7539215
1555.3899999999956, -16.778616, -16.7788754, -16.7780056, -16.7799988, -16.777174, -16.7761116, -16.7768459, -16.7763748, -16.7755356, -16.7733917
1555.3999999999955, -16.806982, -16.806654, -16.8064976, -16.8084373, -16.8120232, -16.8106136, -16.8129711, -16.81464, -16.8092842, -16.8163795
1555.4099999999955, -16.867794, -16.8688583, -16.8703251, -16.8689384, -16.8695316, -16.8714161, -16.8663464, -16.8639374, -16.8676167, -16.8722973
