wavelength_nm ,power_reading_0_dbm ,power_reading_1_dbm ,power_reading_2_dbm ,power_reading_3_dbm ,power_reading_4_dbm ,power_reading_5_dbm ,power_reading_6_dbm ,power_reading_7_dbm ,power_reading_8_dbm ,power_reading_9_dbm 
1529.0, -15.8959723, -15.8958235, -15.8956757, -15.8948803, -15.8934059, -15.8929901, -15.8939342, -15.8935966, -15.8921633, -15.8911772
1529.1, -16.0248756, -16.024437, -16.0246296, -16.0248299, -16.0260525, -16.0272217, -16.0278912, -16.0289574, -16.0293102, -16.0293484
1529.1999999999998, -15.9777536, -15.9776859, -15.9776735, -15.9771433, -15.9768934, -15.9770947, -15.9767895, -15.9772253, -15.9774265, -15.977891
1529.2999999999997, -15.9810047, -15.9799871, -15.978982, -15.9791174, -15.9794521, -15.9788589, -15.9786358, -15.9794941, -15.9793653, -15.9800758
1529.3999999999996, -15.8731527, -15.8733177, -15.873702, -15.8749819, -15.8760481, -15.8764143, -15.8771629, -15.8781948, -15.8785486, -15.8783131
1529.4999999999995, -15.9806261, -15.9801846, -15.9796438, -15.9798365, -15.9802551, -15.9797993, -15.9786968, -15.9785881, -15.9783812, -15.9780483
1529.5999999999995, -15.7718658, -15.7723618, -15.7726002, -15.7730665, -15.7728138, -15.7732658, -15.7736635, -15.7736979, -15.7735443, -15.7740374
1529.6999999999994, -16.111681, -16.112257, -16.1121407, -16.112215, -16.1120892, -16.1119556, -16.112215, -16.112772, -16.1128922, -16.1131897
1529.7999999999993, -15.7428265, -15.7429466, -15.7426281, -15.7427149, -15.7427607, -15.7427063, -15.7424879, -15.7430935, -15.7430935, -15.7433176
1529.8999999999992, -15.9613638, -15.9612799, -15.9611444, -15.9613113, -15.9612856, -15.9612989, -15.9611502, -15.9610977, -15.9617157, -15.9620886
1529.999999999999, -15.7810011, -15.7816, -15.7817707, -15.7816477, -15.7803078, -15.7801638, -15.7799959, -15.7805367, -15.7803822, -15.7804098
1530.099999999999, -15.8652878, -15.8654766, -15.8653803, -15.866045, -15.8659153, -15.8665533, -15.8666162, -15.8669281, -15.8669271, -15.8672113
1530.199999999999, -15.8280201, -15.8278303, -15.8276653, -15.8279133, -15.8281317, -15.8282032, -15.8287506, -15.8289719, -15.8279772, -15.8282919
1530.2999999999988, -15.7701845, -15.7697582, -15.7695398, -15.7700214, -15.7692213, -15.7696476, -15.7703505, -15.7695494, -15.7695827, -15.7694254
1530.3999999999987, -15.7200823, -15.7196712, -15.7192144, -15.7190218, -15.7189846, -15.7201757, -15.7205801, -15.7209978, -15.7211037, -15.7206745
1530.4999999999986, -15.9283266, -15.9284506, -15.9285641, -15.9279976, -15.9282742, -15.9283381, -15.92873, -15.9292822, -15.9292917, -15.9290113
1530.5999999999985, -15.6475735, -15.6475096, -15.6476498, -15.6476231, -15.6479816, -15.6474733, -15.6474485, -15.6461391, -15.6473122, -15.6482897
1530.6999999999985, -15.9394207, -15.9396791, -15.9396086, -15.9397192, -15.9392815, -15.9398785, -15.9396811, -15.9400539, -15.9401989, -15.9394627
1530.7999999999984, -15.6190996, -15.6192904, -15.6199417, -15.6202021, -15.620965, -15.62041, -15.620801, -15.6205168, -15.6198063, -15.6201296
1530.8999999999983, -15.8053942, -15.8056564, -15.8060055, -15.8060064, -15.8055801, -15.8070211, -15.8066378, -15.8073874, -15.8072691, -15.8074322
1530.9999999999982, -15.7782192, -15.7788038, -15.778183, -15.7783794, -15.7784882, -15.7790928, -15.7781248, -15.7783003, -15.7791185, -15.7789793
1531.099999999998, -15.7705498, -15.7704334, -15.7705059, -15.770402, -15.7704296, -15.7705307, -15.770401, -15.7707539, -15.7701044, -15.7706242
1531.199999999998, -15.7030945, -15.7034855, -15.7038097, -15.7037354, -15.7040577, -15.7035561, -15.7039185, -15.7039576, -15.7045279, -15.7044287
1531.299999999998, -15.8685493, -15.8675747, -15.8680115, -15.8678341, -15.8670664, -15.8677092, -15.8674765, -15.8677435, -15.8680182, -15.8674631
1531.3999999999978, -15.6172771, -15.6180954, -15.6175537, -15.6177359, -15.6173019, -15.617341, -15.6174622, -15.617548, -15.6174402, -15.61693
1531.4999999999977, -15.9630165, -15.963789, -15.9635019, -15.964406, -15.9643269, -15.964407, -15.9641638, -15.9635038, -15.9638271, -15.9637461
1531.5999999999976, -15.587863, -15.5874882, -15.5870953, -15.587224, -15.5874977, -15.5871477, -15.5873194, -15.5874653, -15.5871773, -15.5874758
1531.6999999999975, -15.8373032, -15.837512, -15.8372822, -15.8369617, -15.8370886, -15.8372202, -15.8370132, -15.8366661, -15.836813, -15.8373699
1531.7999999999975, -15.7258911, -15.7266283, -15.7268095, -15.7266207, -15.7266579, -15.7263079, -15.7267103, -15.7262659, -15.7265663, -15.7267714
1531.8999999999974, -15.8441849, -15.8439388, -15.8441839, -15.8440237, -15.8442669, -15.8439322, -15.8442154, -15.8437376, -15.8440323, -15.8442535
1531.9999999999973, -15.7707453, -15.7713156, -15.7706347, -15.7708683, -15.7708549, -15.7707548, -15.7706814, -15.7708788, -15.7708759, -15.7709608
1532.0999999999972, -15.8515568, -15.8505497, -15.8512506, -15.8507872, -15.8508005, -15.8507957, -15.8506165, -15.8506069, -15.8511, -15.8510036
1532.199999999997, -15.6036959, -15.6042271, -15.6041279, -15.6045179, -15.6048985, -15.6046991, -15.6047525, -15.6043072, -15.6043186, -15.604496
1532.299999999997, -15.9605398, -15.9604712, -15.960413, -15.9611902, -15.9613466, -15.9609489, -15.9613237, -15.960969, -15.9610262, -15.9611406
1532.399999999997, -15.6355495, -15.6354971, -15.6358204, -15.6362038, -15.6357222, -15.6361113, -15.6361647, -15.636385, -15.6367168, -15.6368217
1532.4999999999968, -15.9058981, -15.9059429, -15.9063253, -15.9063396, -15.9065523, -15.9060373, -15.9065685, -15.9060488, -15.906682, -15.9069033
1532.5999999999967, -15.6418934, -15.6423168, -15.6432552, -15.6431856, -15.6434126, -15.6427288, -15.6431417, -15.6429758, -15.6432076, -15.6418381
1532.6999999999966, -15.819252, -15.8190918, -15.820118, -15.8198442, -15.8199768, -15.8200579, -15.8195238, -15.8194809, -15.8196917, -15.8201628
1532.7999999999965, -15.8100662, -15.8106556, -15.8104191, -15.8104639, -15.8094492, -15.8088427, -15.8079653, -15.8081636, -15.8092194, -15.809474
1532.8999999999965, -15.8688631, -15.8680859, -15.8678198, -15.8674765, -15.8670177, -15.8664703, -15.8658199, -15.8661852, -15.8661861, -15.8659992
1532.9999999999964, -15.6195602, -15.6199751, -15.6202469, -15.6196413, -15.6193619, -15.619359, -15.6193571, -15.6186075, -15.6197271, -15.6201382
1533.0999999999963, -15.9781094, -15.9776812, -15.9779243, -15.9781618, -15.9781904, -15.9788742, -15.9789972, -15.9787779, -15.9787598, -15.9791317
1533.1999999999962, -15.5976429, -15.597887, -15.5979824, -15.5987244, -15.5976934, -15.5975437, -15.5973673, -15.5971403, -15.5976257, -15.5974598
1533.299999999996, -15.9595547, -15.9594622, -15.959177, -15.9601679, -15.96, -15.9600134, -15.960268, -15.9603167, -15.9603243, -15.9599752
1533.399999999996, -15.5968246, -15.5967026, -15.5962391, -15.5965281, -15.5965099, -15.5967274, -15.5966759, -15.5963001, -15.5957775, -15.595315
1533.499999999996, -15.8449059, -15.8450403, -15.8449745, -15.8446045, -15.8450165, -15.8459854, -15.845871, -15.8460979, -15.8461428, -15.846117
1533.5999999999958, -15.6963997, -15.6966648, -15.6965628, -15.6969557, -15.698576, -15.6984854, -15.6984386, -15.6983118, -15.6979122, -15.6975336
1533.6999999999957, -15.8221874, -15.8216724, -15.8221216, -15.8228865, -15.8230953, -15.8226948, -15.8219528, -15.8217449, -15.8221493, -15.8219719
1533.7999999999956, -15.639699, -15.6389627, -15.6402674, -15.641037, -15.6419821, -15.6427965, -15.6431894, -15.6429605, -15.6433353, -15.6439695
1533.8999999999955, -15.8950863, -15.8938971, -15.8939123, -15.893301, -15.8934269, -15.8934975, -15.8938608, -15.8942814, -15.8943415, -15.8947449
1533.9999999999955, -15.4995346, -15.4997835, -15.4999084, -15.5002871, -15.5000248, -15.4997044, -15.4992476, -15.4994812, -15.4991922, -15.4992962
1534.0999999999954, -15.8812294, -15.8815975, -15.8813314, -15.8810463, -15.8813667, -15.8810453, -15.8806992, -15.8809996, -15.8807621, -15.8808308
1534.1999999999953, -15.5206537, -15.5199089, -15.5194683, -15.5198212, -15.5197935, -15.5204887, -15.5196285, -15.5191793, -15.5188093, -15.5197687
1534.2999999999952, -15.7973719, -15.7963734, -15.7956209, -15.7965441, -15.7962637, -15.7962847, -15.7965546, -15.7959461, -15.7962132, -15.7967796
1534.399999999995, -15.5160685, -15.5154133, -15.5155191, -15.5149946, -15.5148764, -15.5147648, -15.5146055, -15.5150852, -15.5146675, -15.5138254
1534.499999999995, -15.7030525, -15.7029371, -15.7014303, -15.7002192, -15.7000484, -15.6989021, -15.6986427, -15.6984797, -15.6991396, -15.6990662
1534.599999999995, -15.5265131, -15.5275011, -15.5286188, -15.529129, -15.5280933, -15.5271664, -15.5278215, -15.5271683, -15.5276051, -15.5270367
1534.6999999999948, -15.7619686, -15.7621174, -15.7614489, -15.7598457, -15.7594929, -15.7579565, -15.7583523, -15.7583046, -15.7580976, -15.7583122
1534.7999999999947, -15.3222456, -15.3224916, -15.3232269, -15.3244162, -15.3224764, -15.3229942, -15.3222218, -15.3214769, -15.3218822, -15.3216591
1534.8999999999946, -15.7460861, -15.745965, -15.7462711, -15.7460461, -15.746623, -15.7457876, -15.7465143, -15.7468557, -15.746521, -15.7468615
1534.9999999999945, -15.3561478, -15.3562431, -15.3560162, -15.3563137, -15.3567133, -15.3566875, -15.3559542, -15.3560877, -15.3554707, -15.3554478
1535.0999999999945, -15.7023478, -15.7016039, -15.7009211, -15.7008581, -15.7013121, -15.7008228, -15.700655, -15.7015038, -15.7017908, -15.7017708
1535.1999999999944, -15.3037491, -15.3027992, -15.3034363, -15.3037367, -15.3037834, -15.3038626, -15.3040953, -15.3036814, -15.3038139, -15.3036394
1535.2999999999943, -15.591136, -15.5905704, -15.591404, -15.5916815, -15.5910883, -15.591383, -15.5918369, -15.5921392, -15.5917988, -15.5919456
1535.3999999999942, -15.3777924, -15.3772287, -15.3773794, -15.3772802, -15.3775196, -15.3770676, -15.3782263, -15.3777399, -15.3774729, -15.3781099
1535.499999999994, -15.6176548, -15.6171503, -15.6177139, -15.6178684, -15.6178923, -15.6176014, -15.6174679, -15.6189947, -15.6170006, -15.616662
1535.599999999994, -15.2349167, -15.2354879, -15.2361078, -15.2360554, -15.2355309, -15.2363968, -15.2351465, -15.2357817, -15.2350264, -15.2356424
1535.699999999994, -15.563962, -15.5641537, -15.5648575, -15.5657625, -15.5640621, -15.5640202, -15.5631218, -15.5636272, -15.5635681, -15.5637341
1535.7999999999938, -15.1607914, -15.159688, -15.159688, -15.1595526, -15.159687, -15.1601906, -15.1597614, -15.1601496, -15.1609488, -15.1608515
1535.8999999999937, -15.5849771, -15.5859146, -15.5867929, -15.5866823, -15.5861397, -15.5859776, -15.5861616, -15.5862284, -15.5866127, -15.5864658
1535.9999999999936, -15.2136497, -15.213026, -15.2142982, -15.2139282, -15.2144337, -15.2134485, -15.2123737, -15.2122974, -15.2123623, -15.2123728
1536.0999999999935, -15.5292015, -15.5282602, -15.5279627, -15.52742, -15.5278187, -15.52775, -15.528265, -15.5269556, -15.5265121, -15.5275764
1536.1999999999935, -15.1916761, -15.1913338, -15.1903992, -15.1903582, -15.1914473, -15.1918011, -15.192255, -15.1918774, -15.1918888, -15.1926184
1536.2999999999934, -15.5119476, -15.5122356, -15.5121813, -15.5123625, -15.5118599, -15.5123854, -15.5126266, -15.512455, -15.512516, -15.5128565
1536.3999999999933, -15.1842146, -15.1843119, -15.1853561, -15.1860304, -15.1880369, -15.1881495, -15.1873474, -15.1871872, -15.1868916, -15.1867609
1536.4999999999932, -15.5306606, -15.5295458, -15.5298967, -15.5300636, -15.5301151, -15.5310564, -15.5311632, -15.5311642, -15.5308313, -15.5308113
1536.599999999993, -15.059761, -15.0595598, -15.0597334, -15.0590096, -15.058959, -15.0592928, -15.0605602, -15.0599623, -15.0598116, -15.059762
1536.699999999993, -15.4518995, -15.4516087, -15.4515991, -15.451313, -15.4528055, -15.4507618, -15.451499, -15.4518595, -15.4524832, -15.4514008
1536.799999999993, -15.1296778, -15.1295156, -15.1295815, -15.1296873, -15.1299829, -15.1296597, -15.1294022, -15.1293278, -15.1293726, -15.1287107
1536.8999999999928, -15.5318232, -15.5320225, -15.5322104, -15.5323725, -15.5322037, -15.5318918, -15.5312548, -15.5311708, -15.5311995, -15.5310669
1536.9999999999927, -15.093729, -15.0929632, -15.0919666, -15.0923929, -15.092247, -15.0928431, -15.0930986, -15.0924826, -15.0923862, -15.0925217
1537.0999999999926, -15.4618616, -15.4620523, -15.4622116, -15.4628296, -15.4619236, -15.4625435, -15.4623108, -15.4623098, -15.4611588, -15.4607601
1537.1999999999925, -15.1235638, -15.1245422, -15.1257734, -15.1272287, -15.1271362, -15.1269426, -15.1265574, -15.1267166, -15.127203, -15.1278629
1537.2999999999925, -15.5144596, -15.5162001, -15.5159512, -15.5157213, -15.5157118, -15.5146942, -15.514782, -15.5144196, -15.5143919, -15.514534
1537.3999999999924, -15.1669922, -15.1667976, -15.166852, -15.1662874, -15.1666098, -15.1667261, -15.1659842, -15.1656837, -15.1673756, -15.1671247
1537.4999999999923, -15.4033804, -15.4036798, -15.4044771, -15.4052143, -15.4051952, -15.4050579, -15.4053631, -15.4052429, -15.4071035, -15.4068575
1537.5999999999922, -15.1022902, -15.102356, -15.1023932, -15.1029921, -15.1028185, -15.1027794, -15.1016722, -15.10252, -15.1028099, -15.1039047
1537.699999999992, -15.4954681, -15.4958935, -15.4954166, -15.4955549, -15.4958591, -15.4957027, -15.4948473, -15.4951315, -15.4953356, -15.495616
1537.799999999992, -15.157794, -15.1577549, -15.1577673, -15.1578732, -15.158247, -15.1579113, -15.1583443, -15.1582823, -15.1584339, -15.1585951
1537.899999999992, -15.5119286, -15.5121756, -15.5125952, -15.5127773, -15.5133972, -15.5134954, -15.5137825, -15.513629, -15.5132904, -15.5127306
1537.9999999999918, -15.1074247, -15.1075859, -15.1072655, -15.1073494, -15.1077385, -15.1086378, -15.1083164, -15.1079111, -15.1086016, -15.1081743
1538.0999999999917, -15.5215693, -15.5220766, -15.523303, -15.5237598, -15.5230999, -15.5223293, -15.5228386, -15.5220118, -15.5203524, -15.5209789
1538.1999999999916, -15.2010765, -15.2005167, -15.2007723, -15.2013664, -15.2019463, -15.2031813, -15.201951, -15.2010584, -15.2006273, -15.201355
1538.2999999999915, -15.4331903, -15.4331732, -15.4331522, -15.4338474, -15.4346714, -15.4353275, -15.4358683, -15.4348068, -15.4346838, -15.4347525
1538.3999999999915, -15.2279758, -15.2273378, -15.2268152, -15.2264366, -15.2269058, -15.2266588, -15.2265358, -15.226181, -15.2264042, -15.2262239
1538.4999999999914, -15.4828367, -15.4833469, -15.4838009, -15.4841948, -15.4841213, -15.4831753, -15.4832792, -15.4831791, -15.4834948, -15.4838858
1538.5999999999913, -15.1900587, -15.1894646, -15.1890125, -15.1902828, -15.1913195, -15.1910229, -15.1898346, -15.1899405, -15.1898003, -15.1897297
1538.6999999999912, -15.5548496, -15.5549641, -15.5546675, -15.5543537, -15.5541458, -15.5543633, -15.5542593, -15.5541267, -15.554512, -15.5543966
1538.799999999991, -15.1176529, -15.1172791, -15.1170254, -15.1167278, -15.1171417, -15.1168585, -15.116868, -15.1173782, -15.1183453, -15.1170874
1538.899999999991, -15.5457783, -15.5466385, -15.5474749, -15.5477905, -15.5481377, -15.5479469, -15.5476332, -15.5472908, -15.5469398, -15.5479584
1538.999999999991, -15.205287, -15.2050152, -15.2046499, -15.2042923, -15.2039289, -15.2033854, -15.2033234, -15.2032719, -15.2031603, -15.2027254
1539.0999999999908, -15.406847, -15.4064465, -15.4069529, -15.4074669, -15.4073, -15.4078732, -15.4082174, -15.4083881, -15.4076128, -15.4087334
1539.1999999999907, -15.3614883, -15.3621569, -15.3631678, -15.36271, -15.361886, -15.3621368, -15.362442, -15.3625193, -15.3618879, -15.3627739
1539.2999999999906, -15.356411, -15.3568592, -15.3571024, -15.357214, -15.3568888, -15.357028, -15.3577843, -15.3577833, -15.3578415, -15.357316
1539.3999999999905, -15.263814, -15.2637196, -15.2644281, -15.2644215, -15.2645741, -15.2643118, -15.2640638, -15.2643518, -15.2642479, -15.264698
1539.4999999999905, -15.5121517, -15.5121489, -15.5122147, -15.5115395, -15.5112429, -15.5109406, -15.5107908, -15.5110798, -15.5113239, -15.5113478
1539.5999999999904, -15.2112494, -15.2113581, -15.2112083, -15.2101488, -15.2100401, -15.2097816, -15.2098646, -15.2101135, -15.2101574, -15.2100124
1539.6999999999903, -15.4917688, -15.4920187, -15.4911966, -15.4902449, -15.4892454, -15.4887457, -15.4885378, -15.4885626, -15.4892874, -15.4899025
1539.7999999999902, -15.1339388, -15.1338654, -15.1337757, -15.1334534, -15.1335258, -15.133296, -15.1337395, -15.1343594, -15.1343126, -15.1334696
1539.89999999999, -15.3334675, -15.333704, -15.3355913, -15.3374062, -15.3384743, -15.3382702, -15.3385773, -15.3387451, -15.3387899, -15.3386488
1539.99999999999, -15.3608484, -15.3604574, -15.3606148, -15.3604746, -15.3607016, -15.3610344, -15.3608065, -15.3610258, -15.3606777, -15.3609915
1540.09999999999, -15.2581568, -15.2579689, -15.2580652, -15.2577572, -15.257926, -15.2582846, -15.2578926, -15.2573957, -15.2572412, -15.2571564
1540.1999999999898, -15.3065414, -15.3068466, -15.3064556, -15.3067341, -15.3062706, -15.3055048, -15.3062334, -15.3055286, -15.3050079, -15.3053217
1540.2999999999897, -15.3170519, -15.3169413, -15.3174686, -15.3173227, -15.3171597, -15.3168211, -15.3165874, -15.317029, -15.3168793, -15.3170404
1540.3999999999896, -15.2206888, -15.2205982, -15.2212229, -15.221221, -15.2215395, -15.2206478, -15.220808, -15.2205362, -15.2200966, -15.2199926
1540.4999999999895, -15.3853197, -15.3846807, -15.3850994, -15.3845682, -15.3849163, -15.3847437, -15.3845758, -15.3846292, -15.3843527, -15.3844347
1540.5999999999894, -15.0954361, -15.0962496, -15.0961905, -15.0956955, -15.0962391, -15.0955715, -15.0954752, -15.0944633, -15.0944929, -15.0940256
1540.6999999999894, -15.1799154, -15.1809473, -15.1822443, -15.1847687, -15.1862507, -15.1859989, -15.1863909, -15.1865463, -15.1867647, -15.1871901
1540.7999999999893, -15.2364769, -15.2357178, -15.234952, -15.2350693, -15.234643, -15.2342024, -15.2335386, -15.2337608, -15.23351, -15.2336473
1540.8999999999892, -15.0832453, -15.083127, -15.0828457, -15.0834141, -15.0838642, -15.0833178, -15.0828829, -15.0830536, -15.0830088, -15.0825939
1540.999999999989, -15.3230429, -15.3231592, -15.3227005, -15.3223486, -15.3216848, -15.3226852, -15.3222799, -15.3208504, -15.3216209, -15.3215141
1541.099999999989, -15.0117083, -15.0116634, -15.0116711, -15.0115509, -15.0114956, -15.0107994, -15.010601, -15.0109921, -15.0113497, -15.0109663
1541.199999999989, -15.1331348, -15.1326246, -15.1324501, -15.132165, -15.1322975, -15.1319256, -15.132267, -15.1322384, -15.1321058, -15.1320763
1541.2999999999888, -15.1263256, -15.1270533, -15.1278143, -15.1284466, -15.1283941, -15.1289883, -15.1296511, -15.1300945, -15.1285954, -15.1288166
1541.3999999999887, -15.0716696, -15.0704536, -15.0703859, -15.070219, -15.0698433, -15.0691385, -15.0692739, -15.0688725, -15.0688362, -15.0691843
1541.4999999999886, -15.0223198, -15.0225239, -15.0240202, -15.0257998, -15.0272999, -15.0261879, -15.0252495, -15.0250044, -15.0257998, -15.0253696
1541.5999999999885, -15.1191244, -15.1172094, -15.1172113, -15.1174068, -15.1175499, -15.1179771, -15.1176987, -15.1179075, -15.1178246, -15.1174517
1541.6999999999884, -14.8357935, -14.836442, -14.8372231, -14.8371735, -14.8373299, -14.8383799, -14.8387575, -14.839016, -14.8394089, -14.8389425
1541.7999999999884, -15.1703873, -15.1695681, -15.1700859, -15.1707354, -15.1702557, -15.1698866, -15.1697483, -15.1697578, -15.1695251, -15.169611
1541.8999999999883, -14.8175707, -14.8176327, -14.8171129, -14.8174524, -14.8182859, -14.8188715, -14.8187504, -14.8190889, -14.8188238, -14.8180208
1541.9999999999882, -15.1051359, -15.1054125, -15.1059237, -15.1064882, -15.1065235, -15.1061735, -15.1064825, -15.1064615, -15.1060333, -15.1065083
1542.099999999988, -14.8279247, -14.8279581, -14.8282528, -14.8284645, -14.8284807, -14.8287525, -14.8282337, -14.8278761, -14.8278646, -14.8267975
1542.199999999988, -14.9460707, -14.9458885, -14.9463053, -14.9460812, -14.9462471, -14.9452333, -14.9454975, -14.945385, -14.9453373, -14.9453869
1542.299999999988, -14.8541145, -14.8541307, -14.8542252, -14.8531685, -14.8536329, -14.8535213, -14.853693, -14.8540945, -14.8538599, -14.8535442
1542.3999999999878, -15.0540657, -15.0543089, -15.0537653, -15.0522432, -15.0518913, -15.0517006, -15.0517902, -15.0515003, -15.0516958, -15.0527601
1542.4999999999877, -14.6311855, -14.6296988, -14.6299229, -14.6303339, -14.6310472, -14.6315269, -14.6314926, -14.6321144, -14.632041, -14.6320839
1542.5999999999876, -15.0550003, -15.0548906, -15.0553179, -15.0553379, -15.0560379, -15.0557823, -15.0557489, -15.0558767, -15.0556793, -15.0559349
1542.6999999999875, -14.6650095, -14.6648712, -14.665288, -14.6648226, -14.6648922, -14.6648111, -14.6648664, -14.6647367, -14.6646833, -14.6647234
1542.7999999999874, -15.10009, -15.0996962, -15.0995378, -15.0991602, -15.0994911, -15.0995255, -15.0994434, -15.0999451, -15.0997505, -15.0991583
1542.8999999999874, -14.5999823, -14.5999022, -14.599884, -14.5996981, -14.5996037, -14.5999222, -14.5998373, -14.5998917, -14.5999994, -14.6001348
1542.9999999999873, -14.9559469, -14.9552374, -14.9558544, -14.9557877, -14.9561434, -14.9556847, -14.9557877, -14.9558582, -14.9565601, -14.9570665
1543.0999999999872, -14.6768379, -14.6772699, -14.6782541, -14.6777182, -14.6773968, -14.6777639, -14.6766472, -14.6769085, -14.6770878, -14.6768618
1543.199999999987, -15.0159121, -15.01546, -15.0156488, -15.0156288, -15.0158424, -15.0159721, -15.0155039, -15.0150528, -15.0152159, -15.0157537
1543.299999999987, -14.5993204, -14.5998964, -14.5997276, -14.5998325, -14.5997248, -14.5994329, -14.599103, -14.599184, -14.5994425, -14.5994787
1543.399999999987, -14.9909191, -14.9907999, -14.9897966, -14.9888716, -14.9879656, -14.9878254, -14.987462, -14.9875336, -14.9877501, -14.9880953
1543.4999999999868, -14.6235561, -14.6228285, -14.6234951, -14.6228971, -14.6226845, -14.6226759, -14.6224356, -14.6222515, -14.6223812, -14.6226826
1543.5999999999867, -15.0450583, -15.0442123, -15.044076, -15.0441799, -15.044384, -15.0451365, -15.0453672, -15.0455017, -15.0458899, -15.0459747
1543.6999999999866, -14.6858511, -14.6852169, -14.685463, -14.6847935, -14.6851101, -14.6851206, -14.6848984, -14.6849194, -14.6854887, -14.6858168
1543.7999999999865, -15.0257473, -15.0255556, -15.025713, -15.0257864, -15.0260277, -15.0257359, -15.0263901, -15.0257587, -15.0259199, -15.0259781
1543.8999999999864, -14.5764751, -14.5755148, -14.5758429, -14.5761089, -14.5760164, -14.5760336, -14.575882, -14.5756474, -14.5753937, -14.5747881
1543.9999999999864, -15.026906, -15.0265989, -15.0268097, -15.0265827, -15.0274677, -15.0277328, -15.0278711, -15.0278893, -15.0276985, -15.0274286
1544.0999999999863, -14.6398888, -14.6394835, -14.6397114, -14.6402597, -14.6403427, -14.6408663, -14.641778, -14.6411829, -14.6413355, -14.6401529
1544.1999999999862, -15.0063238, -15.0056438, -15.0058165, -15.0061045, -15.0075254, -15.0081444, -15.0081387, -15.0091057, -15.0101194, -15.0102406
1544.299999999986, -14.7121105, -14.7112608, -14.7113161, -14.7119961, -14.7114878, -14.7112846, -14.7109537, -14.7114983, -14.7116671, -14.7114172
1544.399999999986, -14.9490414, -14.9491587, -14.9496994, -14.9492016, -14.9489603, -14.9486589, -14.949564, -14.9496202, -14.9502153, -14.9503651
1544.499999999986, -14.801857, -14.8016176, -14.801321, -14.8005781, -14.8002987, -14.8002949, -14.800211, -14.800209, -14.7993641, -14.7999372
1544.5999999999858, -15.0082264, -15.0084019, -15.0091763, -15.0092564, -15.0098553, -15.0100307, -15.0097609, -15.009984, -15.0094032, -15.0094585
1544.6999999999857, -14.6934242, -14.6922865, -14.6914968, -14.691288, -14.6914873, -14.6925144, -14.6922216, -14.6919584, -14.6917677, -14.6920853
1544.7999999999856, -15.0418978, -15.0438128, -15.0441856, -15.0445395, -15.0445566, -15.0445309, -15.0449791, -15.0449677, -15.0450907, -15.0455847
1544.8999999999855, -14.6644421, -14.6640234, -14.6632271, -14.6631079, -14.6631021, -14.6631489, -14.6628656, -14.662899, -14.6627865, -14.6629076
1544.9999999999854, -15.0335875, -15.0327787, -15.033988, -15.036211, -15.0374336, -15.0380363, -15.0378933, -15.0382061, -15.0387955, -15.0389271
1545.0999999999854, -14.8925943, -14.8920412, -14.8907099, -14.8898935, -14.889534, -14.8890467, -14.888361, -14.8879156, -14.887682, -14.8877048
1545.1999999999853, -14.8262653, -14.8267107, -14.8266983, -14.8264074, -14.8260336, -14.8266068, -14.8267736, -14.8267107, -14.8263083, -14.8255472
1545.2999999999852, -14.893261, -14.8930206, -14.8931665, -14.8939877, -14.8939552, -14.8931618, -14.8931313, -14.8929672, -14.8932915, -14.8944492
1545.399999999985, -14.8534565, -14.8530931, -14.8525991, -14.8527155, -14.8529873, -14.8526258, -14.8529596, -14.8533268, -14.8529234, -14.8524141
1545.499999999985, -14.9116087, -14.9109707, -14.9108953, -14.9108, -14.9106493, -14.911006, -14.9111967, -14.9106836, -14.9105196, -14.9102859
1545.599999999985, -14.9030247, -14.9020672, -14.9014673, -14.9013262, -14.9010611, -14.9008522, -14.9006548, -14.9007654, -14.9007215, -14.900898
1545.6999999999848, -14.7031965, -14.7032518, -14.7034321, -14.7034159, -14.7032585, -14.7026463, -14.7021332, -14.7019882, -14.7022219, -14.7021942
1545.7999999999847, -14.9315691, -14.9315271, -14.9319468, -14.9320402, -14.9324617, -14.9328175, -14.9338694, -14.9342613, -14.9342928, -14.9346037
1545.8999999999846, -14.9067249, -14.9076443, -14.9082956, -14.9078407, -14.9080124, -14.9080458, -14.9078903, -14.9080315, -14.9078398, -14.9084206
1545.9999999999845, -14.7016487, -14.702714, -14.7057381, -14.7055798, -14.7038326, -14.7044468, -14.7033529, -14.7032318, -14.7041483, -14.7042704
1546.0999999999844, -14.9887352, -14.9885387, -14.9888258, -14.9890051, -14.9889231, -14.9885902, -14.9886742, -14.9891357, -14.9886007, -14.9881411
1546.1999999999844, -14.6305723, -14.6311359, -14.631669, -14.6321001, -14.6322632, -14.6325512, -14.6320724, -14.6322489, -14.6322155, -14.6320276
1546.2999999999843, -14.9281521, -14.9285059, -14.9285727, -14.9277811, -14.9274349, -14.927515, -14.9274092, -14.9278307, -14.9277678, -14.9276352
1546.3999999999842, -14.6471758, -14.6470814, -14.6474447, -14.6475668, -14.6466665, -14.6467571, -14.6465616, -14.6463346, -14.6460056, -14.6458168
1546.499999999984, -14.8215027, -14.821249, -14.8215284, -14.8216476, -14.821681, -14.8217812, -14.8216181, -14.8219624, -14.8222799, -14.8224649
1546.599999999984, -14.7125368, -14.7120323, -14.7122555, -14.712327, -14.7127581, -14.7136736, -14.7131758, -14.7136641, -14.7143087, -14.7148561
1546.699999999984, -14.8169584, -14.8170147, -14.8168211, -14.8164291, -14.8161726, -14.8154831, -14.8148842, -14.814312, -14.8142595, -14.8147039
1546.7999999999838, -14.5363779, -14.5360355, -14.5354233, -14.5357199, -14.5362434, -14.5365686, -14.5360737, -14.5369673, -14.5372458, -14.5376606
1546.8999999999837, -14.9439039, -14.9435139, -14.9432335, -14.9426765, -14.9427729, -14.9426718, -14.9424343, -14.9428339, -14.9428196, -14.9425573
1546.9999999999836, -14.4594707, -14.4588757, -14.4586287, -14.4586201, -14.4581785, -14.4579687, -14.4578705, -14.4574699, -14.4567404, -14.4569082
1547.0999999999835, -14.8906622, -14.8903656, -14.8903408, -14.8904629, -14.8903704, -14.8904171, -14.8908501, -14.8909245, -14.8909626, -14.8910065
1547.1999999999834, -14.4141245, -14.4139566, -14.4136839, -14.4132328, -14.4138584, -14.4138727, -14.413949, -14.4147711, -14.4150229, -14.4142714
1547.2999999999834, -14.8168859, -14.8167038, -14.8167429, -14.817173, -14.8170996, -14.8175516, -14.8176823, -14.8178482, -14.8180237, -14.8171453
1547.3999999999833, -14.4212961, -14.4220762, -14.4219456, -14.4216156, -14.4215488, -14.4217386, -14.421072, -14.4207344, -14.4214964, -14.4216537
1547.4999999999832, -14.7555428, -14.7540865, -14.7530441, -14.7516823, -14.752224, -14.7520151, -14.7524824, -14.7523994, -14.7520218, -14.7516146
1547.599999999983, -14.3719549, -14.3703127, -14.3704138, -14.3708744, -14.3719912, -14.3730764, -14.3734016, -14.3733063, -14.3736792, -14.3738346
1547.699999999983, -14.792984, -14.7920542, -14.7907677, -14.7902927, -14.7906771, -14.7908363, -14.791234, -14.7917728, -14.7921829, -14.7922983
1547.799999999983, -14.4045753, -14.4041739, -14.4038782, -14.4034586, -14.4038248, -14.4037304, -14.4033756, -14.4031334, -14.4028616, -14.402667
1547.8999999999828, -14.7573938, -14.7570009, -14.7572603, -14.7569733, -14.7569408, -14.7568226, -14.7583141, -14.7585011, -14.7586813, -14.7580347
1547.9999999999827, -14.3240309, -14.3232059, -14.322875, -14.322938, -14.3230286, -14.3229942, -14.322875, -14.3233871, -14.3230858, -14.3233099
1548.0999999999826, -14.7084541, -14.7091455, -14.7092857, -14.7090321, -14.7089653, -14.7099819, -14.7100182, -14.7098732, -14.7101421, -14.7098312
1548.1999999999825, -14.285964, -14.2860107, -14.2861376, -14.2860422, -14.2861786, -14.2862921, -14.286726, -14.2866154, -14.2865734, -14.2864351
1548.2999999999824, -14.7569647, -14.7574062, -14.7577963, -14.7575512, -14.7575827, -14.7576532, -14.7574911, -14.7573805, -14.7568359, -14.7570858
1548.3999999999824, -14.2429056, -14.2424736, -14.2423897, -14.2417564, -14.2409849, -14.2402792, -14.2403069, -14.2395658, -14.2395277, -14.2398243
1548.4999999999823, -14.678237, -14.6774216, -14.6774206, -14.677022, -14.676939, -14.6788969, -14.6803045, -14.679781, -14.6800518, -14.6802225
1548.5999999999822, -14.4111032, -14.4110241, -14.4105701, -14.4099493, -14.4091005, -14.4090509, -14.4091873, -14.4093723, -14.4087152, -14.4086399
1548.699999999982, -14.5147867, -14.5138483, -14.5135841, -14.5133524, -14.5133724, -14.5141191, -14.5140409, -14.5134888, -14.5127201, -14.5130386
1548.799999999982, -14.5037193, -14.5052071, -14.505168, -14.5057249, -14.5050125, -14.5053196, -14.5049505, -14.5052052, -14.5047121, -14.5045862
1548.899999999982, -14.5457754, -14.5462112, -14.5461435, -14.5457287, -14.5460548, -14.5460567, -14.5463676, -14.5461378, -14.5460672, -14.5469866
1548.9999999999818, -14.3640051, -14.3643923, -14.3641462, -14.3654041, -14.3658724, -14.3661757, -14.36658, -14.3664684, -14.3665018, -14.3661871
1549.0999999999817, -14.6098156, -14.6110411, -14.6104498, -14.6088934, -14.609436, -14.6092997, -14.6096411, -14.6088276, -14.6084442, -14.6079578
1549.1999999999816, -14.3409462, -14.3406687, -14.341054, -14.3409233, -14.3409119, -14.3403168, -14.3394041, -14.3389711, -14.3390303, -14.3387642
1549.2999999999815, -14.6950111, -14.6946135, -14.6944456, -14.6940937, -14.6937599, -14.6927052, -14.6919022, -14.6918879, -14.6922827, -14.6929779
1549.3999999999814, -14.4167147, -14.4176884, -14.4181767, -14.4181805, -14.418376, -14.4179211, -14.4168978, -14.4174042, -14.4178133, -14.4180574
1549.4999999999814, -14.41045, -14.4107046, -14.4109135, -14.4113846, -14.4116898, -14.4117737, -14.4122372, -14.4117575, -14.4114962, -14.4107962
1549.5999999999813, -14.6226425, -14.622323, -14.6214409, -14.6211262, -14.6207514, -14.6218882, -14.6220341, -14.6219711, -14.6216412, -14.6219063
1549.6999999999812, -14.3519316, -14.3514185, -14.3514624, -14.3518047, -14.3534603, -14.3536339, -14.3540554, -14.3541555, -14.3539619, -14.3545589
1549.799999999981, -14.6651716, -14.665307, -14.6650896, -14.6645966, -14.6644258, -14.663887, -14.6641836, -14.6626129, -14.663868, -14.6646538
1549.899999999981, -14.4135141, -14.4136391, -14.4130764, -14.4129858, -14.4125805, -14.4130478, -14.4135637, -14.4136333, -14.4136934, -14.4146481
1549.999999999981, -14.5662479, -14.565856, -14.5657759, -14.5661535, -14.5660133, -14.5655813, -14.565402, -14.5657501, -14.5653296, -14.565011
1550.0999999999808, -14.5825577, -14.5828199, -14.5826197, -14.5841217, -14.584466, -14.5831184, -14.5814743, -14.5801964, -14.5809956, -14.5814161
1550.1999999999807, -14.6407137, -14.6406536, -14.6416931, -14.6419735, -14.6419258, -14.6423807, -14.6424227, -14.6419744, -14.642128, -14.6417093
1550.2999999999806, -14.3898306, -14.3908501, -14.3911886, -14.3902121, -14.3895264, -14.3885612, -14.3887348, -14.3885489, -14.3890915, -14.3890285
1550.3999999999805, -14.7261572, -14.7267761, -14.7264118, -14.7267742, -14.7269402, -14.7268467, -14.7275076, -14.7283106, -14.7284756, -14.7287474
1550.4999999999804, -14.3198338, -14.319315, -14.3189878, -14.3182259, -14.3184423, -14.3182487, -14.319067, -14.3187103, -14.3188906, -14.3184557
1550.5999999999804, -14.8345003, -14.8338633, -14.8338728, -14.8337135, -14.833416, -14.833251, -14.8324537, -14.8323078, -14.8325138, -14.8322382
1550.6999999999803, -14.3191538, -14.3200216, -14.3199759, -14.3198223, -14.3194761, -14.320384, -14.3208055, -14.3209696, -14.3206282, -14.3208208
1550.7999999999802, -14.7529507, -14.7526159, -14.7527924, -14.7527428, -14.7526827, -14.7522783, -14.7523031, -14.7531672, -14.7532835, -14.7525387
1550.89999999998, -14.4274759, -14.4267645, -14.4271631, -14.4269638, -14.4268703, -14.4255791, -14.426672, -14.4269295, -14.4280376, -14.4279413
1550.99999999998, -14.8359442, -14.8368692, -14.8367405, -14.8365984, -14.8366394, -14.8364401, -14.8361673, -14.8365297, -14.8367071, -14.8369122
1551.09999999998, -14.4172459, -14.4170446, -14.4169531, -14.4172764, -14.4176826, -14.416996, -14.4166555, -14.4169159, -14.4170866, -14.4170771
1551.1999999999798, -14.8739967, -14.8748646, -14.8754139, -14.8748512, -14.8752289, -14.8750916, -14.8752518, -14.8749189, -14.8744392, -14.8740034
1551.2999999999797, -14.3790073, -14.3793945, -14.3791046, -14.3790359, -14.3789654, -14.3793945, -14.3797703, -14.3793182, -14.3793068, -14.378993
1551.3999999999796, -14.7717915, -14.7714043, -14.7713985, -14.7714443, -14.7720709, -14.7721558, -14.7724705, -14.7724562, -14.7724447, -14.7729092
1551.4999999999795, -14.4504843, -14.4502296, -14.4504271, -14.4504318, -14.4509182, -14.4506369, -14.4503288, -14.4498739, -14.4496298, -14.4498596
1551.5999999999794, -14.8692474, -14.8697968, -14.869813, -14.8693447, -14.8696556, -14.8700809, -14.8697968, -14.8696995, -14.869688, -14.8694572
1551.6999999999794, -14.3495932, -14.3495283, -14.3493795, -14.3496256, -14.3497944, -14.3498421, -14.3492775, -14.3492107, -14.3499079, -14.3494835
1551.7999999999793, -14.8199768, -14.820241, -14.8197756, -14.8198166, -14.8198309, -14.8199472, -14.8199549, -14.8200283, -14.8199682, -14.81989
1551.8999999999792, -14.3892841, -14.3896799, -14.3899336, -14.3897982, -14.3896685, -14.3902512, -14.3896379, -14.3893538, -14.3892822, -14.388031
1551.999999999979, -14.9147396, -14.9119339, -14.9124975, -14.9142141, -14.9134922, -14.9137545, -14.9138584, -14.9134874, -14.9138203, -14.9146452
1552.099999999979, -14.4435329, -14.4441509, -14.4441118, -14.4439411, -14.4437037, -14.4442739, -14.4438877, -14.4436207, -14.4443054, -14.4443674
1552.199999999979, -14.6297483, -14.6304455, -14.6301727, -14.629837, -14.629817, -14.6302748, -14.6304922, -14.6307421, -14.6305466, -14.630024
1552.2999999999788, -14.5341377, -14.5342159, -14.5345278, -14.5347843, -14.5346861, -14.5346375, -14.5345078, -14.5346489, -14.5344524, -14.5344658
1552.3999999999787, -14.6274824, -14.6269245, -14.6262569, -14.6266012, -14.6265488, -14.6255798, -14.6250048, -14.6248322, -14.6260872, -14.6259909
1552.4999999999786, -14.5172462, -14.5171413, -14.5161905, -14.5166483, -14.5168352, -14.5166197, -14.5157013, -14.5160961, -14.5162325, -14.5167646
1552.5999999999785, -14.6637869, -14.6635647, -14.6640615, -14.6642342, -14.6644926, -14.6634836, -14.6628017, -14.6624727, -14.6622171, -14.6625519
1552.6999999999784, -14.3644457, -14.3643618, -14.3649893, -14.3648176, -14.3652554, -14.3654976, -14.3651009, -14.3646631, -14.364665, -14.3644829
1552.7999999999784, -14.6575356, -14.6581974, -14.6604271, -14.6611872, -14.6617346, -14.6616688, -14.6610355, -14.6615381, -14.6628284, -14.6623812
1552.8999999999783, -14.5542469, -14.5575228, -14.56005, -14.5606203, -14.5613813, -14.5611801, -14.5613737, -14.5609856, -14.5601749, -14.5602007
1552.9999999999782, -14.4087524, -14.4091034, -14.4100046, -14.4125061, -14.412261, -14.4128637, -14.4129333, -14.4129944, -14.4128571, -14.4120922
1553.099999999978, -14.5500383, -14.5500126, -14.5499172, -14.5481443, -14.5491009, -14.5482292, -14.5472946, -14.549098, -14.5497265, -14.5505228
1553.199999999978, -14.273222, -14.2729282, -14.2733335, -14.2739248, -14.2733011, -14.2732973, -14.2734032, -14.274519, -14.2757568, -14.2756777
1553.299999999978, -14.647974, -14.6481047, -14.647625, -14.6477652, -14.6476564, -14.6474886, -14.6470804, -14.6474791, -14.6478434, -14.6472092
1553.3999999999778, -14.3628922, -14.3633919, -14.3635759, -14.363224, -14.3622875, -14.3622465, -14.362154, -14.3610678, -14.3607302, -14.3609848
1553.4999999999777, -14.4340868, -14.4340496, -14.4331264, -14.4334145, -14.4338646, -14.4343128, -14.4347534, -14.4353065, -14.4354219, -14.4351864
1553.5999999999776, -14.3550854, -14.3550663, -14.3549299, -14.3546457, -14.3545046, -14.3544607, -14.354557, -14.3543787, -14.3544226, -14.3538952
1553.6999999999775, -14.4907904, -14.4909382, -14.4910316, -14.4906311, -14.490613, -14.4902773, -14.4901934, -14.4897127, -14.4891024, -14.4893723
1553.7999999999774, -14.1773729, -14.1755724, -14.1728401, -14.1727018, -14.1739635, -14.1736622, -14.1720037, -14.1707973, -14.1704903, -14.169404
1553.8999999999774, -14.6172228, -14.6171017, -14.6173782, -14.6169624, -14.6174707, -14.6160088, -14.6159601, -14.6153183, -14.6151829, -14.6152248
1553.9999999999773, -14.036828, -14.0365152, -14.0364122, -14.0357637, -14.0361404, -14.0367403, -14.0364485, -14.035367, -14.0350456, -14.0352945
1554.0999999999772, -14.5355415, -14.5356998, -14.5360327, -14.5362434, -14.5362358, -14.5359621, -14.5349007, -14.5351162, -14.5355864, -14.5353489
1554.199999999977, -14.0759363, -14.0768967, -14.0776386, -14.0775642, -14.0769205, -14.0765886, -14.0766439, -14.0770226, -14.0770531, -14.0762587
1554.299999999977, -14.6435165, -14.6430397, -14.6430864, -14.6441402, -14.6436129, -14.6436214, -14.6440811, -14.6441317, -14.644145, -14.6437368
1554.399999999977, -14.0770617, -14.0766993, -14.0770798, -14.0764465, -14.0770502, -14.0757303, -14.0759478, -14.0766287, -14.0776806, -14.0774813
1554.4999999999768, -14.467639, -14.4679232, -14.4678831, -14.4682274, -14.4685726, -14.4682579, -14.4675608, -14.4676418, -14.4681358, -14.4685192
1554.5999999999767, -14.0164042, -14.0164671, -14.0173216, -14.0167561, -14.0181456, -14.0181255, -14.0181437, -14.0173988, -14.0172462, -14.0167665
1554.6999999999766, -14.5497093, -14.546629, -14.5465689, -14.5479717, -14.548069, -14.5473862, -14.5461416, -14.5458794, -14.5455389, -14.5452747
1554.7999999999765, -14.1001005, -14.1003609, -14.1008167, -14.1005611, -14.1001387, -14.1002483, -14.1007452, -14.1012526, -14.100069, -14.1000977
1554.8999999999764, -14.3896589, -14.3900452, -14.3903675, -14.3900805, -14.3900299, -14.3896675, -14.3897419, -14.3898659, -14.3898411, -14.3896112
1554.9999999999764, -14.1055174, -14.1054106, -14.1051302, -14.1050835, -14.1049595, -14.1051455, -14.1056299, -14.1050301, -14.1053028, -14.1053238
1555.0999999999763, -14.4100723, -14.4104443, -14.4107914, -14.4112568, -14.4115677, -14.4110727, -14.4110537, -14.4107256, -14.4107513, -14.4110441
1555.1999999999762, -14.1465139, -14.1451321, -14.1454868, -14.1458063, -14.1458178, -14.1455059, -14.1452627, -14.1455812, -14.1461697, -14.1465673
1555.299999999976, -14.5352221, -14.5338488, -14.5336571, -14.5337772, -14.5356531, -14.5352831, -14.5348501, -14.534441, -14.5348721, -14.533371
1555.399999999976, -14.003418, -14.0039129, -14.0034046, -14.0031691, -14.0033693, -14.0030165, -14.003253, -14.0037832, -14.0034237, -14.0033722
1555.499999999976, -14.4244299, -14.4241009, -14.424901, -14.4230957, -14.4210892, -14.4206076, -14.4201927, -14.4199305, -14.4210091, -14.421175
1555.5999999999758, -14.2651138, -14.2681265, -14.2701969, -14.2729359, -14.2734213, -14.2741489, -14.2746487, -14.2754622, -14.2755938, -14.2755098
1555.6999999999757, -14.3092384, -14.309186, -14.3089743, -14.3091955, -14.3086195, -14.3087063, -14.3081312, -14.3094082, -14.3101635, -14.3105679
1555.7999999999756, -14.3272038, -14.3269758, -14.3287945, -14.3280611, -14.3282146, -14.3269863, -14.3279562, -14.3267212, -14.3267803, -14.3270264
1555.8999999999755, -14.1668005, -14.167244, -14.1677856, -14.1683121, -14.1680117, -14.1675596, -14.1679564, -14.1673088, -14.1671486, -14.167243
1555.9999999999754, -14.3997183, -14.3997774, -14.3994684, -14.3998127, -14.399642, -14.3995457, -14.3995428, -14.3992748, -14.3991461, -14.3986559
1556.0999999999754, -14.3846083, -14.383338, -14.3827343, -14.3827486, -14.3814564, -14.3813143, -14.382514, -14.3817101, -14.3817043, -14.3809175
1556.1999999999753, -14.3003702, -14.2986488, -14.2983465, -14.298708, -14.2987642, -14.2992496, -14.2984819, -14.2987785, -14.2984858, -14.2984858
1556.2999999999752, -14.3205547, -14.3201065, -14.3207884, -14.3205919, -14.3201799, -14.3205156, -14.3204403, -14.3206596, -14.3208055, -14.3211288
1556.399999999975, -14.377058, -14.3784561, -14.3802395, -14.3815708, -14.3823586, -14.3821163, -14.3830404, -14.3833084, -14.3836346, -14.383769
1556.499999999975, -14.148283, -14.1460695, -14.1458893, -14.146616, -14.1463871, -14.1462278, -14.1462898, -14.146121, -14.1467762, -14.1474581
1556.599999999975, -14.6993971, -14.7003422, -14.7011967, -14.7013407, -14.701499, -14.702857, -14.7015686, -14.7016621, -14.7020845, -14.7017622
1556.6999999999748, -14.0911007, -14.0914106, -14.0914545, -14.0913315, -14.0918941, -14.0922136, -14.0916367, -14.0914307, -14.0915508, -14.0914879
1556.7999999999747, -14.53409, -14.5342722, -14.5341959, -14.5343208, -14.5341654, -14.5337114, -14.533453, -14.5337887, -14.5335789, -14.5329638
1556.8999999999746, -14.1026249, -14.1024113, -14.1024542, -14.1011229, -14.1023464, -14.1020069, -14.1023645, -14.1024046, -14.102066, -14.1027622
1556.9999999999745, -14.7013311, -14.701416, -14.7010155, -14.7020874, -14.7025242, -14.702219, -14.7026033, -14.7020969, -14.7027063, -14.7036381
1557.0999999999744, -14.1766996, -14.1765842, -14.1772356, -14.1772757, -14.1777735, -14.1788387, -14.1794872, -14.1782446, -14.178587, -14.178009
1557.1999999999744, -14.5367441, -14.5366602, -14.5372124, -14.5371017, -14.5367775, -14.535861, -14.535018, -14.5349417, -14.5341845, -14.5342741
1557.2999999999743, -14.0887508, -14.0867071, -14.0846815, -14.0850077, -14.084918, -14.0834579, -14.0828943, -14.0825939, -14.083498, -14.0845909
1557.3999999999742, -14.6015062, -14.6011419, -14.6005239, -14.5998478, -14.5998602, -14.5994606, -14.5983238, -14.5977259, -14.5974855, -14.597105
1557.499999999974, -14.2491302, -14.2488327, -14.2492161, -14.2494812, -14.2496061, -14.2494059, -14.2492485, -14.2486095, -14.2485657, -14.2480154
1557.599999999974, -14.6447754, -14.6454897, -14.6447124, -14.6446581, -14.6441908, -14.6436214, -14.6431303, -14.6444798, -14.6453037, -14.645606
1557.699999999974, -14.1529207, -14.1527328, -14.1526833, -14.1530275, -14.153163, -14.1534252, -14.1532488, -14.1532297, -14.1535158, -14.1531982
1557.7999999999738, -14.5776606, -14.5780334, -14.5785952, -14.5785599, -14.5794134, -14.579566, -14.5794449, -14.5802212, -14.5799217, -14.5799723
1557.8999999999737, -14.1987839, -14.198473, -14.198575, -14.1984015, -14.1984625, -14.1982136, -14.1985607, -14.1977358, -14.1990166, -14.1995201
1557.9999999999736, -14.716424, -14.7162409, -14.7167501, -14.7166739, -14.7163162, -14.7152777, -14.71492, -14.7149897, -14.7153015, -14.7160091
1558.0999999999735, -14.091877, -14.0922823, -14.0926561, -14.0927162, -14.0919971, -14.091917, -14.0916948, -14.0923452, -14.092164, -14.0924511
1558.1999999999734, -14.4706421, -14.4678221, -14.4640684, -14.4604511, -14.4586897, -14.4585361, -14.4577217, -14.4573593, -14.4544535, -14.4531012
1558.2999999999734, -14.4092112, -14.4095373, -14.4103336, -14.409811, -14.4094477, -14.4086981, -14.4085217, -14.4079762, -14.4086189, -14.4080839
1558.3999999999733, -14.3761063, -14.3765383, -14.3781805, -14.3808298, -14.3813429, -14.3821182, -14.3832331, -14.3832607, -14.3827085, -14.3823662
1558.4999999999732, -14.5530691, -14.5533829, -14.5530081, -14.5539112, -14.5530691, -14.5547113, -14.5543671, -14.5550861, -14.5556831, -14.5552502
1558.599999999973, -14.3000202, -14.3009739, -14.301074, -14.299572, -14.3002596, -14.3013515, -14.3017626, -14.3026657, -14.301981, -14.3013058
1558.699999999973, -14.4223194, -14.4219475, -14.4219217, -14.4225245, -14.422595, -14.4224768, -14.4228258, -14.4224167, -14.4230804, -14.4224796
1558.799999999973, -14.4148121, -14.4159842, -14.4163218, -14.4171381, -14.4173317, -14.4172411, -14.4169321, -14.4174061, -14.4171238, -14.4169636
1558.8999999999728, -14.4001503, -14.3993254, -14.3989029, -14.3987665, -14.398078, -14.3981094, -14.3972969, -14.3974209, -14.395299, -14.3968801
1558.9999999999727, -14.3486776, -14.3462505, -14.3431711, -14.3430986, -14.34338, -14.3437414, -14.3444271, -14.3434839, -14.3429804, -14.3433399
1559.0999999999726, -14.4015522, -14.4078035, -14.4134235, -14.4185486, -14.4208145, -14.4231586, -14.4240818, -14.4249487, -14.4256344, -14.4255896
1559.1999999999725, -14.1021461, -14.1015892, -14.1018028, -14.1008673, -14.0988741, -14.099268, -14.1001949, -14.099719, -14.0992737, -14.0990267
1559.2999999999724, -14.7024612, -14.7025757, -14.7028465, -14.7030478, -14.7037592, -14.7024937, -14.7025518, -14.7024593, -14.7025204, -14.7028255
1559.3999999999724, -14.1083632, -14.1083202, -14.1082087, -14.1084366, -14.1083107, -14.1079388, -14.1094236, -14.1094484, -14.1089268, -14.1086903
1559.4999999999723, -14.5743656, -14.5749245, -14.5749302, -14.5748425, -14.5747805, -14.5754318, -14.5747452, -14.5756636, -14.5753469, -14.5750637
1559.5999999999722, -14.0540466, -14.0535412, -14.0537643, -14.0536919, -14.0535316, -14.053978, -14.0538225, -14.0537357, -14.0536747, -14.0541668
1559.699999999972, -14.6339321, -14.6338253, -14.6326962, -14.633976, -14.6345491, -14.6338978, -14.6338148, -14.6337185, -14.6320562, -14.6330595
1559.799999999972, -14.1143742, -14.1141291, -14.1143007, -14.1142559, -14.1134005, -14.1140156, -14.1136379, -14.1137333, -14.1134377, -14.1136475
1559.899999999972, -14.565093, -14.5655928, -14.5657225, -14.5672703, -14.5688095, -14.5694046, -14.5687122, -14.5685453, -14.5686235, -14.5687075
1559.9999999999718, -13.9826813, -13.9830179, -13.9833994, -13.9824686, -13.983717, -13.9834881, -13.9836807, -13.9848061, -13.9853916, -13.9858446
1560.0999999999717, -14.4787941, -14.4792681, -14.479475, -14.4793005, -14.4789972, -14.478713, -14.4790745, -14.4782276, -14.4787893, -14.4788618
1560.1999999999716, -14.1848078, -14.1850615, -14.1862698, -14.1862659, -14.1860027, -14.1861105, -14.185997, -14.1853018, -14.1857414, -14.1858101
1560.2999999999715, -14.5169392, -14.5162687, -14.5174265, -14.5185423, -14.5193377, -14.5184069, -14.5183411, -14.5178642, -14.5177689, -14.5181131
1560.3999999999714, -14.0929251, -14.0926781, -14.093071, -14.0932751, -14.0933361, -14.0924654, -14.0924721, -14.0918522, -14.0927496, -14.0929871
1560.4999999999714, -14.4034729, -14.4036932, -14.4035492, -14.4039898, -14.4036961, -14.4042034, -14.4035435, -14.403965, -14.403347, -14.403574
1560.5999999999713, -14.0873938, -14.0879698, -14.0874939, -14.0871248, -14.0873547, -14.0879068, -14.0882626, -14.0887833, -14.0879793, -14.0887861
1560.6999999999712, -14.5468779, -14.5484533, -14.5500689, -14.5489893, -14.5496349, -14.5495415, -14.5491333, -14.5484877, -14.5482273, -14.548625
1560.799999999971, -14.1440191, -14.1498079, -14.1539907, -14.156683, -14.1594152, -14.1632109, -14.165225, -14.167716, -14.1683969, -14.1692333
1560.899999999971, -14.3079643, -14.3028908, -14.3030519, -14.2985725, -14.2974043, -14.2977858, -14.2981825, -14.2977467, -14.296299, -14.2946215
1560.999999999971, -14.3701563, -14.3709688, -14.3712826, -14.371192, -14.3711252, -14.3710537, -14.3710365, -14.3712416, -14.3710518, -14.3714056
1561.0999999999708, -14.1122332, -14.1120491, -14.1131802, -14.1132164, -14.1126041, -14.1128254, -14.11271, -14.1131744, -14.112751, -14.1121302
1561.1999999999707, -14.5400629, -14.5404606, -14.5400124, -14.5386028, -14.5390921, -14.537981, -14.5373411, -14.5387897, -14.5394764, -14.5394897
1561.2999999999706, -14.1771336, -14.1768618, -14.1760902, -14.1755981, -14.1759863, -14.1758604, -14.1753273, -14.1766825, -14.1764364, -14.1759558
1561.3999999999705, -14.3504972, -14.3495693, -14.3500671, -14.3506422, -14.3504753, -14.3502293, -14.3505993, -14.3507309, -14.35112, -14.3507795
1561.4999999999704, -14.1718369, -14.1721115, -14.1746464, -14.175416, -14.1761866, -14.1766329, -14.1769381, -14.1758862, -14.1760817, -14.1769514
1561.5999999999704, -14.4341736, -14.4357958, -14.4356794, -14.4369946, -14.4373407, -14.4380693, -14.4371128, -14.4369326, -14.4370613, -14.4362993
1561.6999999999703, -14.247366, -14.2424269, -14.2385206, -14.2341518, -14.2278547, -14.2258549, -14.2198772, -14.2192078, -14.2179203, -14.2166615
1561.7999999999702, -14.617466, -14.6211491, -14.6246138, -14.6266899, -14.6303234, -14.6305609, -14.6297188, -14.6305046, -14.6301079, -14.6301889
1561.89999999997, -14.0538216, -14.0541258, -14.0541334, -14.0546551, -14.0548449, -14.0552597, -14.0551939, -14.055356, -14.0549889, -14.0550928
1561.99999999997, -14.6337929, -14.6347122, -14.6352634, -14.6370268, -14.6365862, -14.6359615, -14.6356421, -14.6352015, -14.6352234, -14.6352711
1562.09999999997, -14.1109076, -14.1109009, -14.1111822, -14.1113033, -14.1113997, -14.1114492, -14.1115103, -14.111414, -14.1112013, -14.1108952
1562.1999999999698, -14.7473288, -14.7476816, -14.747613, -14.747632, -14.7478447, -14.747508, -14.7479334, -14.7474623, -14.74757, -14.7473946
1562.2999999999697, -14.0669346, -14.0668297, -14.0675888, -14.067606, -14.0667667, -14.0670414, -14.0670156, -14.0670624, -14.0667391, -14.0653553
1562.3999999999696, -14.6394005, -14.6389084, -14.6392508, -14.6387978, -14.6388206, -14.6385622, -14.6384945, -14.6385183, -14.6387138, -14.6385126
1562.4999999999695, -14.1341963, -14.1346903, -14.1346884, -14.134491, -14.1340981, -14.1345501, -14.1347189, -14.1350641, -14.1356077, -14.1348267
1562.5999999999694, -14.7948809, -14.7929373, -14.7908955, -14.7895699, -14.7885275, -14.7857027, -14.7837563, -14.7842464, -14.7810154, -14.7793674
1562.6999999999694, -14.2985392, -14.3026419, -14.3059912, -14.3076696, -14.3090773, -14.310256, -14.3113031, -14.3117113, -14.3118687, -14.3128567
1562.7999999999693, -14.547739, -14.5473633, -14.5467215, -14.5466766, -14.5466347, -14.5458355, -14.5460358, -14.5450211, -14.5446844, -14.5451355
1562.8999999999692, -14.4771671, -14.4770956, -14.4765186, -14.4766235, -14.4769163, -14.4764957, -14.4762173, -14.4766045, -14.476572, -14.4757748
1562.999999999969, -14.5192022, -14.5191851, -14.5192156, -14.5195303, -14.5190439, -14.5178947, -14.5179205, -14.5182829, -14.5186834, -14.5184441
1563.099999999969, -14.5431328, -14.5428371, -14.5429716, -14.5432749, -14.5434179, -14.543889, -14.5433207, -14.5429029, -14.5431223, -14.5430193
1563.199999999969, -14.5883999, -14.5889091, -14.5890722, -14.5884857, -14.5892544, -14.590024, -14.5902386, -14.589716, -14.5901985, -14.5896015
1563.2999999999688, -14.4342918, -14.433568, -14.4340191, -14.4342203, -14.4341402, -14.4339352, -14.4335508, -14.4344425, -14.4345827, -14.4349985
1563.3999999999687, -14.6080151, -14.6066694, -14.6066332, -14.605238, -14.6019211, -14.6002951, -14.599781, -14.598752, -14.5991173, -14.5987768
1563.4999999999686, -14.6481409, -14.6544962, -14.6591787, -14.6652603, -14.6707811, -14.6763601, -14.6818333, -14.6864223, -14.6888933, -14.6912708
1563.5999999999685, -14.4451962, -14.4397335, -14.4337769, -14.431922, -14.4259806, -14.4266062, -14.4240427, -14.4212618, -14.4199629, -14.4203148
1563.6999999999684, -14.7658806, -14.7674856, -14.7665482, -14.7666903, -14.7667942, -14.7663803, -14.7664843, -14.7667665, -14.7673864, -14.7672758
1563.7999999999683, -14.3084068, -14.3096437, -14.3089838, -14.3085737, -14.3083925, -14.3082027, -14.3081923, -14.3088846, -14.3086491, -14.3088131
1563.8999999999683, -14.8777752, -14.8778648, -14.8776722, -14.8778687, -14.8776579, -14.877552, -14.8776026, -14.8774948, -14.8782845, -14.8783684
1563.9999999999682, -14.3486319, -14.3490076, -14.3481903, -14.348753, -14.3490725, -14.3490515, -14.3487244, -14.3486576, -14.3493967, -14.3492813
1564.099999999968, -14.8752708, -14.8748684, -14.87572, -14.8751173, -14.8756914, -14.8747625, -14.875021, -14.8742142, -14.8745337, -14.8752003
1564.199999999968, -14.33183, -14.3325281, -14.3320923, -14.3327732, -14.3315191, -14.3317623, -14.3308182, -14.3302937, -14.3310099, -14.3311329
1564.299999999968, -14.8941183, -14.8936844, -14.8936453, -14.8953695, -14.896821, -14.897687, -14.8970842, -14.8971968, -14.8966904, -14.8962507
1564.3999999999678, -14.3286562, -14.3297176, -14.3297863, -14.3304014, -14.3316269, -14.331955, -14.3320189, -14.3334589, -14.3316565, -14.3324366
1564.4999999999677, -14.9844027, -14.983489, -14.9817095, -14.9823084, -14.9791498, -14.9792061, -14.9800844, -14.9804621, -14.9807787, -14.9810028
1564.5999999999676, -14.4033031, -14.4043436, -14.4033728, -14.4029856, -14.4027796, -14.4027462, -14.4029541, -14.402401, -14.4024525, -14.4017372
1564.6999999999675, -14.7365313, -14.7375278, -14.7376404, -14.7388668, -14.7394094, -14.7384901, -14.7379847, -14.7364178, -14.7354336, -14.7358704
1564.7999999999674, -14.4913445, -14.4943295, -14.5005941, -14.4969044, -14.4908638, -14.4886742, -14.4885159, -14.487731, -14.4878635, -14.4876699
1564.8999999999673, -14.8065453, -14.8063335, -14.8070793, -14.8067465, -14.806757, -14.8067026, -14.8063869, -14.8065176, -14.8062859, -14.8058214
1564.9999999999673, -14.4680614, -14.4670134, -14.4676476, -14.4715128, -14.4692545, -14.4696903, -14.4733267, -14.4749432, -14.4786367, -14.470192
1565.0999999999672, -14.7968025, -14.7961311, -14.795929, -14.7957287, -14.7954483, -14.8033133, -14.805213, -14.8015594, -14.799778, -14.8014793
1565.199999999967, -14.4843044, -14.4850378, -14.4854689, -14.4861183, -14.4869518, -14.4882183, -14.4963799, -14.4920816, -14.490819, -14.4979954
1565.299999999967, -14.7043571, -14.6945057, -14.6883965, -14.6805334, -14.6735353, -14.6651936, -14.6572323, -14.6559448, -14.6503038, -14.6494827
1565.399999999967, -14.7718964, -14.7770023, -14.7807913, -14.7854128, -14.7864561, -14.788166, -14.7892561, -14.7902946, -14.7906656, -14.7918005
1565.4999999999668, -14.5228376, -14.5228367, -14.5226564, -14.5214214, -14.5201626, -14.5199175, -14.5201998, -14.5199633, -14.519331, -14.5186043
1565.5999999999667, -14.7621603, -14.7613668, -14.7601414, -14.7592955, -14.7594757, -14.7587585, -14.7586689, -14.7587748, -14.7589283, -14.7593021
1565.6999999999666, -14.3623695, -14.3627796, -14.3636475, -14.36271, -14.3639574, -14.3640041, -14.3642063, -14.3639622, -14.364521, -14.3643885
1565.7999999999665, -14.8176298, -14.8187532, -14.8185005, -14.8187599, -14.8188, -14.8193941, -14.8194714, -14.8190889, -14.8186207, -14.8185139
1565.8999999999664, -14.4589577, -14.4587717, -14.4590187, -14.4600153, -14.4601154, -14.4604044, -14.4611101, -14.4617701, -14.4631166, -14.4622841
1565.9999999999663, -14.76229, -14.7623882, -14.7625799, -14.7633991, -14.763236, -14.7634048, -14.7637873, -14.7633791, -14.7646847, -14.7657061
1566.0999999999663, -14.4062853, -14.4027061, -14.4002209, -14.4001207, -14.4005203, -14.400979, -14.4009733, -14.4007921, -14.4008341, -14.4002676
1566.1999999999662, -14.8949709, -14.8959208, -14.8976345, -14.8992281, -14.9000311, -14.9008608, -14.9025946, -14.9045448, -14.9049082, -14.9036655
1566.299999999966, -14.2740269, -14.2755747, -14.2759466, -14.2781153, -14.2771282, -14.277791, -14.2788477, -14.2781153, -14.277071, -14.2772379
1566.399999999966, -14.9279032, -14.9271612, -14.9267502, -14.9253359, -14.9251709, -14.9243803, -14.92379, -14.9224024, -14.9222975, -14.9219065
1566.499999999966, -14.3058929, -14.3075571, -14.3097229, -14.3060675, -14.3061104, -14.3057604, -14.3057652, -14.3048849, -14.3050165, -14.3046055
1566.5999999999658, -14.7614069, -14.7619047, -14.7618246, -14.7609739, -14.7630119, -14.7621861, -14.7621384, -14.7613697, -14.7611036, -14.7607536
1566.6999999999657, -14.3456097, -14.3457346, -14.3451614, -14.3455763, -14.3455448, -14.3455563, -14.3454247, -14.3456926, -14.346076, -14.3452215
1566.7999999999656, -14.8409882, -14.8412161, -14.8403425, -14.8405437, -14.8397589, -14.8398533, -14.8390551, -14.8398733, -14.8398628, -14.8393974
1566.8999999999655, -14.3401709, -14.3417721, -14.3407993, -14.3400736, -14.340601, -14.3389482, -14.3387289, -14.3383799, -14.3383121, -14.3377581
1566.9999999999654, -14.7882757, -14.7858295, -14.7860518, -14.7844467, -14.781745, -14.7819624, -14.7826128, -14.7825975, -14.7809877, -14.7815752
1567.0999999999653, -14.4889708, -14.4970608, -14.5056124, -14.5121899, -14.518446, -14.5215712, -14.5262003, -14.5316124, -14.5346165, -14.5351257
1567.1999999999653, -14.5588741, -14.5541563, -14.5522566, -14.5511885, -14.5476265, -14.5463648, -14.5448074, -14.5460882, -14.5452843, -14.5456123
1567.2999999999652, -14.7085123, -14.7088423, -14.7105312, -14.7109785, -14.7109928, -14.7120895, -14.7113037, -14.7116938, -14.7115841, -14.7120037
1567.399999999965, -14.4824362, -14.4825153, -14.4828749, -14.4835663, -14.4835491, -14.4841499, -14.4836988, -14.4824429, -14.4822931, -14.4819937
1567.499999999965, -14.7205715, -14.7215691, -14.7213869, -14.7217503, -14.7217455, -14.7211037, -14.7217636, -14.7213993, -14.7205791, -14.7208614
1567.599999999965, -14.4246626, -14.4260435, -14.4245605, -14.4240112, -14.4224043, -14.4221878, -14.4228783, -14.4219074, -14.4215727, -14.4214449
1567.6999999999648, -14.7739038, -14.7748165, -14.7751303, -14.7749672, -14.7751808, -14.7736616, -14.7731438, -14.773222, -14.7730579, -14.7721272
1567.7999999999647, -14.5278111, -14.5295744, -14.530488, -14.5306206, -14.5309086, -14.5312977, -14.5320377, -14.5326767, -14.5311222, -14.5294847
1567.8999999999646, -14.7630663, -14.7665262, -14.7685785, -14.7710075, -14.7724714, -14.7725334, -14.7733641, -14.7741795, -14.7744093, -14.7749577
1567.9999999999645, -14.4079351, -14.4040766, -14.3996315, -14.3951321, -14.3902016, -14.3879995, -14.3855648, -14.387476, -14.3866997, -14.3857203
1568.0999999999644, -14.9438381, -14.9418344, -14.9435101, -14.941226, -14.943203, -14.9417038, -14.9404049, -14.9398088, -14.9407358, -14.9410419
1568.1999999999643, -14.3421183, -14.3412075, -14.3418913, -14.3422222, -14.3425503, -14.3425388, -14.3420105, -14.3415327, -14.3419924, -14.3422213
1568.2999999999643, -14.9895821, -14.9903688, -14.9904375, -14.9906425, -14.9914732, -14.9906845, -14.9902153, -14.9902391, -14.9905472, -14.9897795
1568.3999999999642, -14.4358778, -14.4354763, -14.4351425, -14.4355803, -14.4358654, -14.4354172, -14.4356213, -14.4357824, -14.4368753, -14.4370508
1568.499999999964, -14.9431992, -14.9433575, -14.9451447, -14.9458094, -14.9457798, -14.9468136, -14.9475565, -14.9490194, -14.9486017, -14.9489546
1568.599999999964, -14.4719152, -14.4715939, -14.4719057, -14.4719305, -14.4721975, -14.4724159, -14.4730701, -14.4725475, -14.4718332, -14.4725513
1568.699999999964, -15.0743904, -15.0738821, -15.0741987, -15.075036, -15.0748034, -15.0745821, -15.0737724, -15.0731134, -15.0726128, -15.0725298
1568.7999999999638, -14.5344782, -14.5362091, -14.5370493, -14.5395432, -14.5415344, -14.5424204, -14.5420847, -14.5422831, -14.5422745, -14.5428486
1568.8999999999637, -14.9122553, -14.9093809, -14.9030781, -14.8989124, -14.8949661, -14.889884, -14.8852158, -14.8814449, -14.8823137, -14.8782358
1568.9999999999636, -14.7973785, -14.801548, -14.8059158, -14.8078785, -14.8103151, -14.8120356, -14.8123102, -14.8138533, -14.8157091, -14.8142586
1569.0999999999635, -14.6651545, -14.6645908, -14.6650591, -14.6650505, -14.6650944, -14.6648254, -14.664793, -14.6653328, -14.6657801, -14.6657295
1569.1999999999634, -14.9650917, -14.965229, -14.9646721, -14.9645777, -14.9650488, -14.9649181, -14.9641275, -14.9636631, -14.9632616, -14.963253
1569.2999999999633, -14.7482147, -14.7473421, -14.7477083, -14.7492771, -14.7504025, -14.7507744, -14.7515287, -14.7519398, -14.7525606, -14.7530842
1569.3999999999633, -15.0163498, -15.0171127, -15.0168428, -15.0172243, -15.0162954, -15.0167809, -15.0163336, -15.0168447, -15.0167227, -15.01612
1569.4999999999632, -14.7106009, -14.7102709, -14.710062, -14.7110415, -14.7115793, -14.7128448, -14.7130995, -14.7139759, -14.7142754, -14.7153635
1569.599999999963, -15.0842266, -15.0839272, -15.0831575, -15.0830336, -15.0829821, -15.0858793, -15.0843925, -15.0829105, -15.0819387, -15.0824242
1569.699999999963, -14.8480272, -14.8472319, -14.8421001, -14.8406153, -14.836544, -14.8355923, -14.8332062, -14.8312778, -14.8301668, -14.8287697
1569.799999999963, -15.1568899, -15.1601706, -15.1622057, -15.1659718, -15.1666746, -15.1691065, -15.1714211, -15.175786, -15.1768408, -15.1776009
1569.8999999999628, -14.6757269, -14.6771555, -14.674716, -14.6738224, -14.6762915, -14.6756735, -14.6752825, -14.6758242, -14.6762657, -14.6757755
1569.9999999999627, -15.2068882, -15.2064486, -15.2070837, -15.2066965, -15.2058821, -15.2058945, -15.2056684, -15.2052059, -15.2065668, -15.2073689
1570.0999999999626, -14.6783266, -14.6779938, -14.6763582, -14.6764593, -14.6783161, -14.6776247, -14.67766, -14.6776619, -14.6765985, -14.677494
1570.1999999999625, -15.301012, -15.3008413, -15.3010988, -15.3014746, -15.3015308, -15.302187, -15.3012609, -15.301919, -15.3026056, -15.3014755
1570.2999999999624, -14.8067636, -14.8067026, -14.8073225, -14.8066692, -14.8063326, -14.8070078, -14.8072643, -14.8070688, -14.8078909, -14.8082447
1570.3999999999623, -15.2660828, -15.2656612, -15.266222, -15.2665806, -15.2665386, -15.2663012, -15.2657576, -15.2661848, -15.2661486, -15.2666798
1570.4999999999623, -14.749815, -14.7485361, -14.7497644, -14.7476912, -14.7469826, -14.7462463, -14.7470751, -14.7460241, -14.7457409, -14.7453699
1570.5999999999622, -15.386694, -15.3859606, -15.3840494, -15.3830299, -15.3823195, -15.3821068, -15.3825254, -15.3837471, -15.3842869, -15.3841171
1570.699999999962, -14.9618177, -14.9659128, -14.9709158, -14.9748268, -14.9773006, -14.9798794, -14.9825058, -14.9839783, -14.9853287, -14.9870691
1570.799999999962, -15.0907221, -15.0887337, -15.0888405, -15.0891714, -15.089222, -15.0899649, -15.0896511, -15.0909948, -15.0904293, -15.0899811
1570.899999999962, -15.1566744, -15.1569071, -15.1563244, -15.1568336, -15.1566448, -15.1563501, -15.1567898, -15.1553974, -15.1552086, -15.1557941
1570.9999999999618, -14.9296169, -14.9287224, -14.9289227, -14.9306059, -14.9304714, -14.9309015, -14.9307575, -14.9302969, -14.9311895, -14.9309244
