wavelength_nm ,power_reading_0_dbm ,power_reading_1_dbm ,power_reading_2_dbm ,power_reading_3_dbm ,power_reading_4_dbm ,power_reading_5_dbm ,power_reading_6_dbm ,power_reading_7_dbm ,power_reading_8_dbm ,power_reading_9_dbm 
1529.0, -19.6910152, -19.6932888, -19.6923428, -19.6930714, -19.6952229, -19.6948433, -19.6941128, -19.693306, -19.6932774, -19.6933994
1529.1, -19.7455502, -19.7474499, -19.7476635, -19.7462101, -19.7468395, -19.7471905, -19.7465267, -19.7446194, -19.7458305, -19.7463627
1529.1999999999998, -19.6053009, -19.604702, -19.602417, -19.6037731, -19.6073322, -19.606411, -19.608633, -19.6086979, -19.6079273, -19.6076965
1529.2999999999997, -19.6814308, -19.6802368, -19.6786156, -19.6785297, -19.6802406, -19.6809196, -19.6813946, -19.681078, -19.6814957, -19.6806393
1529.3999999999996, -19.5437298, -19.545702, -19.5457058, -19.5439529, -19.5456028, -19.5424938, -19.5433807, -19.5426445, -19.5436821, -19.5428677
1529.4999999999995, -19.6275539, -19.6291199, -19.6299782, -19.6297836, -19.627533, -19.6260681, -19.6268272, -19.6290321, -19.6293011, -19.6248665
1529.5999999999995, -19.5755615, -19.5774765, -19.578392, -19.5768471, -19.5778847, -19.5769424, -19.5723858, -19.5768433, -19.5780716, -19.5785236
1529.6999999999994, -19.6066837, -19.6050243, -19.6095638, -19.6096592, -19.6092319, -19.6083794, -19.6092281, -19.6103687, -19.609396, -19.6087132
1529.7999999999993, -19.5274315, -19.5272827, -19.5263977, -19.5258961, -19.5261345, -19.5201817, -19.5205669, -19.4828491, -19.4366608, -19.4516773
1529.8999999999992, -19.5346909, -19.5347538, -19.5342903, -19.5337791, -19.5322227, -19.5325451, -19.5346756, -19.5352249, -19.5356274, -19.5355434
1529.999999999999, -19.4387188, -19.4390774, -19.4415474, -19.4387131, -19.4406109, -19.4390526, -19.4401016, -19.4392986, -19.4416885, -19.4418354
1530.099999999999, -19.5498753, -19.550354, -19.5503807, -19.5492706, -19.5489006, -19.5462761, -19.54673, -19.5476227, -19.5467014, -19.5466824
1530.199999999999, -19.3661842, -19.3662071, -19.3665218, -19.3677807, -19.3676109, -19.3667965, -19.3659515, -19.3661251, -19.3633213, -19.3635483
1530.2999999999988, -19.4799061, -19.4810486, -19.482254, -19.4838753, -19.4833431, -19.4826488, -19.4839687, -19.4841557, -19.4846382, -19.4846573
1530.3999999999987, -19.3765278, -19.3769779, -19.3757973, -19.3771229, -19.3759975, -19.373045, -19.3745956, -19.3720589, -19.3735867, -19.3707142
1530.4999999999986, -19.4409904, -19.4446831, -19.4469128, -19.447731, -19.4470329, -19.4459629, -19.4468536, -19.4487972, -19.4488258, -19.4481926
1530.5999999999985, -19.3991585, -19.3985043, -19.3996181, -19.3983593, -19.3963718, -19.3970566, -19.3980484, -19.3978386, -19.3998203, -19.3997116
1530.6999999999985, -19.3987179, -19.3975925, -19.3979301, -19.3979759, -19.397562, -19.3966198, -19.3982162, -19.3981476, -19.3974094, -19.3989925
1530.7999999999984, -19.3287868, -19.3285522, -19.3288441, -19.3301678, -19.3298473, -19.3317528, -19.332489, -19.3303604, -19.332489, -19.3319798
1530.8999999999983, -19.4301929, -19.4297218, -19.4299107, -19.4287128, -19.4303398, -19.4293671, -19.4295197, -19.4300976, -19.4296227, -19.4299393
1530.9999999999982, -19.3098907, -19.3109417, -19.3114433, -19.3128967, -19.3125057, -19.3082886, -19.3092194, -19.3084049, -19.3085155, -19.3087673
1531.099999999998, -19.4143124, -19.4154587, -19.4155254, -19.4147854, -19.4139652, -19.4130478, -19.4147511, -19.416069, -19.4157219, -19.4160538
1531.199999999998, -19.3003368, -19.3000126, -19.3021469, -19.3020115, -19.3013515, -19.2988377, -19.3003883, -19.2995224, -19.2967968, -19.2995224
1531.299999999998, -19.3875561, -19.3867931, -19.3866367, -19.3878899, -19.3890018, -19.3901482, -19.3894596, -19.3893604, -19.3902302, -19.3891106
1531.3999999999978, -19.3456097, -19.3446941, -19.3440475, -19.3420544, -19.344532, -19.3458004, -19.3468609, -19.3475571, -19.3456802, -19.3396282
1531.4999999999977, -19.3562164, -19.3542786, -19.3509674, -19.3526268, -19.3551655, -19.3557434, -19.3555202, -19.3564663, -19.3559303, -19.3548908
1531.5999999999976, -19.2974129, -19.2976589, -19.2982178, -19.2962284, -19.298418, -19.3006916, -19.3009319, -19.3025322, -19.3024445, -19.2986221
1531.6999999999975, -19.3458405, -19.3453999, -19.3453102, -19.3446579, -19.343132, -19.3436184, -19.3428116, -19.3448353, -19.3457947, -19.3450508
1531.7999999999975, -19.2653618, -19.2662125, -19.2661057, -19.267231, -19.2665291, -19.2637577, -19.2622986, -19.2635441, -19.263998, -19.2638607
1531.8999999999974, -19.4139252, -19.4111843, -19.4129295, -19.4145412, -19.4135284, -19.4132347, -19.412756, -19.4146652, -19.4144573, -19.4154854
1531.9999999999973, -19.2822495, -19.2823086, -19.2833939, -19.2831631, -19.2841415, -19.2842751, -19.2844753, -19.284502, -19.2844486, -19.2829418
1532.0999999999972, -19.3874722, -19.3869495, -19.3866158, -19.3851109, -19.3850193, -19.3856792, -19.3875942, -19.3885612, -19.3878193, -19.3884048
1532.199999999997, -19.3113213, -19.3102894, -19.3084297, -19.3067627, -19.3072433, -19.3079872, -19.3093529, -19.3093967, -19.3100395, -19.3091888
1532.299999999997, -19.3375416, -19.3381577, -19.3376865, -19.3361683, -19.3350086, -19.3381939, -19.3368759, -19.3384571, -19.3381329, -19.3367901
1532.399999999997, -19.322998, -19.3229237, -19.3232689, -19.3225307, -19.3199692, -19.3190174, -19.3212643, -19.3219872, -19.3217983, -19.3236351
1532.4999999999968, -19.3156681, -19.3159142, -19.3167439, -19.315958, -19.3133526, -19.3139515, -19.3138657, -19.3154831, -19.3147068, -19.314373
1532.5999999999967, -19.240654, -19.2407551, -19.2398739, -19.2388878, -19.2384586, -19.2400246, -19.2396164, -19.2393627, -19.2386703, -19.2383175
1532.6999999999966, -19.3490105, -19.3497715, -19.3499241, -19.3481617, -19.3481827, -19.3484459, -19.3473587, -19.3485432, -19.3497467, -19.3485279
1532.7999999999965, -19.2558575, -19.2572193, -19.257019, -19.2541542, -19.2560844, -19.2555408, -19.2568302, -19.2568493, -19.2579575, -19.2577209
1532.8999999999965, -19.3534908, -19.3525925, -19.3507957, -19.3504353, -19.3526402, -19.3531895, -19.3545151, -19.3545189, -19.3540363, -19.3524818
1532.9999999999964, -19.2831001, -19.2817307, -19.2817822, -19.2822666, -19.281023, -19.2780056, -19.2815094, -19.2828407, -19.283617, -19.2833328
1533.0999999999963, -19.2783794, -19.2780933, -19.2804756, -19.2806587, -19.2756615, -19.2770405, -19.2788563, -19.2794704, -19.2789307, -19.2788181
1533.1999999999962, -19.2544708, -19.2533379, -19.2517452, -19.2522945, -19.2575569, -19.2563858, -19.2559891, -19.2549763, -19.2544994, -19.2558651
1533.299999999996, -19.2532349, -19.254673, -19.2535954, -19.2522163, -19.2527084, -19.2527523, -19.2526398, -19.2531509, -19.2538776, -19.2537785
1533.399999999996, -19.187767, -19.1904411, -19.1930141, -19.191967, -19.1905422, -19.1906185, -19.1917763, -19.1906967, -19.1915207, -19.1915359
1533.499999999996, -19.2488575, -19.2476177, -19.2484741, -19.2487621, -19.2470112, -19.2465, -19.2476368, -19.2484703, -19.2481308, -19.2480526
1533.5999999999958, -19.1332664, -19.1322556, -19.1297779, -19.1337643, -19.1351814, -19.1313572, -19.127224, -19.1320152, -19.1326351, -19.1356964
1533.6999999999957, -19.2578106, -19.2594814, -19.2580128, -19.2584724, -19.2593575, -19.2590694, -19.2577305, -19.2598534, -19.2602959, -19.2597618
1533.7999999999956, -19.1304741, -19.1314564, -19.1320076, -19.1312485, -19.1301289, -19.1305275, -19.1316509, -19.1322784, -19.1318054, -19.1308708
1533.8999999999955, -19.1665039, -19.1675625, -19.1661663, -19.1673508, -19.1676292, -19.1675091, -19.1671276, -19.1671162, -19.1679859, -19.1669064
1533.9999999999955, -19.1549816, -19.1551609, -19.1551971, -19.1555557, -19.1551704, -19.155035, -19.1550102, -19.1542892, -19.1549988, -19.1542549
1534.0999999999954, -19.1049061, -19.1058578, -19.1044331, -19.1031113, -19.1002445, -19.1000366, -19.1012287, -19.1004677, -19.1034775, -19.103651
1534.1999999999953, -19.0923157, -19.0890198, -19.0910988, -19.0937424, -19.0951881, -19.0940113, -19.0939331, -19.0904655, -19.0898724, -19.0922871
1534.2999999999952, -19.0649986, -19.0624428, -19.0643673, -19.0651779, -19.0670052, -19.0675735, -19.0664005, -19.0693512, -19.0671558, -19.0672836
1534.399999999995, -18.9994621, -18.999279, -19.0000019, -19.0000553, -19.0000362, -19.0003567, -19.0007725, -19.0007858, -19.0007515, -19.0012341
1534.499999999995, -19.0750694, -19.0760803, -19.0749626, -19.0723972, -19.0751457, -19.076561, -19.0743198, -19.074543, -19.0728416, -19.0732822
1534.599999999995, -18.9482288, -18.9484539, -18.9466763, -18.9472427, -18.9472103, -18.9479847, -18.9496346, -18.9498444, -18.9467907, -18.9420986
1534.6999999999948, -18.9536686, -18.9536018, -18.9548378, -18.9552402, -18.955389, -18.9542923, -18.9553642, -18.9560566, -18.9562798, -18.9543724
1534.7999999999947, -18.9536858, -18.9531288, -18.956049, -18.9584484, -18.9598446, -18.9605904, -18.9597931, -18.9605713, -18.9612885, -18.9611473
1534.8999999999946, -18.8621197, -18.8620663, -18.8637333, -18.8649235, -18.8632545, -18.8618679, -18.863306, -18.8617134, -18.8615189, -18.861311
1534.9999999999945, -18.8937244, -18.8959084, -18.8941307, -18.8949928, -18.8933868, -18.8919144, -18.8927822, -18.8937378, -18.8944187, -18.8953686
1535.0999999999945, -18.8481331, -18.8485928, -18.8495388, -18.8497257, -18.8499756, -18.8477211, -18.8455238, -18.8473663, -18.8475609, -18.8471985
1535.1999999999944, -18.8103027, -18.8111019, -18.8100739, -18.8076153, -18.8085556, -18.809063, -18.8071957, -18.8075733, -18.8090229, -18.810873
1535.2999999999943, -18.8404636, -18.8406429, -18.8398781, -18.8392372, -18.8370876, -18.8397713, -18.8381729, -18.8401775, -18.8400135, -18.8392792
1535.3999999999942, -18.7359543, -18.7332573, -18.7341423, -18.7335358, -18.7308693, -18.7284641, -18.7296829, -18.7308712, -18.7314453, -18.732338
1535.499999999994, -18.7834034, -18.7846603, -18.785593, -18.785881, -18.7837105, -18.7861004, -18.7869358, -18.7878685, -18.7897949, -18.7868538
1535.599999999994, -18.7457848, -18.7472839, -18.7486782, -18.7504692, -18.7512341, -18.7514019, -18.7532692, -18.7542019, -18.7535954, -18.7539692
1535.699999999994, -18.652895, -18.65382, -18.656065, -18.6561298, -18.6563778, -18.6539555, -18.6529751, -18.6542492, -18.6540108, -18.6550579
1535.7999999999938, -18.7054539, -18.7047768, -18.7033787, -18.7047367, -18.7051353, -18.7002506, -18.7011948, -18.7019558, -18.7029476, -18.7046299
1535.8999999999937, -18.6409988, -18.641573, -18.6410732, -18.6394882, -18.6403942, -18.6407413, -18.6372318, -18.635128, -18.6375217, -18.6399078
1535.9999999999936, -18.6821899, -18.6818581, -18.6820049, -18.6814842, -18.6817474, -18.6804657, -18.680994, -18.6803322, -18.6806755, -18.6821136
1536.0999999999935, -18.6549053, -18.6560326, -18.6575241, -18.6585979, -18.6579227, -18.6570187, -18.656456, -18.655899, -18.655983, -18.6576061
1536.1999999999935, -18.5907021, -18.5908413, -18.5920563, -18.5922012, -18.5923557, -18.5928402, -18.5934486, -18.591238, -18.5929756, -18.5937939
1536.2999999999934, -18.6434994, -18.6431541, -18.6486073, -18.6526031, -18.6517944, -18.6510429, -18.6519203, -18.6500416, -18.65028, -18.649334
1536.3999999999933, -18.6327362, -18.6336498, -18.6325283, -18.6332169, -18.631588, -18.6322289, -18.6325016, -18.6320171, -18.63204, -18.6324539
1536.4999999999932, -18.52561, -18.5244007, -18.5244617, -18.5263615, -18.5219955, -18.5194244, -18.5161591, -18.5196648, -18.5191059, -18.518425
1536.599999999993, -18.6095791, -18.6090813, -18.6097317, -18.6079807, -18.6097527, -18.6062355, -18.607502, -18.6070461, -18.6073227, -18.6089916
1536.699999999993, -18.4899731, -18.4891434, -18.4889641, -18.4897137, -18.4860973, -18.4871368, -18.4887314, -18.485548, -18.48522, -18.4860096
1536.799999999993, -18.5721493, -18.5723457, -18.5721645, -18.5701637, -18.5690861, -18.5702515, -18.569931, -18.5710621, -18.5726204, -18.571928
1536.8999999999928, -18.5282001, -18.5275135, -18.5266151, -18.5268364, -18.5234814, -18.522953, -18.5246468, -18.5248623, -18.5255833, -18.5262394
1536.9999999999927, -18.550211, -18.5499287, -18.5492477, -18.5475273, -18.5486679, -18.550087, -18.5488949, -18.5501194, -18.5499687, -18.5479984
1537.0999999999926, -18.5471191, -18.5469627, -18.5476208, -18.5477104, -18.5475502, -18.5475578, -18.5477085, -18.5477409, -18.547636, -18.5464878
1537.1999999999925, -18.5076618, -18.5080643, -18.5088768, -18.5112953, -18.5125484, -18.51087, -18.5108051, -18.51054, -18.5102558, -18.5098972
1537.2999999999925, -18.461834, -18.4610863, -18.4608974, -18.4614429, -18.4624462, -18.4649162, -18.4649887, -18.4638252, -18.4644928, -18.4645748
1537.3999999999924, -18.5537834, -18.5524979, -18.5499191, -18.5447788, -18.5454197, -18.5466843, -18.5474243, -18.5467396, -18.548336, -18.5507927
1537.4999999999923, -18.4381752, -18.4379177, -18.4345913, -18.436758, -18.4360676, -18.4351101, -18.4366474, -18.4360867, -18.436636, -18.4386406
1537.5999999999922, -18.5367508, -18.5361843, -18.5357323, -18.5338955, -18.5347347, -18.5354786, -18.5364704, -18.5360928, -18.5359077, -18.5349293
1537.699999999992, -18.4324303, -18.4320602, -18.4319859, -18.4319649, -18.432188, -18.4325142, -18.4332161, -18.4316635, -18.4330254, -18.432724
1537.799999999992, -18.5119762, -18.5124416, -18.5122738, -18.5128174, -18.5122871, -18.5118141, -18.5128422, -18.5124035, -18.511343, -18.5121059
1537.899999999992, -18.4900341, -18.4886436, -18.4882641, -18.4868774, -18.4884777, -18.4880733, -18.4886341, -18.4878788, -18.4865913, -18.4871082
1537.9999999999918, -18.4907684, -18.492754, -18.493063, -18.4926224, -18.4913826, -18.4925194, -18.4925175, -18.4926949, -18.4918003, -18.4909515
1538.0999999999917, -18.4212837, -18.4199886, -18.4223213, -18.4220448, -18.4245548, -18.4253273, -18.424469, -18.4252663, -18.425827, -18.4270897
1538.1999999999916, -18.5528545, -18.5514317, -18.5500469, -18.5463238, -18.547781, -18.548811, -18.5495625, -18.545433, -18.5425949, -18.5462227
1538.2999999999915, -18.3947697, -18.392292, -18.3948326, -18.3933296, -18.3915024, -18.3928585, -18.3912907, -18.3934441, -18.393898, -18.3922272
1538.3999999999915, -18.5634365, -18.5604591, -18.5620327, -18.5635471, -18.5637989, -18.5628357, -18.5629921, -18.5613594, -18.5584354, -18.5601635
1538.4999999999914, -18.3905983, -18.3893089, -18.3911114, -18.3898373, -18.3903236, -18.3893929, -18.3906631, -18.3871861, -18.38974, -18.3898888
1538.5999999999913, -18.5304852, -18.5304546, -18.530695, -18.5304317, -18.5310307, -18.5296154, -18.5303268, -18.5295467, -18.5311432, -18.5299397
1538.6999999999912, -18.3964043, -18.3949184, -18.3944721, -18.394022, -18.3930531, -18.3948555, -18.3957481, -18.39645, -18.3930473, -18.3884354
1538.799999999991, -18.4580727, -18.4579678, -18.4591503, -18.4597225, -18.4582481, -18.4585934, -18.4585953, -18.4591141, -18.4590626, -18.4588757
1538.899999999991, -18.3677387, -18.366436, -18.365572, -18.3666553, -18.3659554, -18.3639469, -18.3642769, -18.3650723, -18.3606682, -18.3618546
1538.999999999991, -18.4773064, -18.4762344, -18.4758282, -18.4744263, -18.4720154, -18.4724731, -18.4726906, -18.4730778, -18.4724579, -18.4748955
1539.0999999999908, -18.327858, -18.3285046, -18.3281975, -18.325592, -18.324564, -18.324976, -18.3257599, -18.3246288, -18.3259182, -18.3271389
1539.1999999999907, -18.4322186, -18.4307365, -18.4313278, -18.4324017, -18.433424, -18.4332714, -18.4326344, -18.4343853, -18.4308681, -18.4297581
1539.2999999999906, -18.3040123, -18.302475, -18.2998943, -18.3035736, -18.3045921, -18.3042831, -18.3043919, -18.3052406, -18.3055954, -18.3054886
1539.3999999999905, -18.4646263, -18.4619713, -18.459795, -18.4602184, -18.459343, -18.4593086, -18.4589424, -18.4554863, -18.4566555, -18.4606113
1539.4999999999905, -18.2790508, -18.2794628, -18.2784977, -18.2774658, -18.2844391, -18.2825966, -18.2781467, -18.2815323, -18.2800961, -18.2808895
1539.5999999999904, -18.3676491, -18.3666439, -18.3686771, -18.3699512, -18.3697529, -18.3679848, -18.3680801, -18.3721313, -18.3721809, -18.3723621
1539.6999999999903, -18.2307549, -18.2341423, -18.2365074, -18.2365475, -18.2385826, -18.2405586, -18.2409229, -18.2396355, -18.2388229, -18.2383785
1539.7999999999902, -18.3588982, -18.3588486, -18.3568573, -18.3530865, -18.3539696, -18.3560886, -18.3574448, -18.3569202, -18.3550758, -18.3522854
1539.89999999999, -18.1639919, -18.1656914, -18.1633186, -18.1612091, -18.1610489, -18.1606274, -18.1630707, -18.1648254, -18.1653366, -18.1658611
1539.99999999999, -18.2870884, -18.284626, -18.2835789, -18.2854404, -18.2835617, -18.2850857, -18.282135, -18.2812634, -18.2809887, -18.2864666
1540.09999999999, -18.1483212, -18.1483002, -18.144558, -18.1456871, -18.1453457, -18.1462288, -18.1392574, -18.1452675, -18.1408978, -18.1439209
1540.1999999999898, -18.2822018, -18.2813835, -18.2783508, -18.2804527, -18.2767601, -18.2751236, -18.2800865, -18.2788563, -18.2811241, -18.2810802
1540.2999999999897, -18.0880184, -18.0900612, -18.0925179, -18.0907249, -18.0903244, -18.0890083, -18.090889, -18.0917034, -18.0918999, -18.0899353
1540.3999999999896, -18.2194023, -18.2199936, -18.2181797, -18.218504, -18.2179775, -18.2180252, -18.2187386, -18.2200794, -18.2182846, -18.2141762
1540.4999999999895, -18.0319118, -18.033392, -18.0339565, -18.0337658, -18.034544, -18.0348606, -18.0334682, -18.0327168, -18.0325985, -18.0350037
1540.5999999999894, -18.1570415, -18.1563721, -18.1539478, -18.1548233, -18.1556931, -18.153904, -18.1554337, -18.1559753, -18.1558952, -18.1555347
1540.6999999999894, -17.9574966, -17.9581165, -17.9606915, -17.9614944, -17.9630699, -17.9621868, -17.9612198, -17.9607315, -17.9603386, -17.9608631
1540.7999999999893, -18.0523968, -18.0542412, -18.054306, -18.0539036, -18.0514698, -18.0497627, -18.0482407, -18.0515366, -18.0532761, -18.0522308
1540.8999999999892, -17.9469147, -17.9452839, -17.9505272, -17.9508953, -17.9530048, -17.9512978, -17.9515152, -17.9528198, -17.9517746, -17.9535522
1540.999999999989, -17.999651, -18.0023174, -18.0036049, -18.0036354, -18.003336, -18.0002632, -18.0062523, -18.0090637, -18.0096359, -18.0087261
1541.099999999989, -17.901104, -17.8990707, -17.8992958, -17.8982296, -17.898962, -17.898222, -17.8968124, -17.8924828, -17.8936005, -17.8942852
1541.199999999989, -17.9893627, -17.9895782, -17.9893017, -17.9879723, -17.9868031, -17.9876423, -17.9884129, -17.987751, -17.9873161, -17.9889259
1541.2999999999888, -17.7895527, -17.7906189, -17.7909184, -17.7891464, -17.7904606, -17.7894077, -17.7903328, -17.7905941, -17.789917, -17.7878208
1541.3999999999887, -17.9056587, -17.906168, -17.907896, -17.9070225, -17.9088326, -17.9088726, -17.9090347, -17.9075184, -17.9088707, -17.9101219
1541.4999999999886, -17.7153111, -17.7142887, -17.7171974, -17.7154942, -17.715477, -17.714777, -17.716013, -17.7167263, -17.7166786, -17.7149982
1541.5999999999885, -17.8526077, -17.8549423, -17.8548832, -17.8524494, -17.8526382, -17.8532124, -17.8508282, -17.8524017, -17.8547554, -17.8531399
1541.6999999999884, -17.7310829, -17.7320442, -17.7325993, -17.730526, -17.7324219, -17.7332649, -17.7331238, -17.7319832, -17.7318325, -17.7291031
1541.7999999999884, -17.7264309, -17.7246017, -17.7239532, -17.7232609, -17.7255535, -17.724638, -17.7258186, -17.7255325, -17.725544, -17.7264824
1541.8999999999883, -17.6668129, -17.6663723, -17.6658401, -17.6646881, -17.6664639, -17.6665249, -17.6665688, -17.6651325, -17.6655998, -17.6640091
1541.9999999999882, -17.7232895, -17.7239819, -17.7250061, -17.7215309, -17.722168, -17.7235928, -17.7235069, -17.7229118, -17.7235622, -17.7237797
1542.099999999988, -17.592226, -17.5914822, -17.590517, -17.5919228, -17.5941849, -17.5920429, -17.5887089, -17.5903072, -17.5910473, -17.5931873
1542.199999999988, -17.6431561, -17.6424141, -17.642313, -17.6409092, -17.6407566, -17.6409988, -17.6425476, -17.6434193, -17.6420441, -17.6405544
1542.299999999988, -17.4914017, -17.4923992, -17.4899464, -17.4883289, -17.4877853, -17.4871178, -17.4842911, -17.4862556, -17.4880829, -17.4883175
1542.3999999999878, -17.5820045, -17.583643, -17.5857754, -17.5850449, -17.5842342, -17.5824604, -17.5817051, -17.5826416, -17.5838013, -17.5843658
1542.4999999999877, -17.5656528, -17.5637646, -17.5654888, -17.5661106, -17.5672836, -17.5661869, -17.5656261, -17.5657864, -17.5655117, -17.5648518
1542.5999999999876, -17.4962502, -17.4970837, -17.4972057, -17.4980278, -17.4978065, -17.4980717, -17.498127, -17.4983292, -17.4980793, -17.4971237
1542.6999999999875, -17.5160465, -17.517498, -17.5170937, -17.5170193, -17.5164146, -17.5153942, -17.5168152, -17.5170746, -17.5173912, -17.5178375
1542.7999999999874, -17.4493904, -17.449194, -17.4478989, -17.4477959, -17.4481277, -17.4476299, -17.447298, -17.4484043, -17.4478092, -17.4470196
1542.8999999999874, -17.4743919, -17.4744453, -17.4709949, -17.4740925, -17.4746857, -17.4742527, -17.4722233, -17.4731312, -17.4700279, -17.4678383
1542.9999999999873, -17.4616203, -17.4622478, -17.4617119, -17.4614029, -17.4612446, -17.462141, -17.4603939, -17.4611568, -17.4618759, -17.4611111
1543.0999999999872, -17.3580723, -17.3571892, -17.356781, -17.3558178, -17.3551388, -17.354311, -17.3560905, -17.3570881, -17.3568993, -17.355957
1543.199999999987, -17.4099216, -17.4099312, -17.4087944, -17.4101658, -17.4100494, -17.4104385, -17.4112473, -17.410965, -17.4115238, -17.4114037
1543.299999999987, -17.396862, -17.39641, -17.3953857, -17.3951225, -17.393528, -17.3959618, -17.3959236, -17.3964806, -17.3972378, -17.3981876
1543.399999999987, -17.3452892, -17.345623, -17.3462334, -17.3453655, -17.3468266, -17.3464279, -17.3450298, -17.344471, -17.3457947, -17.3460293
1543.4999999999868, -17.4696789, -17.4708462, -17.4714661, -17.4713135, -17.4722862, -17.4729023, -17.4722443, -17.4718304, -17.4708138, -17.4732761
1543.5999999999867, -17.3194084, -17.3211823, -17.3203297, -17.3187332, -17.319313, -17.3200951, -17.3191166, -17.3202553, -17.3204784, -17.3196774
1543.6999999999866, -17.4100685, -17.4103737, -17.4107704, -17.4115372, -17.4102402, -17.4092026, -17.4068966, -17.4089451, -17.4100437, -17.4120674
1543.7999999999865, -17.3118668, -17.310627, -17.3078766, -17.3097324, -17.3108101, -17.3117828, -17.3112907, -17.3103142, -17.3094635, -17.3104401
1543.8999999999864, -17.3813114, -17.3736305, -17.3679047, -17.3747578, -17.3750668, -17.376688, -17.3793964, -17.3802242, -17.3807297, -17.3806763
1543.9999999999864, -17.2940044, -17.2940102, -17.2945709, -17.2951031, -17.2953568, -17.2960243, -17.2935753, -17.2940884, -17.2946815, -17.2959042
1544.0999999999863, -17.3138885, -17.3151779, -17.3127117, -17.3118267, -17.3131905, -17.3125229, -17.3112812, -17.3112545, -17.3099651, -17.3081989
1544.1999999999862, -17.2099762, -17.2106781, -17.2081528, -17.2093544, -17.2086811, -17.20895, -17.2088909, -17.2108917, -17.20928, -17.2092037
1544.299999999986, -17.4054871, -17.4044399, -17.4070435, -17.4084911, -17.4075413, -17.4063683, -17.4056129, -17.4068871, -17.4068203, -17.4058895
1544.399999999986, -17.2313385, -17.2298927, -17.2298145, -17.2295418, -17.2301254, -17.2303963, -17.2296104, -17.2286491, -17.2266159, -17.220808
1544.499999999986, -17.3607655, -17.3608208, -17.3626633, -17.3589878, -17.3581104, -17.3614235, -17.3610382, -17.3611393, -17.3600769, -17.3593941
1544.5999999999858, -17.1798267, -17.1797295, -17.1788464, -17.1783123, -17.1784801, -17.1788368, -17.1777267, -17.1792412, -17.1792316, -17.1788292
1544.6999999999857, -17.3403053, -17.3400078, -17.3400784, -17.339447, -17.3393135, -17.3398342, -17.3408985, -17.3413792, -17.3409157, -17.3394051
1544.7999999999856, -17.1981144, -17.2004395, -17.1999226, -17.1991692, -17.199831, -17.1997452, -17.2012901, -17.2013264, -17.2014198, -17.1994953
1544.8999999999855, -17.2558613, -17.2573624, -17.2566128, -17.2555141, -17.2548733, -17.2554874, -17.2525864, -17.2531509, -17.2545376, -17.2552185
1544.9999999999854, -17.1177311, -17.1169624, -17.1155529, -17.1146641, -17.1126652, -17.1140671, -17.1146202, -17.1147709, -17.1145668, -17.1158676
1545.0999999999854, -17.2748623, -17.272398, -17.2733154, -17.2722034, -17.2738075, -17.2734642, -17.2741318, -17.2744045, -17.2741795, -17.2737045
1545.1999999999853, -17.1276455, -17.1277714, -17.1274643, -17.1261539, -17.1258259, -17.1265106, -17.1261158, -17.1262112, -17.126215, -17.1269398
1545.2999999999852, -17.2632408, -17.2645988, -17.2646141, -17.2641735, -17.2642803, -17.2631493, -17.2637119, -17.2650261, -17.2634811, -17.2639694
1545.399999999985, -17.0600109, -17.0602207, -17.0595264, -17.0594444, -17.0606956, -17.059906, -17.0588398, -17.0573387, -17.0580711, -17.0584888
1545.499999999985, -17.1953068, -17.194313, -17.1928482, -17.1953545, -17.1952209, -17.1952782, -17.1942768, -17.1929188, -17.1935196, -17.1935787
1545.599999999985, -17.0108242, -17.0114861, -17.0120811, -17.0112877, -17.0115967, -17.012722, -17.0118809, -17.0122566, -17.0118637, -17.0113029
1545.6999999999848, -17.2006435, -17.2024746, -17.2038574, -17.2030487, -17.2006874, -17.2018185, -17.2014294, -17.2025681, -17.2018375, -17.2010021
1545.7999999999847, -16.9694118, -16.9713554, -16.9710007, -16.9715443, -16.9712296, -16.9700966, -16.9699955, -16.9708862, -16.9709911, -16.970768
1545.8999999999846, -17.1012249, -17.1024113, -17.1037903, -17.1029434, -17.1038055, -17.1039848, -17.1035881, -17.1034679, -17.1038933, -17.1038971
1545.9999999999845, -16.9653435, -16.9641495, -16.9625378, -16.9609756, -16.9618149, -16.9611263, -16.9622345, -16.9606724, -16.9613152, -16.960968
1546.0999999999844, -17.0327911, -17.032196, -17.0312252, -17.0319538, -17.0313339, -17.0305882, -17.0305653, -17.030983, -17.0313568, -17.0295544
1546.1999999999844, -16.96838, -16.9685974, -16.9677753, -16.967165, -16.9661884, -16.9686794, -16.9677963, -16.9691753, -16.9688148, -16.9677296
1546.2999999999843, -16.9340382, -16.9343853, -16.9349537, -16.934782, -16.9341869, -16.9329147, -16.9335403, -16.935751, -16.9353409, -16.9359264
1546.3999999999842, -16.8091908, -16.8096352, -16.8099861, -16.810009, -16.8112049, -16.8105125, -16.8093147, -16.809145, -16.809288, -16.8086681
1546.499999999984, -16.9183674, -16.9183006, -16.9195118, -16.9188995, -16.9194336, -16.9191685, -16.918745, -16.9201279, -16.9194469, -16.919138
1546.599999999984, -16.8021851, -16.8021126, -16.8025742, -16.8033295, -16.8034115, -16.8035316, -16.8038349, -16.8043118, -16.8051033, -16.8043079
1546.699999999984, -16.8833942, -16.883255, -16.8834724, -16.8837376, -16.8835468, -16.8842258, -16.8835297, -16.8825264, -16.8827972, -16.8829441
1546.7999999999838, -16.7610455, -16.760931, -16.7599506, -16.7591667, -16.7577, -16.7582302, -16.758009, -16.7579041, -16.7580986, -16.7576866
1546.8999999999837, -16.754837, -16.7556648, -16.7554607, -16.7543068, -16.7530174, -16.7497883, -16.7472878, -16.7538548, -16.7523479, -16.7526073
1546.9999999999836, -16.8053856, -16.805006, -16.8038311, -16.8042641, -16.8038731, -16.8024807, -16.8024063, -16.8030567, -16.8026772, -16.8026333
1547.0999999999835, -16.7128143, -16.7126389, -16.7116413, -16.7118053, -16.7120743, -16.7117882, -16.7114086, -16.71134, -16.7122746, -16.7123013
1547.1999999999834, -16.6387672, -16.6378918, -16.6380749, -16.6373787, -16.6371613, -16.6365929, -16.635931, -16.6362915, -16.637146, -16.6366787
1547.2999999999834, -16.6106205, -16.610754, -16.6109943, -16.6102676, -16.6097202, -16.6096592, -16.6092834, -16.6100769, -16.6107826, -16.6106548
1547.3999999999833, -16.5752048, -16.5749874, -16.5757942, -16.5745754, -16.5751705, -16.5754375, -16.5754604, -16.5756874, -16.5747166, -16.5756187
1547.4999999999832, -16.6367016, -16.6379471, -16.6380901, -16.6385288, -16.6390095, -16.6385136, -16.6381721, -16.639864, -16.6383686, -16.6384411
1547.599999999983, -16.553791, -16.5524406, -16.5515633, -16.5518646, -16.5518856, -16.5524673, -16.551712, -16.5510101, -16.5518093, -16.5530071
1547.699999999983, -16.4917316, -16.4918804, -16.4926243, -16.4923363, -16.4934902, -16.4931374, -16.493824, -16.4925575, -16.4940128, -16.4935932
1547.799999999983, -16.573452, -16.5747108, -16.5758305, -16.5747375, -16.5744324, -16.574131, -16.5751133, -16.5749817, -16.5747166, -16.5742168
1547.8999999999828, -16.4268208, -16.4254284, -16.4245129, -16.4241276, -16.4250164, -16.4246101, -16.4249554, -16.4252014, -16.4241467, -16.4244709
1547.9999999999827, -16.5704594, -16.5686436, -16.567915, -16.5691319, -16.5695515, -16.5695133, -16.5693073, -16.569685, -16.5693684, -16.5699177
1548.0999999999826, -16.3604336, -16.3601913, -16.360239, -16.3610344, -16.3601933, -16.360054, -16.3597393, -16.3606663, -16.3600483, -16.359499
1548.1999999999825, -16.4098396, -16.4094238, -16.409008, -16.4084949, -16.4104004, -16.4086552, -16.409338, -16.4092655, -16.4077492, -16.4076977
1548.2999999999824, -16.3292198, -16.32724, -16.3269272, -16.3272057, -16.3265781, -16.3258343, -16.3271236, -16.3269367, -16.3247242, -16.3248672
1548.3999999999824, -16.4253082, -16.4242535, -16.4241924, -16.4245987, -16.4245033, -16.4241333, -16.4248791, -16.4244232, -16.424839, -16.4248562
1548.4999999999823, -16.284771, -16.2851925, -16.2855721, -16.2858543, -16.2853451, -16.2855072, -16.2846794, -16.2860794, -16.2862453, -16.2852154
1548.5999999999822, -16.4216843, -16.4224186, -16.4206085, -16.4210854, -16.4204235, -16.4199677, -16.4186954, -16.4211884, -16.4188671, -16.4204273
1548.699999999982, -16.1973152, -16.1981297, -16.1984749, -16.1976719, -16.1970577, -16.1985798, -16.1976376, -16.1972103, -16.1969891, -16.1970196
1548.799999999982, -16.3621674, -16.3631916, -16.3635941, -16.3617153, -16.3625107, -16.3628216, -16.3629494, -16.3622456, -16.3623333, -16.3634357
1548.899999999982, -16.2312469, -16.2303181, -16.2301731, -16.2294807, -16.2290535, -16.2300663, -16.2309074, -16.2307682, -16.2292938, -16.2289906
1548.9999999999818, -16.3476009, -16.3465061, -16.3462296, -16.3468685, -16.3465252, -16.3461056, -16.3467331, -16.3475838, -16.3477859, -16.3495884
1549.0999999999817, -16.1404476, -16.1399918, -16.1390247, -16.1390553, -16.1386547, -16.1396503, -16.1386166, -16.1378078, -16.1392879, -16.1393204
1549.1999999999816, -16.284626, -16.2846756, -16.2845936, -16.2858639, -16.2846642, -16.2847061, -16.2848492, -16.2847862, -16.2847233, -16.2843571
1549.2999999999815, -16.1884804, -16.1882648, -16.1873131, -16.1872768, -16.1879349, -16.1876678, -16.1876678, -16.1882973, -16.1871624, -16.1874638
1549.3999999999814, -16.3471699, -16.346714, -16.3467045, -16.3472652, -16.3488235, -16.3472748, -16.3481445, -16.3475361, -16.3476048, -16.3469868
1549.4999999999814, -16.1105862, -16.1102982, -16.1097889, -16.1098289, -16.1105537, -16.1090698, -16.1097775, -16.1108208, -16.1102238, -16.1123943
1549.5999999999813, -16.2110882, -16.2107506, -16.2113132, -16.2109928, -16.2122955, -16.2112999, -16.2101917, -16.2109737, -16.211195, -16.210537
1549.6999999999812, -16.1031399, -16.1028805, -16.1034756, -16.1036015, -16.1036797, -16.1060524, -16.1062412, -16.1049728, -16.103508, -16.1034889
1549.799999999981, -16.260891, -16.2605782, -16.2603607, -16.2592239, -16.2589569, -16.2587948, -16.2594051, -16.2582264, -16.2605095, -16.2589855
1549.899999999981, -16.0905476, -16.0911694, -16.0904808, -16.0899506, -16.0906467, -16.0895348, -16.0901051, -16.0896416, -16.0896091, -16.0888176
1549.999999999981, -16.2194595, -16.2198792, -16.2195721, -16.2201805, -16.2179565, -16.2181854, -16.2184772, -16.2187061, -16.2181301, -16.2176037
1550.0999999999808, -16.0556221, -16.055851, -16.0557804, -16.0563545, -16.0558319, -16.0569458, -16.0578995, -16.0565853, -16.0574551, -16.0556831
1550.1999999999807, -16.2724991, -16.2697315, -16.2699013, -16.2723007, -16.2739525, -16.27248, -16.2718601, -16.2722988, -16.2702999, -16.2703762
1550.2999999999806, -16.1288338, -16.1302013, -16.1296253, -16.129303, -16.1296806, -16.1299744, -16.1295357, -16.1288815, -16.1289234, -16.129694
1550.3999999999805, -16.1254997, -16.1233902, -16.123333, -16.1234074, -16.1237583, -16.1232796, -16.1234741, -16.1223392, -16.1241093, -16.1230011
1550.4999999999804, -16.1013412, -16.1021786, -16.1028481, -16.1028938, -16.1036282, -16.1042023, -16.1027737, -16.1030312, -16.1035709, -16.103096
1550.5999999999804, -16.05089, -16.0515518, -16.0493889, -16.0498505, -16.0494423, -16.0493755, -16.0484848, -16.0509777, -16.0538502, -16.0499344
1550.6999999999803, -16.1341095, -16.1336842, -16.1326103, -16.1325912, -16.1322556, -16.1327324, -16.1327, -16.1323566, -16.1330719, -16.1319695
1550.7999999999802, -16.1251812, -16.1246262, -16.1244564, -16.1246872, -16.1243649, -16.1247234, -16.1247387, -16.1237144, -16.1242504, -16.1255074
1550.89999999998, -16.0362129, -16.0358753, -16.0354691, -16.0361176, -16.0364265, -16.0358124, -16.0358009, -16.036211, -16.0358238, -16.036808
1550.99999999998, -16.1159801, -16.115633, -16.1173973, -16.1171951, -16.1154213, -16.116188, -16.1174278, -16.1179676, -16.1177387, -16.118063
1551.09999999998, -16.1061459, -16.1074753, -16.105814, -16.1059856, -16.1059647, -16.1075344, -16.1074162, -16.106369, -16.1069584, -16.1066647
1551.1999999999798, -16.0688038, -16.0686913, -16.0690327, -16.0693111, -16.0689678, -16.0684452, -16.0677948, -16.0677986, -16.067585, -16.0681496
1551.2999999999797, -16.0814381, -16.0819569, -16.082098, -16.0828781, -16.0831375, -16.0827637, -16.081604, -16.0838795, -16.0809097, -16.0815887
1551.3999999999796, -15.9209423, -15.9205017, -15.9203072, -15.9214106, -15.9206009, -15.9213829, -15.9251661, -15.9221811, -15.9226236, -15.9228077
1551.4999999999795, -16.0721912, -16.0693169, -16.0701923, -16.0673904, -16.0692539, -16.0693436, -16.069315, -16.069664, -16.0702343, -16.0698242
1551.5999999999794, -15.9319963, -15.9335747, -15.9311075, -15.9324064, -15.9295578, -15.929821, -15.9294996, -15.9303913, -15.9299498, -15.9302721
1551.6999999999794, -16.0174351, -16.0181541, -16.0176907, -16.0163155, -16.0178814, -16.0181637, -16.0179501, -16.0181866, -16.0181732, -16.0177612
1551.7999999999793, -15.9102907, -15.911356, -15.9120045, -15.9124041, -15.9127617, -15.9120197, -15.911314, -15.911561, -15.9115915, -15.9121208
1551.8999999999792, -15.9625711, -15.962821, -15.9650364, -15.962431, -15.9611435, -15.9611282, -15.9596081, -15.9604874, -15.9601965, -15.9605293
1551.999999999979, -15.8669157, -15.8656855, -15.8629932, -15.8650532, -15.8665133, -15.8661547, -15.8648844, -15.8655796, -15.862998, -15.8629179
1552.099999999979, -16.0309334, -16.0312672, -16.0314178, -16.0302982, -16.033844, -16.0346069, -16.0323982, -16.030283, -16.0319118, -16.0319424
1552.199999999979, -15.7666149, -15.7659206, -15.7661448, -15.765729, -15.7654963, -15.7647467, -15.7644148, -15.7662621, -15.7687826, -15.7688475
1552.2999999999788, -15.8964424, -15.8950357, -15.8995056, -15.8919506, -15.8889961, -15.8894873, -15.8908434, -15.8915567, -15.8911905, -15.8919077
1552.3999999999787, -15.6993484, -15.6970568, -15.6973438, -15.6988049, -15.699791, -15.6996546, -15.6984072, -15.6979132, -15.6980457, -15.6982841
1552.4999999999786, -15.8995476, -15.9002371, -15.9009619, -15.9010353, -15.9010229, -15.9018393, -15.8982935, -15.899107, -15.8983984, -15.89888
1552.5999999999785, -15.6813927, -15.6798315, -15.6797104, -15.6802998, -15.6820669, -15.6834974, -15.6831179, -15.6810083, -15.6814089, -15.6808958
1552.6999999999784, -15.800086, -15.7986822, -15.7988358, -15.797986, -15.7986641, -15.79881, -15.7997103, -15.8000078, -15.7983999, -15.7988243
1552.7999999999784, -15.5750494, -15.5750027, -15.5762205, -15.5764437, -15.5769415, -15.5771542, -15.5769196, -15.5741434, -15.573493, -15.5731707
1552.8999999999783, -15.5685062, -15.5680618, -15.569973, -15.5701036, -15.5694351, -15.569561, -15.5713749, -15.573761, -15.5722942, -15.5691376
1552.9999999999782, -15.5962324, -15.5975142, -15.5978365, -15.5964622, -15.5971251, -15.5979156, -15.5970402, -15.5969172, -15.5983438, -15.5950832
1553.099999999978, -15.6829805, -15.6847401, -15.6860209, -15.6848583, -15.6832762, -15.683835, -15.6835356, -15.6847105, -15.6866713, -15.6841288
1553.199999999978, -15.4955416, -15.4927559, -15.4929895, -15.4930916, -15.4934072, -15.4933615, -15.4921818, -15.4934225, -15.49405, -15.4946108
1553.299999999978, -15.5685425, -15.5698261, -15.5702724, -15.5743971, -15.5730276, -15.5738878, -15.5695686, -15.5680275, -15.5692701, -15.5701246
1553.3999999999778, -15.5140066, -15.4911556, -15.4846668, -15.4744663, -15.4708157, -15.471694, -15.4769125, -15.4758911, -15.4733686, -15.4713755
1553.4999999999777, -15.617094, -15.61621, -15.6139631, -15.6150875, -15.6148109, -15.6149464, -15.6132841, -15.6156225, -15.6143799, -15.6151056
1553.5999999999776, -15.3463974, -15.3470631, -15.3467598, -15.3476734, -15.3505783, -15.3524733, -15.3526917, -15.3516922, -15.347908, -15.3480625
1553.6999999999775, -15.4608393, -15.4610033, -15.4630537, -15.4631901, -15.4617643, -15.4594975, -15.4608498, -15.4603214, -15.4596586, -15.4612656
1553.7999999999774, -15.3225155, -15.3226185, -15.3245487, -15.3245831, -15.3250589, -15.3247156, -15.3241835, -15.3243179, -15.324625, -15.3248568
1553.8999999999774, -15.3725157, -15.3741426, -15.3753252, -15.374486, -15.3732958, -15.3736687, -15.3734436, -15.3720007, -15.3727703, -15.3730745
1553.9999999999773, -15.3865204, -15.3868608, -15.3863478, -15.3851776, -15.3855839, -15.3832026, -15.3829737, -15.383708, -15.383522, -15.3840809
1554.0999999999772, -15.2507992, -15.2515287, -15.2505436, -15.250452, -15.2501526, -15.2511101, -15.2503147, -15.2497168, -15.2513828, -15.2548161
1554.199999999977, -15.3080816, -15.3076229, -15.3052464, -15.3070526, -15.3070993, -15.3073244, -15.3071537, -15.307601, -15.3061275, -15.3080893
1554.299999999977, -15.2791195, -15.2805862, -15.2819719, -15.281745, -15.2809868, -15.2803144, -15.2801924, -15.2797089, -15.2815952, -15.2818632
1554.399999999977, -15.2814808, -15.2799654, -15.282712, -15.2844744, -15.2818289, -15.2836323, -15.2807713, -15.2810163, -15.280468, -15.2821236
1554.4999999999768, -15.2408171, -15.2408485, -15.2410278, -15.2432623, -15.2418823, -15.2404013, -15.2417603, -15.2405176, -15.2399588, -15.2408152
1554.5999999999767, -15.184782, -15.1841545, -15.1859617, -15.1894159, -15.1872931, -15.1835022, -15.1817398, -15.182045, -15.18223, -15.1827192
1554.6999999999766, -15.080533, -15.0798016, -15.0775909, -15.0795784, -15.0812883, -15.0796776, -15.0778103, -15.0772295, -15.0762548, -15.0755215
1554.7999999999765, -15.249917, -15.2477026, -15.24718, -15.2466679, -15.2454195, -15.2467051, -15.2473145, -15.2492762, -15.248889, -15.2468662
1554.8999999999764, -15.0632648, -15.0628672, -15.0626841, -15.060935, -15.0618105, -15.0618296, -15.0618238, -15.0623417, -15.0634766, -15.0650082
1554.9999999999764, -15.1889839, -15.1904078, -15.1881771, -15.1896648, -15.19067, -15.1913223, -15.1903477, -15.1899996, -15.1941843, -15.1908436
1555.0999999999763, -15.0020676, -15.0001526, -15.0053339, -15.0035191, -15.0044241, -15.0056038, -15.0035362, -15.0004187, -15.0011625, -15.0000916
1555.1999999999762, -15.2041931, -15.2049446, -15.2051058, -15.2049732, -15.2074175, -15.2113838, -15.2081995, -15.2087412, -15.206708, -15.2074385
1555.299999999976, -15.0679646, -15.0674314, -15.0652685, -15.066061, -15.0680628, -15.066205, -15.0654173, -15.0654612, -15.0652914, -15.0636024
1555.399999999976, -15.127099, -15.1216087, -15.1217289, -15.1200953, -15.1217499, -15.1214046, -15.1200647, -15.1198053, -15.1213961, -15.1228294
1555.499999999976, -14.9412737, -14.9380379, -14.9380817, -14.9372206, -14.9365664, -14.9404564, -14.9432077, -14.9452267, -14.9434748, -14.9432001
1555.5999999999758, -15.1142273, -15.1136866, -15.1129274, -15.1134377, -15.1123428, -15.1124353, -15.1145048, -15.1171484, -15.1204062, -15.1161623
1555.6999999999757, -14.9585991, -14.9908009, -14.981452, -14.9843035, -14.9726315, -14.9623938, -14.9526005, -14.9489937, -14.9448271, -14.9459114
1555.7999999999756, -15.1378565, -15.1375599, -15.1343002, -15.1341591, -15.1350193, -15.1345797, -15.1367636, -15.1360159, -15.1340094, -15.1349735
1555.8999999999755, -14.9126806, -14.9148369, -14.915679, -14.9150934, -14.9142609, -14.9149342, -14.9162836, -14.9136114, -14.9137278, -14.9146042
1555.9999999999754, -15.0510054, -15.0510626, -15.0508785, -15.0509882, -15.0522928, -15.0535803, -15.053668, -15.0552673, -15.0521793, -15.0520649
1556.0999999999754, -14.9120131, -14.911314, -14.906373, -14.9039412, -14.9052372, -14.9067192, -14.9065685, -14.9084673, -14.9053869, -14.9045839
1556.1999999999753, -15.134552, -15.1359367, -15.1323633, -15.1304083, -15.1291285, -15.1309471, -15.129632, -15.1337328, -15.1330137, -15.1349487
1556.2999999999752, -14.8715849, -14.8723984, -14.8737125, -14.869648, -14.8688765, -14.8697701, -14.8710127, -14.8721561, -14.8724756, -14.8729544
1556.399999999975, -15.0020266, -15.002573, -15.0003796, -15.0000381, -14.9996004, -15.0009708, -15.0010395, -15.0000792, -15.0001087, -14.9993877
1556.499999999975, -14.8832426, -14.8842459, -14.8847618, -14.8871965, -14.8864317, -14.8880835, -14.8881006, -14.8866987, -14.8843231, -14.8824377
1556.599999999975, -14.9492779, -14.9530277, -14.9523258, -14.9516211, -14.9514275, -14.9482594, -14.949893, -14.9480772, -14.9487028, -14.951272
1556.6999999999748, -14.9844103, -14.9887705, -14.9867868, -14.9848938, -14.9850035, -14.9850054, -14.9830999, -14.9850664, -14.9884892, -14.9889193
1556.7999999999747, -14.9386301, -14.936285, -14.9358721, -14.9367781, -14.9353008, -14.9355774, -14.9362783, -14.9379206, -14.9370441, -14.938364
1556.8999999999746, -14.8857288, -14.8851252, -14.8841562, -14.8831625, -14.8837385, -14.8844481, -14.8850412, -14.8871136, -14.8861866, -14.884922
1556.9999999999745, -14.89538, -14.894207, -14.8962221, -14.8975649, -14.8969088, -14.8979149, -14.8982763, -14.8976192, -14.8989153, -14.8967228
1557.0999999999744, -14.894516, -14.8932266, -14.8955708, -14.8948345, -14.8933849, -14.8939133, -14.8927259, -14.8939333, -14.8938522, -14.8918056
1557.1999999999744, -14.9263201, -14.9249229, -14.921876, -14.9236107, -14.924777, -14.9230509, -14.9221878, -14.9214249, -14.9212074, -14.9243469
1557.2999999999743, -14.8594685, -14.862505, -14.8634977, -14.8620815, -14.8609867, -14.8647938, -14.8670826, -14.8673973, -14.8666563, -14.8686657
1557.3999999999742, -14.7550354, -14.7540922, -14.7523479, -14.7524223, -14.7527018, -14.7541199, -14.7507563, -14.751914, -14.752902, -14.7517185
1557.499999999974, -14.9292364, -14.93402, -14.9339809, -14.9341812, -14.9341984, -14.9380245, -14.9377127, -14.9316225, -14.9304857, -14.9326706
1557.599999999974, -14.7898083, -14.789032, -14.7882023, -14.7861385, -14.7885904, -14.7897015, -14.79002, -14.7892408, -14.7873402, -14.786562
1557.699999999974, -14.9513674, -14.9509687, -14.9530029, -14.9535847, -14.9530849, -14.952899, -14.9539642, -14.9525213, -14.9525499, -14.9529285
1557.7999999999738, -14.717865, -14.716733, -14.7196484, -14.7211628, -14.7168598, -14.7139416, -14.7156086, -14.7145138, -14.7134027, -14.7142363
1557.8999999999737, -14.846488, -14.8469763, -14.8479452, -14.8482523, -14.8471613, -14.8472414, -14.849041, -14.8442516, -14.8432751, -14.8460455
1557.9999999999736, -14.719533, -14.7181845, -14.7140446, -14.7173529, -14.7126217, -14.7110319, -14.7109137, -14.713953, -14.7128029, -14.7143288
1558.0999999999735, -14.8324423, -14.8328381, -14.8345871, -14.8318396, -14.8331118, -14.8338528, -14.8370962, -14.8383112, -14.8371077, -14.8384571
1558.1999999999734, -14.6181116, -14.6163063, -14.6144361, -14.6122208, -14.612442, -14.6119442, -14.6130943, -14.6131201, -14.616127, -14.6165123
1558.2999999999734, -14.7830315, -14.7806101, -14.7813711, -14.7815742, -14.7829275, -14.7828588, -14.7818069, -14.7805166, -14.7809801, -14.7812843
1558.3999999999733, -14.6115828, -14.6144819, -14.6138124, -14.6130142, -14.6139383, -14.614933, -14.6151733, -14.6154518, -14.6128826, -14.6131201
1558.4999999999732, -14.8057413, -14.8036432, -14.8025999, -14.8040047, -14.8027906, -14.8037605, -14.8058214, -14.8064404, -14.8062668, -14.8047323
1558.599999999973, -14.6246443, -14.6247959, -14.6235867, -14.6277399, -14.6269169, -14.6228962, -14.6245909, -14.6245232, -14.6214218, -14.6222277
1558.699999999973, -14.7357607, -14.7320442, -14.7324657, -14.731185, -14.7316904, -14.727747, -14.7294922, -14.7302065, -14.7274475, -14.7265453
1558.799999999973, -14.5020351, -14.5013351, -14.5040007, -14.5063009, -14.5061731, -14.5066767, -14.5089054, -14.5065079, -14.5072126, -14.5084438
1558.8999999999728, -14.6883249, -14.6876478, -14.6866837, -14.6848059, -14.6860704, -14.6900568, -14.6946335, -14.693078, -14.6871462, -14.6866007
1558.9999999999727, -14.4850912, -14.4837055, -14.4834986, -14.4846239, -14.4831696, -14.4833403, -14.4837093, -14.4875355, -14.4906759, -14.4931087
1559.0999999999726, -14.6179171, -14.6173172, -14.6178179, -14.616848, -14.6194601, -14.6143856, -14.6117001, -14.6101589, -14.6123571, -14.6129131
1559.1999999999725, -14.4813156, -14.4801493, -14.4819508, -14.4834185, -14.4864988, -14.4857836, -14.4852171, -14.4838228, -14.4862986, -14.48563
1559.2999999999724, -14.4695034, -14.4707117, -14.4695587, -14.4702711, -14.4699917, -14.4693861, -14.468297, -14.4694939, -14.4713287, -14.4711256
1559.3999999999724, -14.5312033, -14.5302181, -14.5289974, -14.5315895, -14.533143, -14.5315399, -14.5332317, -14.5307837, -14.5297651, -14.5307684
1559.4999999999723, -14.5025463, -14.4999352, -14.4991722, -14.5038776, -14.5045919, -14.5046978, -14.5035429, -14.5018234, -14.4996376, -14.4993258
1559.5999999999722, -14.4329615, -14.4319639, -14.4319248, -14.4317713, -14.4314508, -14.4310999, -14.4343567, -14.4364376, -14.4349232, -14.4340343
1559.699999999972, -14.3946714, -14.3914242, -14.3902407, -14.3894339, -14.3914289, -14.3921976, -14.3922014, -14.3930159, -14.3904934, -14.3898325
1559.799999999972, -14.3721533, -14.3708296, -14.3703403, -14.3689804, -14.3693771, -14.3681145, -14.3721037, -14.3717575, -14.376214, -14.3777218
1559.899999999972, -14.4176512, -14.4185781, -14.4172029, -14.4161043, -14.4160004, -14.4140577, -14.4141912, -14.4117765, -14.4131575, -14.4129562
1559.9999999999718, -14.4158173, -14.4175491, -14.4203043, -14.422245, -14.4226961, -14.4230766, -14.4239302, -14.4259319, -14.4270954, -14.4275694
1560.0999999999717, -14.2263622, -14.2262583, -14.2271242, -14.2288504, -14.232275, -14.2347965, -14.2304935, -14.2289248, -14.2248945, -14.2233143
1560.1999999999716, -14.3898983, -14.3864002, -14.3850603, -14.3849468, -14.3845654, -14.3852854, -14.3884182, -14.3863049, -14.3869152, -14.38937
1560.2999999999715, -14.2054901, -14.2039108, -14.2040148, -14.2027931, -14.2036428, -14.2043953, -14.2051401, -14.2038059, -14.2034349, -14.202528
1560.3999999999714, -14.4127169, -14.4121037, -14.4120264, -14.4118986, -14.4149017, -14.4175396, -14.4163256, -14.4143209, -14.4133482, -14.4109144
1560.4999999999714, -14.1610384, -14.1554203, -14.1541443, -14.1616545, -14.171422, -14.1683369, -14.1589832, -14.1554375, -14.1552639, -14.1538477
1560.5999999999713, -14.2809916, -14.2835169, -14.2818651, -14.2813101, -14.2853165, -14.2803431, -14.2773151, -14.2783031, -14.2770977, -14.2773495
1560.6999999999712, -14.1158257, -14.1150446, -14.1137724, -14.1136866, -14.1152134, -14.1153088, -14.1147594, -14.114171, -14.1176329, -14.1176119
1560.799999999971, -14.3540249, -14.3537159, -14.3555002, -14.3547449, -14.3565397, -14.3532457, -14.3537283, -14.3557711, -14.3573332, -14.3538799
1560.899999999971, -14.1257162, -14.1265154, -14.1285706, -14.129674, -14.1306181, -14.1317768, -14.1328821, -14.1321201, -14.1327381, -14.1308174
1560.999999999971, -14.27108, -14.2705021, -14.2706079, -14.2723913, -14.2727995, -14.2728033, -14.271697, -14.2717438, -14.2706757, -14.2706747
1561.0999999999708, -14.0965414, -14.097127, -14.0973911, -14.0973368, -14.0967522, -14.097311, -14.0959549, -14.0963354, -14.096159, -14.0963001
1561.1999999999707, -14.2131414, -14.2132177, -14.2161198, -14.2178507, -14.2205639, -14.2197256, -14.2168493, -14.2176504, -14.2164898, -14.2183361
1561.2999999999706, -14.1220436, -14.1210165, -14.1218758, -14.1254311, -14.1226654, -14.1190014, -14.1174927, -14.1203613, -14.1176004, -14.117547
1561.3999999999705, -14.2175417, -14.217351, -14.2175779, -14.2177725, -14.2165136, -14.2175074, -14.2170544, -14.219203, -14.2210436, -14.2205324
1561.4999999999704, -14.0045185, -14.0040264, -14.0053396, -14.0053663, -14.0037622, -14.0050764, -14.0031834, -14.0029135, -14.0051003, -14.0044088
1561.5999999999704, -14.1708574, -14.1706514, -14.1728411, -14.1754808, -14.1742916, -14.1725168, -14.1747074, -14.1732931, -14.170146, -14.1718206
1561.6999999999703, -14.0902777, -14.0914841, -14.0898743, -14.0876331, -14.0899305, -14.0901861, -14.0887966, -14.088974, -14.088913, -14.0880108
1561.7999999999702, -14.1825924, -14.1780195, -14.1759329, -14.1769037, -14.1732187, -14.1713953, -14.1735001, -14.1735401, -14.1745033, -14.1742353
1561.89999999997, -14.1469297, -14.1453514, -14.1464109, -14.1461391, -14.1470318, -14.1465597, -14.1473866, -14.148035, -14.1488409, -14.1490192
1561.99999999997, -14.0404444, -14.0393476, -14.0388355, -14.0372171, -14.0368357, -14.0379047, -14.0394764, -14.0394926, -14.0381718, -14.0396833
1562.09999999997, -14.1592007, -14.1612272, -14.1604996, -14.1627369, -14.1629982, -14.1615267, -14.1598196, -14.1641865, -14.1643801, -14.1617546
1562.1999999999698, -14.0549135, -14.0535469, -14.0522451, -14.054987, -14.0570517, -14.0562181, -14.0550756, -14.0553246, -14.0562057, -14.0590563
1562.2999999999697, -14.1343975, -14.133831, -14.1337366, -14.134613, -14.1352167, -14.1364241, -14.1364613, -14.1341906, -14.1348639, -14.1350708
1562.3999999999696, -14.0193138, -14.0178595, -14.0176506, -14.0174742, -14.0183983, -14.0194178, -14.0179558, -14.016902, -14.016511, -14.0162468
1562.4999999999695, -14.0936861, -14.0971365, -14.0909882, -14.0891342, -14.0902767, -14.088356, -14.0885582, -14.0890503, -14.0888863, -14.0905924
1562.5999999999694, -14.0243177, -14.0249338, -14.0263367, -14.0242319, -14.0232477, -14.0188494, -14.0162554, -14.0147753, -14.0135059, -14.0140104
1562.6999999999694, -14.2251377, -14.2214298, -14.2241096, -14.2247782, -14.2234478, -14.2227259, -14.2227221, -14.2240705, -14.2246914, -14.226429
1562.7999999999693, -13.9993038, -14.0005913, -13.9971609, -13.9982052, -13.9977493, -13.9986887, -13.9982443, -13.9984388, -13.9963369, -13.9979219
1562.8999999999692, -14.1468487, -14.1479473, -14.1491823, -14.1480913, -14.1471157, -14.1460438, -14.144475, -14.1446781, -14.1459198, -14.1430368
1562.999999999969, -13.9561014, -13.9557657, -13.9572773, -13.9589214, -13.9613094, -13.9616804, -13.9592199, -13.9580793, -13.9570723, -13.9595079
1563.099999999969, -14.1911535, -14.1922312, -14.1881247, -14.1873674, -14.1894264, -14.1886187, -14.1864414, -14.1854572, -14.1862831, -14.1850796
1563.199999999969, -13.9588852, -13.9598656, -13.9596262, -13.9575663, -13.9574451, -13.9558773, -13.9562283, -13.9555883, -13.9550552, -13.9545622
1563.2999999999688, -14.1251221, -14.1244698, -14.1265631, -14.1283503, -14.1303282, -14.1282282, -14.1267252, -14.1275349, -14.1262846, -14.1258821
1563.3999999999687, -13.9180489, -13.9181194, -13.9148483, -13.9141808, -13.9146471, -13.9150381, -13.9136801, -13.912591, -13.9129934, -13.9132862
1563.4999999999686, -14.1399355, -14.1355743, -14.1339235, -14.1335497, -14.1327753, -14.1330309, -14.1355038, -14.1295099, -14.127182, -14.1263247
1563.5999999999685, -14.0162296, -14.0206194, -14.0223827, -14.0188866, -14.0191269, -14.0166922, -14.0192289, -14.0185003, -14.0171194, -14.0164413
1563.6999999999684, -14.0839491, -14.0854836, -14.0866394, -14.0854702, -14.0835676, -14.0828285, -14.0836658, -14.0829897, -14.0839367, -14.0823307
1563.7999999999683, -13.982008, -13.9811668, -13.9795618, -13.9813786, -13.9837408, -13.9816999, -13.9822865, -13.9845514, -13.9850702, -13.9838781
1563.8999999999683, -13.962615, -13.9635363, -13.9632301, -13.9625435, -13.962018, -13.9614391, -13.9620008, -13.9624834, -13.965539, -13.9675493
1563.9999999999682, -14.0054312, -14.0055056, -14.0073824, -14.006422, -14.008872, -14.0094452, -14.0103302, -14.0094566, -14.0076504, -14.0056801
1564.099999999968, -14.0391369, -14.0409937, -14.0395679, -14.040267, -14.0408554, -14.042181, -14.0418215, -14.0454645, -14.0428772, -14.038661
1564.199999999968, -13.9541225, -13.9561853, -13.9564447, -13.9565287, -13.9571171, -13.9560251, -13.9564972, -13.9545698, -13.9544783, -13.956604
1564.299999999968, -13.9422808, -13.9387732, -13.9413385, -13.9407492, -13.9405832, -13.9418182, -13.941638, -13.9419622, -13.9412937, -13.9402246
1564.3999999999678, -13.9759407, -13.9760437, -13.97756, -13.9796, -13.9809608, -13.9824829, -13.986084, -13.9864149, -13.9860382, -13.9883766
1564.4999999999677, -13.901948, -13.9007463, -13.8976164, -13.8974056, -13.8968287, -13.8979931, -13.8974285, -13.8956213, -13.8942232, -13.8972197
1564.5999999999676, -14.0406256, -14.0420103, -14.0459394, -14.0440855, -14.0438128, -14.0430984, -14.0496464, -14.0497246, -14.048789, -14.0473404
1564.6999999999675, -13.7907839, -13.7883549, -13.7893343, -13.787672, -13.7897739, -13.7903061, -13.7920294, -13.7932339, -13.7920332, -13.7909155
1564.7999999999674, -13.9271688, -13.9276524, -13.9280424, -13.9274502, -13.9287233, -13.927495, -13.9279861, -13.9284868, -13.9304037, -13.9304657
1564.8999999999673, -13.7544651, -13.7540903, -13.7521667, -13.7545137, -13.753952, -13.7542248, -13.7542782, -13.7535038, -13.7554979, -13.7554932
1564.9999999999673, -13.9916487, -13.9943609, -13.9957333, -13.9943094, -13.995204, -13.9958477, -13.9948912, -13.9942408, -13.9944496, -13.9950876
1565.0999999999672, -13.7599392, -13.7615671, -13.7643538, -13.7626896, -13.7629185, -13.7603359, -13.7590523, -13.7619181, -13.762639, -13.7619705
1565.199999999967, -13.8967304, -13.8987551, -13.8971233, -13.8974638, -13.8990297, -13.8957348, -13.8946037, -13.8957329, -13.8965292, -13.8965034
1565.299999999967, -13.6902628, -13.6879797, -13.6886911, -13.6900101, -13.6906366, -13.6899433, -13.6909132, -13.6919308, -13.6905813, -13.6917839
1565.399999999967, -13.8866348, -13.8834982, -13.8849497, -13.8833733, -13.8837452, -13.8830881, -13.8807335, -13.8809757, -13.8817549, -13.8856478
1565.4999999999668, -13.7253942, -13.7281942, -13.7285042, -13.7241077, -13.7246332, -13.7257757, -13.7276058, -13.7247944, -13.7271996, -13.7286196
1565.5999999999667, -13.767848, -13.7674389, -13.7696075, -13.7680998, -13.7676334, -13.7678623, -13.7682371, -13.7699289, -13.770009, -13.7709179
1565.6999999999666, -13.6296797, -13.6303234, -13.6301661, -13.6305752, -13.6314468, -13.6302757, -13.6309052, -13.6306553, -13.6312761, -13.6343679
1565.7999999999665, -13.6904135, -13.6897268, -13.6888676, -13.6866217, -13.6883173, -13.6878901, -13.6869392, -13.6880941, -13.6891317, -13.6880655
1565.8999999999664, -13.6465244, -13.647543, -13.6458654, -13.6438532, -13.6421165, -13.6417894, -13.6410837, -13.6391354, -13.6417818, -13.6426306
1565.9999999999663, -13.7260752, -13.7277231, -13.7253513, -13.7247181, -13.7270279, -13.7266932, -13.7268915, -13.7302151, -13.7271757, -13.7263823
1566.0999999999663, -13.591918, -13.5924511, -13.5933475, -13.5933151, -13.596817, -13.5970011, -13.5946064, -13.5937805, -13.59657, -13.5943012
1566.1999999999662, -13.6042566, -13.6020432, -13.5968294, -13.5955038, -13.595603, -13.5906944, -13.590168, -13.5863791, -13.585741, -13.5860586
1566.299999999966, -13.6467104, -13.6483393, -13.6517382, -13.6533184, -13.6565399, -13.659297, -13.6581211, -13.6583347, -13.6565304, -13.6573
1566.399999999966, -13.528863, -13.5284586, -13.5284786, -13.5275917, -13.5251141, -13.5257921, -13.5256462, -13.5267658, -13.5265503, -13.5289602
1566.499999999966, -13.623004, -13.6235456, -13.6231012, -13.6243296, -13.6242294, -13.6260605, -13.6261921, -13.6294231, -13.6296949, -13.6283655
1566.5999999999658, -13.4159374, -13.4164467, -13.4177017, -13.4173889, -13.4172039, -13.4170122, -13.4221945, -13.4186821, -13.4170504, -13.4156418
1566.6999999999657, -13.5700741, -13.5698271, -13.5719728, -13.5707197, -13.5684156, -13.5691614, -13.570632, -13.5695782, -13.5685472, -13.5690413
1566.7999999999656, -13.4081211, -13.4111376, -13.4117126, -13.4111662, -13.4099112, -13.4101219, -13.4081116, -13.4081316, -13.4101324, -13.41362
1566.8999999999655, -13.5875158, -13.5902004, -13.5910597, -13.5904703, -13.5888224, -13.5875664, -13.5898008, -13.589241, -13.5885229, -13.5852232
1566.9999999999654, -13.3836203, -13.3830585, -13.384572, -13.3850403, -13.3842297, -13.3845816, -13.394351, -13.5251722, -13.554307, -13.4824047
1567.0999999999653, -13.5094986, -13.5088711, -13.5074024, -13.5097227, -13.5099478, -13.509861, -13.5108004, -13.5128994, -13.5137901, -13.513154
1567.1999999999653, -13.3306751, -13.3307314, -13.3292284, -13.3287477, -13.3295183, -13.3289738, -13.3299341, -13.3303356, -13.3324718, -13.3343058
1567.2999999999652, -13.5205345, -13.5232668, -13.5214396, -13.5196209, -13.5188942, -13.5197878, -13.5175581, -13.5189829, -13.5204659, -13.5203381
1567.399999999965, -13.3547268, -13.3532524, -13.3522215, -13.3527231, -13.3525915, -13.3516178, -13.3523941, -13.3526011, -13.3529968, -13.3534975
1567.499999999965, -13.4321833, -13.4321346, -13.4329062, -13.4316826, -13.4320002, -13.4329147, -13.432127, -13.4314051, -13.4319525, -13.4319239
1567.599999999965, -13.3034945, -13.3014669, -13.3009071, -13.2999258, -13.29988, -13.2998991, -13.3006449, -13.2995996, -13.3005152, -13.3002424
1567.6999999999648, -13.4472713, -13.4436512, -13.4450331, -13.4484491, -13.4451571, -13.446722, -13.4466181, -13.4468174, -13.4440746, -13.4447994
1567.7999999999647, -13.3408689, -13.3401346, -13.3405867, -13.3410482, -13.3421602, -13.3441601, -13.3403997, -13.3386078, -13.3417101, -13.3422928
1567.8999999999646, -13.410285, -13.4073076, -13.4102077, -13.409461, -13.4077578, -13.408083, -13.4070196, -13.4067831, -13.4076519, -13.4084177
1567.9999999999645, -13.2944965, -13.2963133, -13.2993851, -13.3018961, -13.3058968, -13.3057919, -13.3055773, -13.3071756, -13.3098707, -13.3091698
1568.0999999999644, -13.2709885, -13.2704124, -13.2691622, -13.2673826, -13.2678347, -13.2695417, -13.2680578, -13.2691059, -13.2681694, -13.2691059
1568.1999999999643, -13.4093761, -13.4100466, -13.4111948, -13.4118748, -13.4108124, -13.4115009, -13.4115973, -13.4111662, -13.4115696, -13.4117413
1568.2999999999643, -13.2746897, -13.2762127, -13.2759533, -13.2758875, -13.2753677, -13.2749491, -13.2741413, -13.2734556, -13.2728252, -13.2737236
1568.3999999999642, -13.3998022, -13.3992567, -13.3999748, -13.4007301, -13.3992682, -13.399621, -13.3983688, -13.4001751, -13.4000788, -13.400176
1568.499999999964, -13.2357531, -13.235301, -13.2345562, -13.2341967, -13.233222, -13.234869, -13.2356968, -13.2363853, -13.2358713, -13.2365065
1568.599999999964, -13.4301901, -13.4323759, -13.4340029, -13.4332819, -13.431962, -13.4345522, -13.4343872, -13.4339638, -13.4332809, -13.4338093
1568.699999999964, -13.2933674, -13.2923059, -13.2933216, -13.2929211, -13.2922125, -13.2924166, -13.2924175, -13.2957449, -13.2948513, -13.2923059
1568.7999999999638, -13.4194593, -13.4198723, -13.4205809, -13.4228563, -13.4241142, -13.4233084, -13.4237213, -13.4222145, -13.4226856, -13.4250669
1568.8999999999637, -13.2138853, -13.2130995, -13.2124596, -13.2137308, -13.2136288, -13.2131367, -13.2137938, -13.2129526, -13.2150021, -13.2149935
1568.9999999999636, -13.3848286, -13.3840027, -13.3822613, -13.3817463, -13.3821554, -13.3817005, -13.3812799, -13.3806047, -13.3819923, -13.3838387
1569.0999999999635, -13.2371693, -13.2378855, -13.2375927, -13.2368841, -13.2362204, -13.2354946, -13.2360926, -13.2363138, -13.237565, -13.2382536
1569.1999999999634, -13.4147978, -13.414279, -13.416522, -13.4155254, -13.4155445, -13.4146156, -13.4161196, -13.4170122, -13.4171286, -13.4153442
1569.2999999999633, -13.2697649, -13.2694578, -13.2709885, -13.2717409, -13.2698202, -13.2693644, -13.26933, -13.2688189, -13.2705984, -13.2713861
1569.3999999999633, -13.3834705, -13.3827925, -13.3827457, -13.3831072, -13.3829737, -13.3832598, -13.3832684, -13.3826523, -13.3829651, -13.3839445
1569.4999999999632, -13.2962399, -13.2935734, -13.2927999, -13.2930698, -13.2944202, -13.2939453, -13.2940664, -13.2935438, -13.2928648, -13.2929955
1569.599999999963, -13.4450216, -13.4452448, -13.4453983, -13.4487982, -13.4461813, -13.4456701, -13.4452839, -13.4440203, -13.4458799, -13.4488764
1569.699999999963, -13.3022509, -13.3040543, -13.3066339, -13.3068962, -13.3061304, -13.3080196, -13.3058853, -13.3066902, -13.3079615, -13.3089457
1569.799999999963, -13.3540268, -13.3518534, -13.349369, -13.349021, -13.347868, -13.345603, -13.3444338, -13.3448114, -13.3425388, -13.3444605
1569.8999999999628, -13.3248787, -13.3271694, -13.3270578, -13.3307781, -13.3311453, -13.3312292, -13.3312016, -13.3339014, -13.3323298, -13.3345699
1569.9999999999627, -13.2478476, -13.2461405, -13.2463627, -13.2459936, -13.245182, -13.2453575, -13.2455692, -13.246398, -13.245635, -13.2450438
1570.0999999999626, -13.4016171, -13.4015112, -13.4023142, -13.4013882, -13.4024868, -13.4029188, -13.4030228, -13.4043236, -13.4036922, -13.4035101
1570.1999999999625, -13.2562418, -13.2554731, -13.2566738, -13.2555294, -13.2559347, -13.2573957, -13.2565918, -13.2564249, -13.2561398, -13.255908
1570.2999999999624, -13.3855076, -13.3851538, -13.3858862, -13.3866758, -13.3871059, -13.386116, -13.3867826, -13.3872108, -13.3865538, -13.3885155
1570.3999999999623, -13.2319908, -13.2344742, -13.2323313, -13.2317152, -13.2324314, -13.2325516, -13.2312746, -13.2318068, -13.2313204, -13.2312841
1570.4999999999623, -13.4151525, -13.4149981, -13.4152584, -13.4145489, -13.4148932, -13.4145975, -13.4148941, -13.4135332, -13.414012, -13.4155931
1570.5999999999622, -13.2280397, -13.2269382, -13.228775, -13.2280226, -13.2262135, -13.2267742, -13.2257185, -13.2251949, -13.2250948, -13.2265167
1570.699999999962, -13.3829727, -13.3834496, -13.3824415, -13.3858013, -13.3826036, -13.3840694, -13.3852196, -13.3822603, -13.3829842, -13.385335
1570.799999999962, -13.1638994, -13.1647758, -13.1658716, -13.1658897, -13.1665411, -13.1670218, -13.1668034, -13.1656265, -13.1650391, -13.1647215
1570.899999999962, -13.3151999, -13.3154793, -13.3156385, -13.3177557, -13.3183203, -13.3168192, -13.3165674, -13.315526, -13.3163786, -13.3165951
1570.9999999999618, -13.1812963, -13.1812057, -13.1812143, -13.1829138, -13.1829138, -13.1828766, -13.1812973, -13.1834497, -13.1826687, -13.1825695
