wavelength_nm ,power_reading_0_dbm ,power_reading_1_dbm ,power_reading_2_dbm ,power_reading_3_dbm ,power_reading_4_dbm ,power_reading_5_dbm ,power_reading_6_dbm ,power_reading_7_dbm ,power_reading_8_dbm ,power_reading_9_dbm 
1529.0, -15.7265396, -15.7257481, -15.7250547, -15.7242832, -15.7240524, -15.7230759, -15.7239342, -15.7229805, -15.7218771, -15.7198868
1529.1, -15.8619461, -15.8619471, -15.8618717, -15.8624887, -15.8623056, -15.8618689, -15.8622236, -15.8627338, -15.864749, -15.8642759
1529.1999999999998, -15.7272625, -15.7281008, -15.7279387, -15.7284489, -15.727457, -15.7272415, -15.7275476, -15.7271404, -15.7271948, -15.7270164
1529.2999999999997, -15.6920958, -15.6917, -15.6920834, -15.6914606, -15.6915007, -15.691123, -15.6913109, -15.6911678, -15.6912498, -15.6916924
1529.3999999999996, -15.6364346, -15.6366043, -15.636652, -15.6366043, -15.6366673, -15.6373167, -15.6359835, -15.6352386, -15.6368036, -15.6372213
1529.4999999999995, -15.8087101, -15.8083, -15.8077612, -15.8073063, -15.8073769, -15.8072853, -15.8071404, -15.8058157, -15.804924, -15.8041363
1529.5999999999995, -15.5593681, -15.5583105, -15.5595646, -15.5597525, -15.5604229, -15.5608139, -15.5608702, -15.561079, -15.5604029, -15.56075
1529.6999999999994, -15.7671165, -15.7669258, -15.7676048, -15.7671642, -15.7681694, -15.7685833, -15.7681198, -15.7683401, -15.7677345, -15.7681475
1529.7999999999993, -15.5043278, -15.5037851, -15.5043287, -15.5046625, -15.5051775, -15.5038004, -15.5041904, -15.5044088, -15.5046473, -15.5044489
1529.8999999999992, -15.7067642, -15.7067242, -15.7058725, -15.7064085, -15.7066069, -15.706748, -15.7067461, -15.7056961, -15.7056894, -15.7050114
1529.999999999999, -15.5218849, -15.5225706, -15.5228672, -15.5230417, -15.5228777, -15.5223761, -15.5221806, -15.5224533, -15.5222406, -15.5223055
1530.099999999999, -15.550127, -15.5497627, -15.5497837, -15.5493383, -15.5495234, -15.5501947, -15.5506086, -15.5498857, -15.5504494, -15.55058
1530.199999999999, -15.5270414, -15.5270176, -15.52738, -15.5278807, -15.5283222, -15.5278139, -15.5273981, -15.5271454, -15.5275984, -15.5274954
1530.2999999999988, -15.5042028, -15.5045185, -15.5039682, -15.5027676, -15.5032749, -15.5028439, -15.5024748, -15.5025358, -15.5020494, -15.5015488
1530.3999999999987, -15.4456978, -15.4466429, -15.4466419, -15.4460926, -15.4456348, -15.4454365, -15.4461937, -15.4456043, -15.4463062, -15.4455404
1530.4999999999986, -15.6475077, -15.6473331, -15.6475258, -15.6476059, -15.6469669, -15.6476717, -15.647644, -15.6475201, -15.6474018, -15.6471529
1530.5999999999985, -15.3723164, -15.3714809, -15.3712969, -15.3720493, -15.371891, -15.3710155, -15.3711987, -15.3718128, -15.371645, -15.3720617
1530.6999999999985, -15.5675526, -15.5677042, -15.5670614, -15.5666685, -15.5668917, -15.5663033, -15.5663576, -15.5657587, -15.5662985, -15.5667591
1530.7999999999984, -15.368824, -15.3681631, -15.3683672, -15.3685036, -15.3685684, -15.3688498, -15.369154, -15.3686237, -15.3687334, -15.3682461
1530.8999999999983, -15.5298023, -15.5301685, -15.5287895, -15.5281019, -15.5284023, -15.5289507, -15.5289593, -15.5297203, -15.5293655, -15.5298491
1530.9999999999982, -15.4715214, -15.4712658, -15.4721251, -15.471982, -15.4718523, -15.4723463, -15.4715128, -15.4724417, -15.4724951, -15.471961
1531.099999999998, -15.4097118, -15.4090385, -15.4086609, -15.4087553, -15.4090347, -15.4097662, -15.4087934, -15.4086504, -15.4088202, -15.4088039
1531.199999999998, -15.3887405, -15.3881893, -15.3884516, -15.3892078, -15.388341, -15.3895073, -15.389349, -15.3891888, -15.3892908, -15.3889866
1531.299999999998, -15.5809546, -15.5811024, -15.581193, -15.5811796, -15.5815983, -15.5819149, -15.5811081, -15.5818081, -15.5812483, -15.5803938
1531.3999999999978, -15.3347483, -15.3339157, -15.3335323, -15.3332853, -15.3338051, -15.3337631, -15.3345203, -15.3349905, -15.3347464, -15.3339949
1531.4999999999977, -15.5812454, -15.5809517, -15.58144, -15.581501, -15.5816278, -15.5819025, -15.582181, -15.5824594, -15.5819197, -15.5818701
1531.5999999999976, -15.2596369, -15.2593822, -15.2599182, -15.2595205, -15.25951, -15.2597933, -15.2599249, -15.2601118, -15.2600746, -15.2607212
1531.6999999999975, -15.5209885, -15.520299, -15.5207081, -15.5210457, -15.521471, -15.5215473, -15.5214243, -15.5212593, -15.5213079, -15.5209198
1531.7999999999975, -15.4061813, -15.4074202, -15.4076843, -15.4073467, -15.4068127, -15.4067764, -15.4063873, -15.4062357, -15.4069538, -15.4066124
1531.8999999999974, -15.4687958, -15.4689436, -15.4692583, -15.4694166, -15.4690981, -15.4689875, -15.4691248, -15.4691114, -15.4685946, -15.4688015
1531.9999999999973, -15.4162235, -15.4160347, -15.4154234, -15.415534, -15.4158831, -15.4166069, -15.4157114, -15.4168453, -15.41611, -15.4153233
1532.0999999999972, -15.5033598, -15.5020247, -15.502202, -15.5016479, -15.501749, -15.5011845, -15.50107, -15.5006008, -15.5010319, -15.5012541
1532.199999999997, -15.3349972, -15.3352976, -15.335227, -15.3349934, -15.3355427, -15.3355827, -15.335948, -15.3353958, -15.3358974, -15.3358316
1532.299999999997, -15.5976343, -15.5971022, -15.5968065, -15.5974178, -15.5969496, -15.5967712, -15.5964251, -15.5964975, -15.5962219, -15.5960779
1532.399999999997, -15.3086243, -15.3083229, -15.3081341, -15.3077984, -15.307745, -15.3078012, -15.3076773, -15.3078489, -15.3080063, -15.3079653
1532.4999999999968, -15.4967957, -15.4964514, -15.4957008, -15.4961939, -15.4968662, -15.4956188, -15.496563, -15.4975719, -15.4996872, -15.5002546
1532.5999999999967, -15.3347168, -15.334794, -15.3337288, -15.3336582, -15.333787, -15.3336506, -15.3343401, -15.3339157, -15.334321, -15.3340416
1532.6999999999966, -15.4696426, -15.4700012, -15.4697466, -15.4694805, -15.4695225, -15.4695044, -15.469655, -15.469635, -15.4703302, -15.4703188
1532.7999999999965, -15.4382124, -15.4379616, -15.4381571, -15.4373713, -15.4379444, -15.4374762, -15.436986, -15.4377575, -15.4377937, -15.4379692
1532.8999999999965, -15.4721498, -15.4708252, -15.4712095, -15.4717379, -15.4714088, -15.4709892, -15.4717016, -15.471343, -15.4716291, -15.4712601
1532.9999999999964, -15.2719154, -15.2717056, -15.2721224, -15.2726154, -15.2730179, -15.2738838, -15.2734518, -15.2729464, -15.2732878, -15.2739983
1533.0999999999963, -15.5692129, -15.5691929, -15.568759, -15.5688763, -15.5692873, -15.569685, -15.569663, -15.5696764, -15.5699377, -15.5696173
1533.1999999999962, -15.2575083, -15.2584467, -15.2591124, -15.2590237, -15.2582026, -15.2582722, -15.2580128, -15.2598934, -15.2593203, -15.2575951
1533.299999999996, -15.5335064, -15.5326576, -15.5329151, -15.5333185, -15.53269, -15.5331469, -15.5330305, -15.5327206, -15.5326662, -15.5326748
1533.399999999996, -15.1875858, -15.1877298, -15.187151, -15.1871233, -15.1863823, -15.1868296, -15.1871157, -15.1872416, -15.1868105, -15.1870251
1533.499999999996, -15.4454536, -15.4463129, -15.4460878, -15.4455233, -15.4453697, -15.4453669, -15.444356, -15.4453306, -15.446022, -15.4459829
1533.5999999999958, -15.3136578, -15.3139629, -15.3139057, -15.3135319, -15.3132601, -15.313653, -15.3137283, -15.3141012, -15.3147154, -15.3143101
1533.6999999999957, -15.394453, -15.3941031, -15.394001, -15.3937941, -15.3930225, -15.3925743, -15.3937988, -15.3944035, -15.3935108, -15.393508
1533.7999999999956, -15.2019806, -15.2029314, -15.2024689, -15.2026072, -15.2024651, -15.2032671, -15.2040663, -15.202631, -15.2021132, -15.2017174
1533.8999999999955, -15.3992348, -15.4008255, -15.4017525, -15.4028893, -15.4021482, -15.4016075, -15.4016962, -15.4017925, -15.4019299, -15.4023323
1533.9999999999955, -15.1306133, -15.1314783, -15.1318932, -15.1316347, -15.1310577, -15.1316147, -15.1314945, -15.1321115, -15.1320343, -15.1309147
1534.0999999999954, -15.4314337, -15.4320354, -15.4320469, -15.4320927, -15.4316158, -15.4314251, -15.4308338, -15.4311752, -15.4312468, -15.4306383
1534.1999999999953, -15.0893002, -15.0892448, -15.0880985, -15.0886574, -15.0889769, -15.0893612, -15.088726, -15.0886412, -15.0888987, -15.089241
1534.2999999999952, -15.2719822, -15.2710295, -15.2709923, -15.2714682, -15.2716637, -15.2720852, -15.2714806, -15.2715673, -15.2700596, -15.2698374
1534.399999999995, -15.0993118, -15.099226, -15.0979195, -15.0979013, -15.0984793, -15.0976343, -15.0978327, -15.0988293, -15.0973063, -15.0958652
1534.499999999995, -15.248004, -15.2465429, -15.2461414, -15.2462301, -15.2464867, -15.2466917, -15.2472916, -15.2461481, -15.2455387, -15.2454386
1534.599999999995, -15.0672188, -15.0658751, -15.0648489, -15.0656776, -15.0646973, -15.0648069, -15.0653381, -15.0654469, -15.0658894, -15.0661907
1534.6999999999948, -15.2150764, -15.2134371, -15.2126932, -15.2114477, -15.2112122, -15.2106991, -15.2105103, -15.2114105, -15.2117405, -15.2115431
1534.7999999999947, -14.901495, -14.902051, -14.9014502, -14.9010572, -14.901433, -14.9014502, -14.9017563, -14.901968, -14.9022865, -14.9010019
1534.8999999999946, -15.2428322, -15.2420464, -15.2414427, -15.2417755, -15.2418547, -15.2420187, -15.2416983, -15.2411556, -15.2429152, -15.2422552
1534.9999999999945, -14.9158545, -14.9148607, -14.9150229, -14.9150171, -14.9149933, -14.9147835, -14.9148855, -14.9153824, -14.9158945, -14.9161596
1535.0999999999945, -15.1699314, -15.1697321, -15.1696873, -15.1697807, -15.1693926, -15.1683159, -15.1687422, -15.16819, -15.1684971, -15.1682606
1535.1999999999944, -14.8214893, -14.8220406, -14.8236761, -14.8225183, -14.8216372, -14.8223009, -14.8231392, -14.8224421, -14.8227911, -14.8220482
1535.2999999999943, -15.1297283, -15.1289425, -15.1286297, -15.1303062, -15.129796, -15.1303883, -15.1303816, -15.1308146, -15.1300888, -15.129405
1535.3999999999942, -14.8770618, -14.8777161, -14.8771734, -14.8765945, -14.8761072, -14.8754368, -14.8751211, -14.8765106, -14.8770876, -14.8768816
1535.499999999994, -15.0698214, -15.0686989, -15.069396, -15.0686913, -15.0685234, -15.0678816, -15.0674582, -15.0674696, -15.0672836, -15.0681858
1535.599999999994, -14.7393837, -14.738368, -14.7379637, -14.7375498, -14.7369661, -14.7378254, -14.7379389, -14.7376738, -14.7382317, -14.7375994
1535.699999999994, -14.9940033, -14.9944096, -14.9947433, -14.9939756, -14.9945469, -14.9950399, -14.9928513, -14.9934464, -14.9937687, -14.9950933
1535.7999999999938, -14.7303162, -14.7285376, -14.7297192, -14.7289953, -14.7286673, -14.7287483, -14.7281418, -14.7294798, -14.7284641, -14.7283125
1535.8999999999937, -15.0183115, -15.0170231, -15.0160389, -15.0167198, -15.0171032, -15.0169945, -15.0174561, -15.0165787, -15.0166893, -15.017087
1535.9999999999936, -14.7160559, -14.7159052, -14.7158899, -14.7149181, -14.7156897, -14.7147436, -14.7140064, -14.7132177, -14.7136354, -14.7123404
1536.0999999999935, -14.949338, -14.9468279, -14.9462624, -14.9457226, -14.9453821, -14.9457226, -14.9456921, -14.9458981, -14.9442616, -14.9448032
1536.1999999999935, -14.7042818, -14.705328, -14.7048187, -14.7018909, -14.7020273, -14.7029266, -14.7013998, -14.7035255, -14.7052908, -14.7037201
1536.2999999999934, -14.937005, -14.9373188, -14.9389076, -14.9383621, -14.937171, -14.9379864, -14.9390984, -14.9381657, -14.9391031, -14.9399681
1536.3999999999933, -14.6742039, -14.6737309, -14.6738586, -14.6747274, -14.6745796, -14.6735268, -14.6736794, -14.6746407, -14.6735983, -14.6740971
1536.4999999999932, -14.9325228, -14.9322472, -14.93186, -14.9319868, -14.9317436, -14.9316626, -14.9320164, -14.9322844, -14.9320278, -14.9315271
1536.599999999993, -14.5866909, -14.5859747, -14.5868979, -14.5863733, -14.5865631, -14.587904, -14.5869274, -14.5869493, -14.5874395, -14.5861101
1536.699999999993, -14.875288, -14.8733549, -14.8709373, -14.8702869, -14.8694429, -14.8703213, -14.8697281, -14.8690681, -14.8693542, -14.8693066
1536.799999999993, -14.6183243, -14.6197233, -14.617569, -14.616972, -14.6162815, -14.6168709, -14.6174603, -14.6193895, -14.6173887, -14.6171455
1536.8999999999928, -14.93923, -14.9396811, -14.9395571, -14.9398727, -14.9396629, -14.9401894, -14.9400053, -14.9398146, -14.9410763, -14.9408951
1536.9999999999927, -14.5680656, -14.5675249, -14.5677547, -14.5689163, -14.5692577, -14.568552, -14.5685234, -14.5694313, -14.5687218, -14.5683842
1537.0999999999926, -14.9010715, -14.9021702, -14.902317, -14.9023161, -14.9023542, -14.9030609, -14.9045191, -14.9055204, -14.9043226, -14.9029217
1537.1999999999925, -14.5971193, -14.5972147, -14.5987558, -14.5981855, -14.597394, -14.5960102, -14.5956783, -14.5977745, -14.5978947, -14.5983105
1537.2999999999925, -14.892396, -14.8927031, -14.8918447, -14.8910141, -14.8916883, -14.8926926, -14.8930321, -14.8931789, -14.8943291, -14.8931131
1537.3999999999924, -14.5923691, -14.5917788, -14.5915689, -14.5916157, -14.5927496, -14.5926256, -14.5914412, -14.59202, -14.5916128, -14.5908928
1537.4999999999923, -14.7796669, -14.7791576, -14.7798223, -14.7805538, -14.7819128, -14.7818689, -14.7815132, -14.7824383, -14.7809515, -14.7824612
1537.5999999999922, -14.5953608, -14.5966406, -14.5955257, -14.5972023, -14.5952911, -14.5953016, -14.5960846, -14.5962458, -14.5968733, -14.5972853
1537.699999999992, -14.8814564, -14.8823709, -14.8836002, -14.8838139, -14.8833055, -14.8821793, -14.881012, -14.8814411, -14.8815203, -14.8821239
1537.799999999992, -14.5734568, -14.5726652, -14.5726032, -14.5720062, -14.5722294, -14.5739107, -14.5764084, -14.5732546, -14.5740643, -14.5731516
1537.899999999992, -14.8420191, -14.8406391, -14.8407145, -14.8414793, -14.8434973, -14.8450975, -14.8420725, -14.8421831, -14.8421555, -14.8434067
1537.9999999999918, -14.570303, -14.5692558, -14.5682278, -14.5673227, -14.5677576, -14.5692787, -14.5695906, -14.5667562, -14.5672493, -14.5696964
1538.0999999999917, -14.8760767, -14.8751268, -14.8752737, -14.8746281, -14.8740158, -14.8739233, -14.8747168, -14.8742657, -14.8747406, -14.8742733
1538.1999999999916, -14.610775, -14.6106386, -14.6100492, -14.609417, -14.6092653, -14.6100922, -14.6101532, -14.6100101, -14.6109428, -14.6107941
1538.2999999999915, -14.781106, -14.7790527, -14.7816734, -14.7792463, -14.780549, -14.7802525, -14.7799044, -14.7800331, -14.7800379, -14.7799692
1538.3999999999915, -14.6221733, -14.6211567, -14.6195002, -14.6181812, -14.6186733, -14.6201897, -14.6199789, -14.6228752, -14.6214857, -14.619606
1538.4999999999914, -14.8171425, -14.8181019, -14.8161135, -14.8167982, -14.8160658, -14.8168612, -14.8175507, -14.8175259, -14.8161898, -14.8177032
1538.5999999999913, -14.6128569, -14.6090307, -14.6114235, -14.6090879, -14.6097803, -14.6078424, -14.6077309, -14.6071224, -14.6077776, -14.6099443
1538.6999999999912, -14.8783522, -14.8791189, -14.8818645, -14.8824005, -14.8820944, -14.8813648, -14.8805447, -14.880228, -14.8803844, -14.8809481
1538.799999999991, -14.4986601, -14.4985571, -14.4991674, -14.5019226, -14.5034885, -14.5008841, -14.4991198, -14.4992599, -14.5031824, -14.5025625
1538.899999999991, -14.8440428, -14.8445177, -14.8467503, -14.845768, -14.8462782, -14.8458414, -14.8463602, -14.8459015, -14.8464184, -14.847065
1538.999999999991, -14.6028948, -14.6019287, -14.6006737, -14.6006899, -14.5997686, -14.600049, -14.6024265, -14.6020355, -14.6024685, -14.6011553
1539.0999999999908, -14.7455254, -14.7462158, -14.7469559, -14.746438, -14.7462368, -14.7457867, -14.7475424, -14.7468214, -14.7456865, -14.7453403
1539.1999999999907, -14.6713972, -14.6701889, -14.6694269, -14.6684456, -14.670372, -14.6689177, -14.6667261, -14.668972, -14.6677828, -14.668087
1539.2999999999906, -14.6500044, -14.6497288, -14.6493874, -14.6505318, -14.6503553, -14.6497545, -14.6494684, -14.6491756, -14.6507139, -14.6494951
1539.3999999999905, -14.6340284, -14.6362934, -14.6362886, -14.6358681, -14.634347, -14.6361456, -14.6350183, -14.6351233, -14.634119, -14.6339378
1539.4999999999905, -14.8239126, -14.8253441, -14.8232117, -14.823678, -14.8221207, -14.8232059, -14.8220387, -14.8227444, -14.8211203, -14.8211918
1539.5999999999904, -14.5287018, -14.5294466, -14.5301561, -14.5296879, -14.5277052, -14.5303793, -14.5291872, -14.5298643, -14.5314302, -14.5316525
1539.6999999999903, -14.7075682, -14.7075291, -14.7087669, -14.7093763, -14.7091703, -14.7098446, -14.7096539, -14.7096319, -14.7095537, -14.7107115
1539.7999999999902, -14.5146456, -14.5127258, -14.5147095, -14.5211229, -14.5175734, -14.5152426, -14.5129633, -14.5128403, -14.5116415, -14.513896
1539.89999999999, -14.6296196, -14.6287012, -14.6295147, -14.6311417, -14.6323109, -14.6334257, -14.6328802, -14.6329021, -14.6332426, -14.633894
1539.99999999999, -14.6724396, -14.6679983, -14.66817, -14.6682196, -14.6691236, -14.6691723, -14.6717482, -14.6715069, -14.6698885, -14.667161
1540.09999999999, -14.5249577, -14.5232172, -14.5244474, -14.5244179, -14.5249233, -14.5250082, -14.5245848, -14.525815, -14.5269365, -14.5271559
1540.1999999999898, -14.5711489, -14.5701342, -14.5700569, -14.5691242, -14.5684223, -14.5693169, -14.5692415, -14.569581, -14.5694227, -14.5700712
1540.2999999999897, -14.5977545, -14.5961828, -14.596262, -14.5976105, -14.5964975, -14.596467, -14.5963097, -14.5965338, -14.5959454, -14.5967779
1540.3999999999896, -14.5322018, -14.5315809, -14.5327206, -14.5325813, -14.5319901, -14.5337019, -14.5339003, -14.5353012, -14.5363569, -14.5367346
1540.4999999999895, -14.6018448, -14.6018305, -14.6017094, -14.6040974, -14.6029482, -14.6034794, -14.6030951, -14.6043701, -14.6032095, -14.6046801
1540.5999999999894, -14.3608656, -14.3609991, -14.3591051, -14.357688, -14.3579149, -14.3590975, -14.3603249, -14.3582954, -14.3594599, -14.3594236
1540.6999999999894, -14.4597006, -14.4587946, -14.4575548, -14.4565897, -14.4566717, -14.4553785, -14.4556017, -14.4557552, -14.4549942, -14.4552393
1540.7999999999893, -14.5153627, -14.5153112, -14.5140066, -14.5129509, -14.5128298, -14.5121889, -14.5114317, -14.514658, -14.5127039, -14.5135536
1540.8999999999892, -14.3365173, -14.3363209, -14.3349495, -14.3370209, -14.3358202, -14.3361435, -14.3364744, -14.3380413, -14.3379974, -14.33815
1540.999999999989, -14.4900379, -14.4884939, -14.4889975, -14.4890738, -14.4873314, -14.4892683, -14.4889307, -14.4882135, -14.4877291, -14.4892406
1541.099999999989, -14.2804852, -14.2801275, -14.2794313, -14.2820101, -14.2813978, -14.2852163, -14.2846899, -14.2842894, -14.2814884, -14.2807913
1541.199999999989, -14.4113636, -14.4118614, -14.4115601, -14.4113121, -14.4107952, -14.4106703, -14.4112053, -14.4102249, -14.4104338, -14.410903
1541.2999999999888, -14.3462439, -14.3470745, -14.3471289, -14.3458977, -14.3461027, -14.3453274, -14.346694, -14.3466253, -14.3481054, -14.346818
1541.3999999999887, -14.2556982, -14.2550564, -14.2549009, -14.2549839, -14.2548504, -14.2568741, -14.2566671, -14.2562733, -14.2598724, -14.2591667
1541.4999999999886, -14.2246943, -14.2248354, -14.2256889, -14.2247887, -14.2259378, -14.2252045, -14.2252073, -14.2252636, -14.2249422, -14.226573
1541.5999999999885, -14.3788671, -14.3782282, -14.3786116, -14.3768721, -14.3767099, -14.3762236, -14.3767033, -14.3773785, -14.3781881, -14.3789845
1541.6999999999884, -14.0830002, -14.0825129, -14.0818329, -14.0825462, -14.0828762, -14.0827522, -14.0821533, -14.0820608, -14.0830488, -14.0846653
1541.7999999999884, -14.3583431, -14.3563042, -14.356595, -14.3547697, -14.3554173, -14.3553305, -14.3539753, -14.3546076, -14.352726, -14.3522282
1541.8999999999883, -14.0412054, -14.0410633, -14.0419197, -14.0418978, -14.0429535, -14.0432158, -14.0445452, -14.0437527, -14.0445251, -14.048893
1541.9999999999882, -14.2793741, -14.280302, -14.2792807, -14.2802544, -14.2806044, -14.2818956, -14.2813921, -14.280715, -14.2814646, -14.2811117
1542.099999999988, -14.0402422, -14.0397549, -14.0398893, -14.0395412, -14.040453, -14.0407066, -14.0388966, -14.0392065, -14.0389795, -14.0394192
1542.199999999988, -14.1742182, -14.172864, -14.1743631, -14.1718578, -14.1719084, -14.172925, -14.1758041, -14.1762104, -14.1775751, -14.1752167
1542.299999999988, -14.0400724, -14.0407257, -14.040246, -14.0406075, -14.0426149, -14.0421772, -14.0433092, -14.0425129, -14.0433598, -14.0443192
1542.3999999999878, -14.1528053, -14.1535378, -14.159234, -14.1559048, -14.1533585, -14.1522627, -14.1517439, -14.1536226, -14.1508341, -14.1517925
1542.4999999999877, -13.8971968, -13.8980331, -13.8973064, -13.8980036, -13.8978682, -13.89674, -13.8963079, -13.897418, -13.8966274, -13.8969994
1542.5999999999876, -14.2501907, -14.2500744, -14.250412, -14.2478676, -14.2483015, -14.2481794, -14.2492933, -14.2487993, -14.2490168, -14.2513828
1542.6999999999875, -13.8835964, -13.8830042, -13.8804083, -13.8794479, -13.8805313, -13.8820429, -13.881609, -13.8815393, -13.8814583, -13.8821888
1542.7999999999874, -14.1961384, -14.1956968, -14.1958208, -14.1954765, -14.1967478, -14.1971931, -14.1967497, -14.1968155, -14.1959143, -14.1964865
1542.8999999999874, -13.8242598, -13.8244247, -13.8243008, -13.8237505, -13.8242302, -13.8242197, -13.8247032, -13.824728, -13.8246117, -13.8255062
1542.9999999999873, -14.1633129, -14.1621256, -14.1630287, -14.164403, -14.1637669, -14.1632776, -14.1629772, -14.1636944, -14.1652479, -14.1651278
1543.0999999999872, -13.8666077, -13.8667479, -13.8670273, -13.8667936, -13.8653669, -13.8663054, -13.8658171, -13.8662338, -13.866909, -13.8675661
1543.199999999987, -14.100112, -14.100625, -14.1007738, -14.1019058, -14.1007681, -14.1003923, -14.1003437, -14.0994606, -14.0997963, -14.1003122
1543.299999999987, -13.7763844, -13.7740154, -13.772934, -13.7719841, -13.769845, -13.772584, -13.7725277, -13.7714443, -13.7712193, -13.7714596
1543.399999999987, -14.122323, -14.1266317, -14.1266022, -14.1252966, -14.12432, -14.1255951, -14.1247454, -14.1238842, -14.1232758, -14.1223545
1543.4999999999868, -13.8600454, -13.8583469, -13.8586378, -13.8586483, -13.8588409, -13.8594341, -13.8594704, -13.8596859, -13.8597975, -13.8598089
1543.5999999999867, -14.1551075, -14.1543779, -14.1545525, -14.1549072, -14.1556587, -14.1553593, -14.1566029, -14.1548328, -14.154788, -14.1551781
1543.6999999999866, -13.8289089, -13.8286581, -13.8269339, -13.8265495, -13.8298073, -13.8296118, -13.8287001, -13.8259687, -13.8258324, -13.8258953
1543.7999999999865, -14.0980444, -14.0981073, -14.0987024, -14.0987902, -14.0981674, -14.0976782, -14.0989065, -14.098156, -14.0982246, -14.09867
1543.8999999999864, -13.7854004, -13.7847528, -13.7828684, -13.7827606, -13.7841215, -13.7832842, -13.7835321, -13.7833166, -13.7834244, -13.783289
1543.9999999999864, -14.1460886, -14.1450405, -14.145195, -14.1450291, -14.1433849, -14.1443281, -14.1446285, -14.1448088, -14.1456404, -14.1459112
1544.0999999999863, -13.7767649, -13.7783718, -13.7764854, -13.775486, -13.7750082, -13.7749615, -13.7741804, -13.7753353, -13.7750349, -13.7757282
1544.1999999999862, -14.0821609, -14.081624, -14.0817738, -14.0807667, -14.0814543, -14.0811491, -14.0822983, -14.0819082, -14.0835447, -14.0820389
1544.299999999986, -13.8678551, -13.8674002, -13.8672457, -13.8663139, -13.8645821, -13.864109, -13.8654089, -13.865613, -13.8646078, -13.8642378
1544.399999999986, -14.0643587, -14.0645113, -14.0652952, -14.0639706, -14.0649137, -14.0652132, -14.0650167, -14.0651016, -14.0647297, -14.06355
1544.499999999986, -13.9607468, -13.9596395, -13.9592752, -13.9596643, -13.9586267, -13.9588261, -13.9607077, -13.960618, -13.9617167, -13.9606352
1544.5999999999858, -14.0714188, -14.0699091, -14.070549, -14.068656, -14.0677319, -14.0683403, -14.0711699, -14.0701561, -14.0696688, -14.0698004
1544.6999999999857, -13.8138523, -13.8146601, -13.8142252, -13.814518, -13.8145084, -13.815567, -13.8154964, -13.8157024, -13.8147535, -13.8149633
1544.7999999999856, -14.1192446, -14.1179352, -14.1185007, -14.1187029, -14.1176758, -14.1176634, -14.1175623, -14.1183329, -14.1185503, -14.118083
1544.8999999999855, -13.82619, -13.8245955, -13.8235769, -13.8212786, -13.8206387, -13.8210392, -13.8197174, -13.8211126, -13.8218374, -13.821969
1544.9999999999854, -14.05509, -14.0531979, -14.0547619, -14.0547209, -14.0542927, -14.0542049, -14.0549307, -14.0547123, -14.0559959, -14.0549717
1545.0999999999854, -13.9567165, -13.9580212, -13.9564085, -13.9555979, -13.9546394, -13.9545822, -13.9547024, -13.9560099, -13.956995, -13.9554605
1545.1999999999853, -13.9139481, -13.9138737, -13.9139585, -13.9138098, -13.9134779, -13.9131165, -13.9128284, -13.9130898, -13.9120932, -13.9122496
1545.2999999999852, -14.0198889, -14.0197935, -14.0190077, -14.0193243, -14.0197725, -14.0192051, -14.0198002, -14.0197105, -14.0199337, -14.0191727
1545.399999999985, -13.9158974, -13.9165306, -13.9157991, -13.9149656, -13.9159374, -13.9155531, -13.914876, -13.914649, -13.9142199, -13.9139862
1545.499999999985, -13.9340563, -13.9318142, -13.9313879, -13.9331512, -13.938261, -13.9389048, -13.9404879, -13.9395466, -13.9381542, -13.9399529
1545.599999999985, -13.9517622, -13.9509392, -13.9507465, -13.9505348, -13.949316, -13.9490013, -13.9494839, -13.9493761, -13.9494123, -13.948576
1545.6999999999848, -13.8380413, -13.8388042, -13.838583, -13.8391294, -13.8378468, -13.8371973, -13.8361807, -13.8363609, -13.8363791, -13.8363409
1545.7999999999847, -13.982543, -13.9845285, -13.9855652, -13.9831839, -13.9839926, -13.9827328, -13.9816818, -13.9819002, -13.9832907, -13.9819517
1545.8999999999846, -13.9226923, -13.9242802, -13.9233055, -13.923564, -13.9227371, -13.9213076, -13.9213123, -13.9213476, -13.9225016, -13.9230967
1545.9999999999845, -13.7823219, -13.7839994, -13.7852812, -13.7834387, -13.7832403, -13.7834454, -13.7826204, -13.7827444, -13.7828169, -13.7830639
1546.0999999999844, -13.9938383, -13.9937859, -13.9964314, -13.996315, -13.9956884, -13.9949474, -13.9951982, -13.9952517, -13.9955997, -13.9945831
1546.1999999999844, -13.711133, -13.7121162, -13.7133141, -13.7134361, -13.7129774, -13.713253, -13.7125473, -13.7117071, -13.7119331, -13.7127018
1546.2999999999843, -13.9703989, -13.9682541, -13.9680347, -13.9688826, -13.9686975, -13.9691658, -13.9690905, -13.9683018, -13.9677515, -13.9683523
1546.3999999999842, -13.7100029, -13.7094755, -13.7093401, -13.709527, -13.7105789, -13.7108603, -13.7098551, -13.7102156, -13.7104206, -13.71031
1546.499999999984, -13.8175974, -13.8173914, -13.8177061, -13.818018, -13.817544, -13.8177147, -13.8173895, -13.8177233, -13.8181686, -13.8185263
1546.599999999984, -13.7398233, -13.7407179, -13.7401438, -13.7402163, -13.7410088, -13.7412567, -13.7410707, -13.7413187, -13.7411299, -13.7405891
1546.699999999984, -13.8806343, -13.8810177, -13.8820467, -13.8805094, -13.8820734, -13.882534, -13.8790827, -13.8758097, -13.876544, -13.8777037
1546.7999999999838, -13.5977669, -13.5978804, -13.5987377, -13.5993443, -13.600996, -13.5996962, -13.5997229, -13.6007366, -13.5992165, -13.5981998
1546.8999999999837, -13.9057207, -13.905385, -13.9060106, -13.9062061, -13.9067488, -13.9067822, -13.9064865, -13.9063444, -13.9065542, -13.9067907
1546.9999999999836, -13.5001326, -13.5040741, -13.5079412, -13.5089102, -13.5101833, -13.5116634, -13.512742, -13.5130367, -13.514204, -13.5149107
1547.0999999999835, -13.9024115, -13.903141, -13.9161673, -13.9104834, -13.9083624, -13.9074802, -13.9080372, -13.9089651, -13.9085455, -13.9079695
1547.1999999999834, -13.4774418, -13.4789867, -13.4806528, -13.481617, -13.4824333, -13.4831839, -13.4833784, -13.4836216, -13.4837866, -13.4842443
1547.2999999999834, -13.7750893, -13.7740784, -13.7739239, -13.7737675, -13.7739544, -13.7744427, -13.7745371, -13.7744541, -13.774642, -13.7740564
1547.3999999999833, -13.4481592, -13.4483929, -13.4479485, -13.4475527, -13.4475899, -13.44734, -13.4473972, -13.4477558, -13.4480362, -13.4485559
1547.4999999999832, -13.7551804, -13.7550755, -13.7538328, -13.7541943, -13.7539244, -13.7535639, -13.7525454, -13.7530136, -13.7522564, -13.7521744
1547.599999999983, -13.441906, -13.4427633, -13.4443073, -13.4446363, -13.4448004, -13.4440279, -13.4434013, -13.4431686, -13.4430447, -13.4432755
1547.699999999983, -13.7727365, -13.772851, -13.7709455, -13.7714539, -13.7721949, -13.773798, -13.7730799, -13.7733192, -13.7741928, -13.7742252
1547.799999999983, -13.4316635, -13.4305086, -13.4302969, -13.4303265, -13.4311705, -13.4301033, -13.4302197, -13.4295177, -13.4302187, -13.4310684
1547.8999999999828, -13.6659451, -13.666048, -13.6651125, -13.6649714, -13.6651239, -13.6646347, -13.6646261, -13.6663618, -13.6657534, -13.665906
1547.9999999999827, -13.4050798, -13.404706, -13.40592, -13.4059305, -13.4053364, -13.4053745, -13.4049635, -13.4054508, -13.4057779, -13.4057388
1548.0999999999826, -13.6890841, -13.6899824, -13.6905136, -13.6896143, -13.6891356, -13.6897478, -13.6894817, -13.6895437, -13.6890411, -13.6897478
1548.1999999999825, -13.3074474, -13.3075981, -13.3070726, -13.3071384, -13.3071661, -13.3069715, -13.3075314, -13.3074102, -13.3065701, -13.3071289
1548.2999999999824, -13.6522036, -13.6520004, -13.6520224, -13.6519613, -13.6519823, -13.6526403, -13.6520729, -13.6508789, -13.6506948, -13.6506052
1548.3999999999824, -13.2857323, -13.2855644, -13.2870255, -13.2867737, -13.286849, -13.2869225, -13.2868385, -13.2864666, -13.2867174, -13.2855177
1548.4999999999823, -13.656065, -13.6559114, -13.6555586, -13.654706, -13.6555672, -13.6548996, -13.6544943, -13.6543531, -13.654007, -13.654068
1548.5999999999822, -13.4107637, -13.4098244, -13.409461, -13.4094038, -13.4086676, -13.4086952, -13.4084272, -13.4095488, -13.4097195, -13.409585
1548.699999999982, -13.493187, -13.4941826, -13.4961157, -13.4964867, -13.497406, -13.497364, -13.4971905, -13.4968882, -13.4973173, -13.4984722
1548.799999999982, -13.4364109, -13.4352264, -13.435216, -13.4351759, -13.435544, -13.4351587, -13.4356203, -13.43645, -13.435688, -13.4364977
1548.899999999982, -13.4795237, -13.4793386, -13.4795237, -13.4800587, -13.479435, -13.4792404, -13.4790077, -13.4786968, -13.4785519, -13.4784527
1548.9999999999818, -13.4780455, -13.478219, -13.4775105, -13.4781818, -13.4782696, -13.477685, -13.4774628, -13.4773159, -13.478054, -13.477355
1549.0999999999817, -13.5389814, -13.5386839, -13.5390797, -13.5395041, -13.5384779, -13.5377674, -13.5379057, -13.5383596, -13.5383883, -13.5388136
1549.1999999999816, -13.3135309, -13.3127546, -13.3127165, -13.3135967, -13.3121653, -13.3118, -13.3117056, -13.311286, -13.3118925, -13.3121166
1549.2999999999815, -13.575572, -13.5754242, -13.5742598, -13.5748472, -13.5745897, -13.5744276, -13.5745573, -13.5747766, -13.5748949, -13.5750151
1549.3999999999814, -13.4483347, -13.4490299, -13.449522, -13.4491653, -13.4479961, -13.4476004, -13.4479294, -13.4481602, -13.4487209, -13.448411
1549.4999999999814, -13.3733826, -13.3739614, -13.3722239, -13.3702593, -13.3682957, -13.3685141, -13.3685608, -13.3747978, -13.3755207, -13.3735428
1549.5999999999813, -13.5411415, -13.5417538, -13.5411224, -13.5422068, -13.5411415, -13.5416727, -13.5410824, -13.5410442, -13.5415955, -13.5414791
1549.6999999999812, -13.3080368, -13.30756, -13.3072224, -13.3081112, -13.3077192, -13.3071852, -13.3072786, -13.3071575, -13.3071375, -13.3078308
1549.799999999981, -13.5662031, -13.5666389, -13.5664396, -13.5666981, -13.5666389, -13.5662909, -13.5667276, -13.5674524, -13.5669556, -13.5670366
1549.899999999981, -13.4003649, -13.4007959, -13.4002399, -13.4005756, -13.4004812, -13.4008627, -13.400528, -13.4003754, -13.401598, -13.4007387
1549.999999999981, -13.4971218, -13.4970932, -13.49716, -13.4966345, -13.4978056, -13.4972296, -13.4978657, -13.4985123, -13.4974346, -13.4980507
1550.0999999999808, -13.4841871, -13.4835243, -13.4833698, -13.4828815, -13.4833202, -13.4832993, -13.4833202, -13.4832821, -13.4838066, -13.4844112
1550.1999999999807, -13.5463562, -13.5467806, -13.5463362, -13.545969, -13.5464926, -13.546217, -13.5458412, -13.5462255, -13.5461864, -13.5463753
1550.2999999999806, -13.3750172, -13.3737993, -13.3734589, -13.3726797, -13.3731842, -13.3730326, -13.3730783, -13.3728399, -13.3738194, -13.3733835
1550.3999999999805, -13.6442738, -13.6448097, -13.6443758, -13.6454372, -13.645648, -13.6448708, -13.6452341, -13.6467915, -13.6457491, -13.6465282
1550.4999999999804, -13.2998047, -13.2995253, -13.3002911, -13.2994223, -13.2999287, -13.2999916, -13.2990484, -13.2982655, -13.2978649, -13.2984695
1550.5999999999804, -13.6574736, -13.658, -13.6581821, -13.6585493, -13.6592073, -13.6588202, -13.6587095, -13.6591969, -13.6589127, -13.6585274
1550.6999999999803, -13.2825956, -13.2821407, -13.282485, -13.2826519, -13.2836933, -13.2826242, -13.2829323, -13.2821693, -13.2818136, -13.2827454
1550.7999999999802, -13.6849709, -13.6856127, -13.6852045, -13.6859293, -13.6850309, -13.6849508, -13.6843882, -13.6841221, -13.6847763, -13.6846123
1550.89999999998, -13.391118, -13.3913069, -13.3926334, -13.3932352, -13.392643, -13.393014, -13.3923855, -13.3932333, -13.3926716, -13.3920135
1550.99999999998, -13.6789961, -13.6788416, -13.6796074, -13.6796579, -13.6789465, -13.6783533, -13.6781921, -13.6788015, -13.6790352, -13.6783333
1551.09999999998, -13.3515892, -13.3520317, -13.3515711, -13.3509178, -13.3493881, -13.3494835, -13.3498316, -13.3502302, -13.3506832, -13.3509836
1551.1999999999798, -13.7465, -13.7467995, -13.746748, -13.7464161, -13.7473269, -13.7468824, -13.7474422, -13.7470369, -13.7467165, -13.7470474
1551.2999999999797, -13.3515215, -13.351635, -13.3515892, -13.3525639, -13.3519392, -13.3515425, -13.3519001, -13.3516455, -13.3511353, -13.3515224
1551.3999999999796, -13.6634665, -13.6639748, -13.6635904, -13.6633768, -13.6632853, -13.6638031, -13.6638136, -13.6632242, -13.6641378, -13.6630411
1551.4999999999795, -13.3700991, -13.3700895, -13.3703938, -13.3705349, -13.3715801, -13.3719196, -13.3712273, -13.3695097, -13.3707438, -13.3711519
1551.5999999999794, -13.6481972, -13.6489449, -13.6491385, -13.6488142, -13.6490164, -13.6488857, -13.6476202, -13.6488447, -13.6487932, -13.6478434
1551.6999999999794, -13.3294916, -13.3292837, -13.3298674, -13.3292274, -13.3296967, -13.330431, -13.3302145, -13.3299046, -13.3297262, -13.3292265
1551.7999999999793, -13.6905851, -13.6908913, -13.6919117, -13.6919737, -13.6921682, -13.6911564, -13.6925888, -13.6924543, -13.6911049, -13.6920862
1551.8999999999792, -13.3351622, -13.3344355, -13.3342304, -13.3341007, -13.3330917, -13.3331766, -13.3330917, -13.332613, -13.3331585, -13.3337889
1551.999999999979, -13.6415262, -13.6414852, -13.6387405, -13.6377411, -13.6383762, -13.6391039, -13.6395674, -13.6392965, -13.6393957, -13.6402731
1552.099999999979, -13.3842688, -13.3844681, -13.3854294, -13.3855343, -13.3856773, -13.3853254, -13.3850117, -13.3852768, -13.3843451, -13.3852949
1552.199999999979, -13.5342388, -13.5333624, -13.5323668, -13.5332346, -13.5330582, -13.5333309, -13.5321617, -13.5319529, -13.5326319, -13.532691
1552.2999999999788, -13.4276619, -13.4281235, -13.4271612, -13.4280748, -13.4272385, -13.4269876, -13.4257002, -13.4255753, -13.4270945, -13.4277096
1552.3999999999787, -13.4755669, -13.4754486, -13.4757795, -13.4750404, -13.4750032, -13.4749451, -13.4758863, -13.4753036, -13.475235, -13.4752636
1552.4999999999786, -13.3717508, -13.3721771, -13.3715115, -13.3703728, -13.3705063, -13.3700228, -13.3714924, -13.3704767, -13.3707809, -13.3708849
1552.5999999999785, -13.5303488, -13.5306349, -13.531352, -13.5323687, -13.5323877, -13.5325251, -13.5333424, -13.5330973, -13.5334511, -13.5340414
1552.6999999999784, -13.2717018, -13.2715073, -13.2699213, -13.2691431, -13.2696152, -13.2694473, -13.2701263, -13.2708588, -13.2710056, -13.2704325
1552.7999999999784, -13.493372, -13.4944267, -13.4952564, -13.4943571, -13.4947681, -13.4940462, -13.4940262, -13.4953842, -13.4965553, -13.4974451
1552.8999999999783, -13.4965458, -13.4973078, -13.4980593, -13.4969654, -13.4969368, -13.4971313, -13.4962711, -13.4971991, -13.4980698, -13.4974356
1552.9999999999782, -13.2597361, -13.2579241, -13.258543, -13.2578592, -13.2583771, -13.2608547, -13.2613916, -13.2627153, -13.26091, -13.2620211
1553.099999999978, -13.4385118, -13.4386864, -13.4388113, -13.438261, -13.4377117, -13.4380302, -13.4380007, -13.4381447, -13.4381943, -13.4379816
1553.199999999978, -13.1502037, -13.1501312, -13.1491032, -13.1503382, -13.149518, -13.1500683, -13.1499147, -13.1512308, -13.1508245, -13.1501684
1553.299999999978, -13.4355822, -13.4359589, -13.4357071, -13.4355536, -13.4348698, -13.4341097, -13.4338779, -13.4346581, -13.4346476, -13.4346676
1553.3999999999778, -13.1855688, -13.185832, -13.1856861, -13.1846762, -13.1857147, -13.1851044, -13.1847773, -13.1849403, -13.1854048, -13.1848497
1553.4999999999777, -13.3201866, -13.3202896, -13.3199425, -13.3195763, -13.3190432, -13.3190222, -13.3185825, -13.3194914, -13.3187342, -13.3189859
1553.5999999999776, -13.1890335, -13.1877508, -13.1867399, -13.1872673, -13.185977, -13.1854677, -13.1863222, -13.1859961, -13.1868591, -13.1870422
1553.6999999999775, -13.2847261, -13.2849588, -13.2844009, -13.2853413, -13.2873325, -13.2877789, -13.2867832, -13.287118, -13.2868299, -13.2870245
1553.7999999999774, -13.0240393, -13.0231733, -13.0226641, -13.021245, -13.0206499, -13.0202465, -13.0181732, -13.0158911, -13.0172205, -13.0185595
1553.8999999999774, -13.3484535, -13.3482466, -13.3484154, -13.3475943, -13.3479261, -13.3481703, -13.3481522, -13.3477278, -13.3484631, -13.3486242
1553.9999999999773, -12.9673414, -12.9681625, -12.9689064, -12.9683962, -12.9681978, -12.9679451, -12.9677305, -12.9673309, -12.9675751, -12.9681015
1554.0999999999772, -13.3163605, -13.3159018, -13.315321, -13.3145161, -13.3145618, -13.3134489, -13.3134651, -13.3138504, -13.3132696, -13.3138218
1554.199999999977, -12.9459066, -12.945467, -12.9461823, -12.9458885, -12.9457769, -12.9443045, -12.9455624, -12.9445543, -12.9451571, -12.9453115
1554.299999999977, -13.3232813, -13.3241453, -13.3241739, -13.323555, -13.3236675, -13.3232079, -13.32302, -13.3227854, -13.3240795, -13.324193
1554.399999999977, -12.9856348, -12.9863987, -12.9858608, -12.9842978, -12.9846544, -12.9850531, -12.9850798, -12.9852095, -12.9851055, -12.9850454
1554.4999999999768, -13.287508, -13.286355, -13.2847643, -13.2834978, -13.285387, -13.2862988, -13.2865505, -13.2861967, -13.2871733, -13.2876406
1554.5999999999767, -12.8946486, -12.8929892, -12.8914242, -12.8927336, -12.8942051, -12.8947744, -12.8942995, -12.8942738, -12.8939838, -12.8950462
1554.6999999999766, -13.2436056, -13.2452745, -13.24438, -13.2408495, -13.2415152, -13.2429876, -13.2420473, -13.2428675, -13.2428131, -13.2424183
1554.7999999999765, -12.925499, -12.9247179, -12.9248476, -12.9251223, -12.9243174, -12.9239559, -12.924325, -12.9242916, -12.9226475, -12.9217405
1554.8999999999764, -13.2191525, -13.2199574, -13.2191505, -13.2177944, -13.2192793, -13.2190571, -13.2191057, -13.2197943, -13.2187576, -13.2186575
1554.9999999999764, -12.978858, -12.9791183, -12.9791613, -12.9800377, -12.9801941, -12.9799414, -12.9796209, -12.9804621, -12.9811487, -12.9811745
1555.0999999999763, -13.1721497, -13.1728306, -13.1734381, -13.1736813, -13.1728115, -13.1730652, -13.1733017, -13.1717968, -13.1712437, -13.1724043
1555.1999999999762, -12.9456816, -12.94557, -12.9456053, -12.9450712, -12.9465685, -12.947299, -12.9477386, -12.9477472, -12.94804, -12.9470673
1555.299999999976, -13.3083363, -13.3077183, -13.309, -13.3100576, -13.3094959, -13.3096085, -13.3091869, -13.3096838, -13.3085327, -13.3084202
1555.399999999976, -12.9083509, -12.9079418, -12.9066277, -12.9088192, -12.9072828, -12.9069014, -12.9070978, -12.9078903, -12.9076948, -12.9056644
1555.499999999976, -13.1862488, -13.1851702, -13.1856327, -13.1858597, -13.1857319, -13.1859045, -13.18575, -13.1857224, -13.1859503, -13.185523
1555.5999999999758, -13.0287218, -13.0309429, -13.0336275, -13.0351276, -13.0355501, -13.0359001, -13.0363941, -13.0355148, -13.0366564, -13.0355759
1555.6999999999757, -13.0359011, -13.0362968, -13.0355673, -13.0347157, -13.0334873, -13.0345411, -13.0353746, -13.033618, -13.0330553, -13.0329418
1555.7999999999756, -13.1763868, -13.1773653, -13.177166, -13.1777382, -13.1767035, -13.1769209, -13.177702, -13.1770029, -13.1777105, -13.1772385
1555.8999999999755, -13.0057068, -13.007452, -13.0077753, -13.0072794, -13.0072069, -13.0073814, -13.0076962, -13.0077915, -13.0073195, -13.0071726
1555.9999999999754, -13.1445789, -13.1438761, -13.1432743, -13.1423187, -13.1435347, -13.1435432, -13.1415539, -13.1409235, -13.1439657, -13.1451902
1556.0999999999754, -13.0909719, -13.0901823, -13.089344, -13.0908213, -13.0920591, -13.0919065, -13.0915604, -13.091507, -13.0936422, -13.0930014
1556.1999999999753, -13.1238375, -13.1228514, -13.1212215, -13.1236048, -13.1241064, -13.1246367, -13.123909, -13.1237297, -13.1229153, -13.1220369
1556.2999999999752, -13.1220818, -13.1209793, -13.1227636, -13.1228085, -13.1248875, -13.1259184, -13.1262417, -13.125926, -13.1257839, -13.1246624
1556.399999999975, -13.1231298, -13.1282969, -13.1311789, -13.1335497, -13.1337109, -13.1338558, -13.1323624, -13.1312046, -13.1346464, -13.1361361
1556.499999999975, -12.9626293, -12.9621983, -12.9611101, -12.9592381, -12.9567871, -12.9571228, -12.9590979, -12.9581919, -12.9565897, -12.9579592
1556.599999999975, -13.2972279, -13.2953453, -13.2949533, -13.2950745, -13.2943754, -13.2931814, -13.2938433, -13.2925653, -13.2927446, -13.2937231
1556.6999999999748, -12.9279127, -12.928215, -12.9277267, -12.9273491, -12.926877, -12.927537, -12.9274693, -12.9263554, -12.9281111, -12.9278049
1556.7999999999747, -13.3164635, -13.3167, -13.3165569, -13.3150778, -13.3148346, -13.3138399, -13.313035, -13.3153114, -13.3164263, -13.3152561
1556.8999999999746, -12.9025278, -12.9032946, -12.9067822, -12.9050512, -12.9051008, -12.9042749, -12.9042234, -12.9066877, -12.9066181, -12.9062357
1556.9999999999745, -13.2980413, -13.2999544, -13.3025599, -13.3030167, -13.3024473, -13.3010197, -13.29877, -13.2980776, -13.3005238, -13.3021774
1557.0999999999744, -12.9617682, -12.9616804, -12.9626827, -12.9630976, -12.9623013, -12.9611197, -12.9608431, -12.9611444, -12.9622068, -12.9618444
1557.1999999999744, -13.2951403, -13.2965479, -13.2967901, -13.2962866, -13.2954187, -13.2953367, -13.2945795, -13.2946825, -13.2948227, -13.2954473
1557.2999999999743, -12.8672066, -12.8645124, -12.8652458, -12.8652115, -12.8651199, -12.8663006, -12.867053, -12.8572617, -12.8548937, -12.8581667
1557.3999999999742, -13.2679758, -13.2657347, -13.2663727, -13.2671976, -13.2686615, -13.2677345, -13.2666407, -13.2661772, -13.2670116, -13.2670107
1557.499999999974, -12.9786835, -12.9780254, -12.9784851, -12.9797602, -12.9804621, -12.9804106, -12.9789886, -12.9779816, -12.9780693, -12.9781294
1557.599999999974, -13.2676239, -13.2668724, -13.2689304, -13.268754, -13.2688742, -13.2690878, -13.268856, -13.268096, -13.2660494, -13.2665768
1557.699999999974, -12.9944839, -12.9955263, -12.9945793, -12.9933958, -12.9950228, -12.9940834, -12.9928646, -12.9903612, -12.9905624, -12.9915428
1557.7999999999738, -13.2374897, -13.2371778, -13.2373161, -13.2374439, -13.2379045, -13.2386866, -13.2382174, -13.2388058, -13.2379417, -13.2377853
1557.8999999999737, -12.9395504, -12.937994, -12.9376421, -12.9387083, -12.9399786, -12.9383049, -12.9388285, -12.9385796, -12.9397926, -12.939662
1557.9999999999736, -13.2990475, -13.3007488, -13.3003092, -13.3008499, -13.3014956, -13.3009539, -13.2992077, -13.2985449, -13.2984705, -13.2981539
1558.0999999999735, -12.9298, -12.9302797, -12.9304438, -12.9308805, -12.931489, -12.9301596, -12.9287195, -12.9302292, -12.9295092, -12.9298429
1558.1999999999734, -13.1495085, -13.1470928, -13.1453629, -13.1408968, -13.1416445, -13.142725, -13.1422014, -13.1399527, -13.1387634, -13.1393585
1558.2999999999734, -13.0762625, -13.0764494, -13.0759878, -13.0766802, -13.0759182, -13.0769453, -13.0774326, -13.0773993, -13.0782156, -13.0784445
1558.3999999999733, -13.0525208, -13.0509233, -13.0505276, -13.05058, -13.0500412, -13.0512047, -13.0521841, -13.0525541, -13.052846, -13.0541162
1558.4999999999732, -13.2088633, -13.2108135, -13.2091112, -13.2092295, -13.2099237, -13.2091761, -13.2097597, -13.2097054, -13.2073011, -13.2075567
1558.599999999973, -13.0438681, -13.0435944, -13.0446959, -13.0454435, -13.046483, -13.0474148, -13.0480499, -13.047761, -13.048007, -13.0468073
1558.699999999973, -13.1145163, -13.1133528, -13.1127281, -13.1125584, -13.1126032, -13.1130142, -13.1143379, -13.1113768, -13.1103048, -13.1087055
1558.799999999973, -13.0503254, -13.0498486, -13.0490551, -13.0499096, -13.0504303, -13.0486326, -13.0466499, -13.0471439, -13.049037, -13.0504217
1558.8999999999728, -13.0506325, -13.0506859, -13.0505629, -13.0495043, -13.0484037, -13.0477161, -13.0467291, -13.0477591, -13.0482531, -13.0493889
1558.9999999999727, -13.0677862, -13.0661936, -13.0650702, -13.0633812, -13.0646095, -13.0647173, -13.0653887, -13.0655384, -13.066308, -13.0662203
1559.0999999999726, -13.1305141, -13.1326771, -13.1373348, -13.1420135, -13.1435528, -13.1465425, -13.1474714, -13.1475801, -13.148715, -13.1498165
1559.1999999999725, -12.8065929, -12.8063345, -12.8059349, -12.8048515, -12.8037271, -12.8038263, -12.8026094, -12.8027525, -12.8037109, -12.804635
1559.2999999999724, -13.2314215, -13.2317429, -13.232028, -13.2316771, -13.2313023, -13.2308054, -13.2313576, -13.2305756, -13.2301531, -13.2305565
1559.3999999999724, -12.8490829, -12.8487978, -12.8476028, -12.8492775, -12.8493195, -12.8503218, -12.8509874, -12.8510103, -12.8513994, -12.8504143
1559.4999999999723, -13.281703, -13.2817869, -13.2804489, -13.280365, -13.2807751, -13.280838, -13.2813768, -13.2805128, -13.2800226, -13.2804766
1559.5999999999722, -12.7796183, -12.7804365, -12.7812681, -12.7820549, -12.7824936, -12.7819386, -12.7819042, -12.7809772, -12.7813673, -12.7812595
1559.699999999972, -13.1610298, -13.161375, -13.1613293, -13.1619711, -13.1610212, -13.1607494, -13.1614733, -13.1612396, -13.1609039, -13.1603985
1559.799999999972, -12.8203392, -12.8201551, -12.8202152, -12.8193951, -12.8193045, -12.8204403, -12.8205328, -12.820055, -12.8206244, -12.8209515
1559.899999999972, -13.2165871, -13.2154884, -13.2162666, -13.2162743, -13.2183714, -13.2194071, -13.2201414, -13.2203779, -13.2201509, -13.2190504
1559.9999999999718, -12.7662964, -12.7688894, -12.7694855, -12.7706337, -12.7741318, -12.7750654, -12.7741232, -12.7739573, -12.7751408, -12.7755041
1560.0999999999717, -13.0644693, -13.0626307, -13.0631781, -13.0633183, -13.0636377, -13.0641165, -13.0642118, -13.0632133, -13.064292, -13.065176
1560.1999999999716, -12.8515406, -12.8512974, -12.8518534, -12.8517942, -12.8507662, -12.850523, -12.8524761, -12.8515501, -12.8501358, -12.8504553
1560.2999999999715, -13.0641756, -13.0643272, -13.0648489, -13.0647688, -13.0645847, -13.0632486, -13.0618601, -13.0642824, -13.0643272, -13.0641756
1560.3999999999714, -12.8590164, -12.8581295, -12.8583155, -12.8584776, -12.858283, -12.8585615, -12.8580456, -12.8578186, -12.8585272, -12.8584013
1560.4999999999714, -13.0299416, -13.0307312, -13.0302734, -13.030942, -13.031785, -13.0318623, -13.0327234, -13.0329514, -13.0315132, -13.0319242
1560.5999999999713, -12.7458429, -12.7455158, -12.7456474, -12.7463617, -12.7459173, -12.7464027, -12.7470102, -12.7475195, -12.7476931, -12.746995
1560.6999999999712, -13.082119, -13.0828934, -13.0840302, -13.0832663, -13.0837727, -13.0837898, -13.0844202, -13.0834446, -13.0830889, -13.0837727
1560.799999999971, -12.8425331, -12.8442812, -12.8463163, -12.8470316, -12.848671, -12.8506994, -12.8519392, -12.8525362, -12.8530741, -12.8543215
1560.899999999971, -12.9343538, -12.9329729, -12.9267235, -12.9276505, -12.9230413, -12.9227848, -12.923152, -12.9227848, -12.9195681, -12.9175339
1560.999999999971, -12.9861469, -12.9856949, -12.9864855, -12.9873285, -12.9878845, -12.9878922, -12.9881363, -12.9884853, -12.9877977, -12.9872494
1561.0999999999708, -12.7712202, -12.7706013, -12.7714348, -12.7724361, -12.7733459, -12.7729406, -12.7717752, -12.7712364, -12.7707396, -12.7709475
1561.1999999999707, -13.0604467, -13.0622482, -13.0612154, -13.0624266, -13.062356, -13.0623989, -13.0629654, -13.0608969, -13.0619326, -13.0627279
1561.2999999999706, -12.7852297, -12.7852383, -12.7851877, -12.7866974, -12.7863646, -12.7857838, -12.7838459, -12.78372, -12.7842178, -12.7850895
1561.3999999999705, -13.0059147, -13.0063877, -13.0046158, -13.0054102, -13.0067978, -13.0058899, -13.0062733, -13.0070248, -13.0074348, -13.0050602
1561.4999999999704, -12.7682114, -12.7694025, -12.771122, -12.7704182, -12.771328, -12.7727747, -12.7728739, -12.7714758, -12.7717743, -12.7717152
1561.5999999999704, -12.9861288, -12.9877453, -12.9888144, -12.9882765, -12.989397, -12.9899092, -12.9892149, -12.9884319, -12.9891186, -12.9899015
1561.6999999999703, -12.8387966, -12.8367891, -12.8371601, -12.8352871, -12.8354139, -12.8329477, -12.8292351, -12.8286572, -12.8300562, -12.8299236
1561.7999999999702, -13.1642513, -13.168417, -13.1701021, -13.1693773, -13.1687708, -13.1694498, -13.1698837, -13.1693687, -13.1662884, -13.1664324
1561.89999999997, -12.7012138, -12.7012959, -12.7016449, -12.7001743, -12.6996031, -12.6999197, -12.700141, -12.697361, -12.6980762, -12.6992874
1561.99999999997, -13.1165752, -13.1151161, -13.1153402, -13.1137381, -13.1142664, -13.1149721, -13.1153393, -13.1134615, -13.1157866, -13.1179247
1562.09999999997, -12.7788067, -12.778574, -12.7792034, -12.7788401, -12.7796183, -12.7802896, -12.7791862, -12.7798262, -12.7804298, -12.7800827
1562.1999999999698, -13.1899624, -13.190218, -13.1905451, -13.1904917, -13.1913185, -13.191227, -13.1916285, -13.1932402, -13.1934958, -13.1928759
1562.2999999999697, -12.7381363, -12.7373896, -12.7369709, -12.7370787, -12.7385054, -12.7390308, -12.7386932, -12.7370863, -12.737855, -12.7374802
1562.3999999999696, -13.117362, -13.117137, -13.1171913, -13.1178284, -13.1179628, -13.1181412, -13.1174164, -13.1153212, -13.1155262, -13.1158953
1562.4999999999695, -12.7630119, -12.7627897, -12.7639523, -12.7633095, -12.7629223, -12.7635736, -12.7639942, -12.7639446, -12.7641735, -12.7643337
1562.5999999999694, -13.2352638, -13.2316875, -13.2279139, -13.2245712, -13.2229118, -13.2254076, -13.2240019, -13.2244434, -13.2224779, -13.2199678
1562.6999999999694, -12.9516401, -12.9534922, -12.9543982, -12.9565954, -12.9616804, -12.9638567, -12.9649372, -12.9649382, -12.963953, -12.9647026
1562.7999999999693, -13.0653715, -13.0640793, -13.062583, -13.0614281, -13.063921, -13.063858, -13.0650349, -13.0654688, -13.0653267, -13.0637541
1562.8999999999692, -12.9798288, -12.979969, -12.9795599, -12.980505, -12.9798899, -12.9783821, -12.9781027, -12.9783993, -12.9775496, -12.9770374
1562.999999999969, -13.0595646, -13.0614262, -13.06178, -13.0619669, -13.0634518, -13.065299, -13.0645399, -13.0649385, -13.0663519, -13.0653973
1563.099999999969, -13.0966167, -13.0956011, -13.0957441, -13.0946045, -13.0954781, -13.0962687, -13.0954332, -13.0948086, -13.0955038, -13.0949068
1563.199999999969, -13.0827599, -13.0841455, -13.0853167, -13.0860548, -13.0865173, -13.0864887, -13.084856, -13.0849266, -13.0856295, -13.0855122
1563.2999999999688, -12.9789791, -12.9791794, -12.9793015, -12.9808702, -12.9804878, -12.9799337, -12.9809656, -12.9802542, -12.9792833, -12.9791956
1563.3999999999687, -13.0979452, -13.0977669, -13.0977669, -13.0974455, -13.098525, -13.098177, -13.0973835, -13.0960388, -13.09659, -13.0973902
1563.4999999999686, -13.1680717, -13.1758766, -13.1812954, -13.1846771, -13.188405, -13.190773, -13.1946259, -13.1960564, -13.1960392, -13.1962481
1563.5999999999685, -13.0083075, -13.0050516, -13.0026894, -12.9998131, -12.9978094, -12.9978085, -12.9959545, -12.9937439, -12.9923973, -12.9933357
1563.6999999999684, -13.2926035, -13.291997, -13.2940493, -13.2947483, -13.2920074, -13.2945051, -13.2969952, -13.2954283, -13.296073, -13.2951765
1563.7999999999683, -12.8505564, -12.8517036, -12.8516769, -12.8514137, -12.850708, -12.8501272, -12.8507166, -12.8505907, -12.8491592, -12.8479147
1563.8999999999683, -13.3107224, -13.3113289, -13.3114338, -13.3109379, -13.3104048, -13.3112745, -13.3106651, -13.3097305, -13.3110027, -13.3111992
1563.9999999999682, -12.9457159, -12.9457159, -12.9465933, -12.9458799, -12.9467926, -12.9467316, -12.9476109, -12.947464, -12.946352, -12.9459734
1564.099999999968, -13.3444719, -13.3454618, -13.3461704, -13.3449612, -13.3441811, -13.3440475, -13.3448954, -13.3442726, -13.342123, -13.3440943
1564.199999999968, -12.898221, -12.8989439, -12.9002886, -12.8999128, -12.8990202, -12.8984318, -12.897913, -12.8985357, -12.8974371, -12.8966198
1564.299999999968, -13.2991419, -13.3001413, -13.3005428, -13.2995253, -13.298152, -13.2989941, -13.2976217, -13.2975473, -13.2976112, -13.2983217
1564.3999999999678, -12.9470501, -12.9469891, -12.9459829, -12.944623, -12.9438419, -12.9426022, -12.9406929, -12.940237, -12.941535, -12.9428082
1564.4999999999677, -13.3496609, -13.3490849, -13.3456697, -13.3438587, -13.3451118, -13.3466606, -13.3457642, -13.3446894, -13.3438005, -13.3443766
1564.5999999999676, -13.0070143, -13.0092764, -13.0090046, -13.0097208, -13.0075226, -13.0079565, -13.0078182, -13.0091543, -13.0095644, -13.0092487
1564.6999999999675, -13.1843405, -13.1847677, -13.1856222, -13.1848965, -13.1838951, -13.185894, -13.1843681, -13.1844673, -13.1848316, -13.1859045
1564.7999999999674, -12.9656115, -12.9659662, -12.9655952, -12.9651947, -12.9653521, -12.9654131, -12.9652662, -12.96492, -12.9651279, -12.9645138
1564.8999999999673, -13.2603388, -13.2613173, -13.2618628, -13.261817, -13.2617998, -13.2632427, -13.2647705, -13.2649374, -13.2652884, -13.2637978
1564.9999999999673, -13.0312042, -13.0294676, -13.0286255, -13.0294323, -13.0294504, -13.0289669, -13.0296602, -13.0301332, -13.0296326, -13.0302668
1565.0999999999672, -13.2280693, -13.2289419, -13.2290983, -13.2284832, -13.2280512, -13.2273998, -13.2272329, -13.2271156, -13.2275658, -13.2273808
1565.199999999967, -12.9476604, -12.947669, -12.9481525, -12.9495487, -12.9503126, -12.9497795, -12.9498825, -12.9497786, -12.9505386, -12.950675
1565.299999999967, -13.1872683, -13.1803789, -13.1760216, -13.1709909, -13.1653461, -13.1602802, -13.1562328, -13.1498175, -13.1503925, -13.1475267
1565.399999999967, -13.2198668, -13.222764, -13.2254534, -13.2269955, -13.227829, -13.2279778, -13.2312098, -13.2303829, -13.2298689, -13.2305202
1565.4999999999668, -12.9501839, -12.9498053, -12.9506493, -12.9498224, -12.9485655, -12.947773, -12.9445105, -12.9466619, -12.9483585, -12.9473429
1565.5999999999667, -13.199029, -13.199667, -13.1993027, -13.1988468, -13.1988373, -13.1994133, -13.1977062, -13.1981726, -13.1994114, -13.1985731
1565.6999999999666, -12.8146925, -12.8157034, -12.8168573, -12.8171225, -12.8175306, -12.8181009, -12.818676, -12.8184948, -12.8180246, -12.8178587
1565.7999999999665, -13.2546158, -13.2538738, -13.2507353, -13.2538376, -13.2546978, -13.2536526, -13.2539864, -13.2550755, -13.2558889, -13.256628
1565.8999999999664, -12.9050407, -12.9054852, -12.9034986, -12.9043779, -12.9043941, -12.9020004, -12.9049406, -12.9062185, -12.9071913, -12.9073362
1565.9999999999663, -13.1824417, -13.1823969, -13.1820774, -13.1827774, -13.1846952, -13.184268, -13.1852579, -13.1835232, -13.183094, -13.1826963
1566.0999999999663, -12.807477, -12.8066092, -12.8068771, -12.8077278, -12.8059273, -12.8070936, -12.8073015, -12.8060932, -12.806469, -12.8068838
1566.1999999999662, -13.252655, -13.2531357, -13.2542524, -13.2555847, -13.2560749, -13.2560472, -13.2564068, -13.2582741, -13.2590322, -13.2584791
1566.299999999966, -12.8431139, -12.8464499, -12.8484278, -12.85075, -12.8507929, -12.8499918, -12.8501768, -12.8505659, -12.8533525, -12.8531094
1566.399999999966, -13.1875782, -13.1881409, -13.1893339, -13.1899624, -13.1902628, -13.1869678, -13.1866045, -13.1875772, -13.1881504, -13.18785
1566.499999999966, -12.7879925, -12.78829, -12.7875757, -12.7873774, -12.7876921, -12.7884569, -12.7867317, -12.787221, -12.7871857, -12.7856865
1566.5999999999658, -13.0894861, -13.0902157, -13.0900307, -13.0885973, -13.0889091, -13.0881262, -13.0862942, -13.0867662, -13.0880098, -13.0880909
1566.6999999999657, -12.8156862, -12.814826, -12.8158455, -12.8159285, -12.8158369, -12.8151112, -12.8125896, -12.8126907, -12.8128071, -12.8141003
1566.7999999999656, -13.151619, -13.1516542, -13.1520176, -13.1515284, -13.1509981, -13.1516657, -13.1515036, -13.1532812, -13.1529827, -13.1530991
1566.8999999999655, -12.8074265, -12.8085604, -12.8089685, -12.8087358, -12.8064671, -12.8063364, -12.8075008, -12.8094788, -12.8100967, -12.81042
1566.9999999999654, -13.1003513, -13.0964479, -13.0966616, -13.0972319, -13.0985956, -13.0978374, -13.09725, -13.0946665, -13.0930634, -13.0931091
1567.0999999999653, -12.838418, -12.8431139, -12.8517189, -12.8581648, -12.8645115, -12.8684645, -12.8698759, -12.8718653, -12.8723307, -12.8735561
1567.1999999999653, -12.9605055, -12.9609709, -12.9571238, -12.9565363, -12.9569511, -12.9555454, -12.9524679, -12.9512024, -12.9514856, -12.9507265
1567.2999999999652, -13.0726109, -13.0735331, -13.0743666, -13.0754461, -13.0768213, -13.0770788, -13.0761652, -13.0765905, -13.0777884, -13.0763779
1567.399999999965, -12.8110294, -12.8103704, -12.8077183, -12.8095608, -12.8117638, -12.8131247, -12.8141098, -12.8148527, -12.8149939, -12.8156538
1567.499999999965, -13.0833988, -13.0855474, -13.0852718, -13.0847569, -13.0849533, -13.0834599, -13.0823231, -13.082653, -13.0827074, -13.0838785
1567.599999999965, -12.7652473, -12.7649593, -12.7642412, -12.7643986, -12.7620068, -12.761281, -12.7611818, -12.7629547, -12.7648106, -12.767024
1567.6999999999648, -13.1380625, -13.1373167, -13.1389351, -13.1402044, -13.1394033, -13.13801, -13.1368303, -13.1380081, -13.1371269, -13.1378927
1567.7999999999647, -12.8598175, -12.8603668, -12.861784, -12.8613968, -12.862586, -12.8626366, -12.8635321, -12.8633537, -12.8656178, -12.8661079
1567.8999999999646, -13.1467505, -13.1463547, -13.1486712, -13.1522331, -13.1535873, -13.1544085, -13.1541471, -13.1551685, -13.1562586, -13.1577044
1567.9999999999645, -12.7173815, -12.7146959, -12.7122173, -12.7106285, -12.7074347, -12.7067585, -12.7045193, -12.7050314, -12.7018642, -12.7025967
1568.0999999999644, -13.1895075, -13.1890984, -13.1875057, -13.1861143, -13.1851854, -13.1859961, -13.1878052, -13.1885157, -13.1868782, -13.1855869
1568.1999999999643, -12.8308849, -12.8318081, -12.8315468, -12.8312454, -12.8314219, -12.832118, -12.8327551, -12.8313885, -12.8317413, -12.8312883
1568.2999999999643, -13.1968508, -13.1982822, -13.1987743, -13.1986914, -13.1995306, -13.1977968, -13.1973429, -13.1965761, -13.1987371, -13.1994133
1568.3999999999642, -12.829998, -12.8293352, -12.8282976, -12.8296041, -12.8293095, -12.8299646, -12.8309698, -12.831171, -12.8308344, -12.8303165
1568.499999999964, -13.1881971, -13.187623, -13.1877785, -13.1881237, -13.1894703, -13.1878605, -13.1898355, -13.1902714, -13.1898079, -13.1900349
1568.599999999964, -12.8997774, -12.9003401, -12.9002972, -12.9006042, -12.8988495, -12.9003658, -12.898407, -12.8982563, -12.8989687, -12.8982382
1568.699999999964, -13.2676058, -13.2674294, -13.2689848, -13.2677345, -13.2681694, -13.2701349, -13.2696152, -13.2690325, -13.2701988, -13.2708864
1568.7999999999638, -12.9151812, -12.9174395, -12.9188843, -12.9201326, -12.9206543, -12.9232988, -12.9228354, -12.9230165, -12.9241638, -12.9246941
1568.8999999999637, -13.1549597, -13.1501312, -13.143877, -13.1350412, -13.1292667, -13.1233902, -13.118742, -13.1178455, -13.1119137, -13.1099644
1568.9999999999636, -13.0670958, -13.0699282, -13.0729475, -13.07792, -13.0790319, -13.0818176, -13.0832214, -13.0840292, -13.0851841, -13.0849695
1569.0999999999635, -13.0495653, -13.0495567, -13.0467291, -13.0479002, -13.0503759, -13.0524311, -13.0522995, -13.0531187, -13.0546913, -13.0545406
1569.1999999999634, -13.2374163, -13.2363281, -13.2368183, -13.236865, -13.237298, -13.2389736, -13.2394781, -13.2385397, -13.238946, -13.2380886
1569.2999999999633, -12.9470673, -12.947463, -12.9475756, -12.9482975, -12.9467754, -12.9455528, -12.9477129, -12.9491091, -12.9486666, -12.9492722
1569.3999999999633, -13.2939177, -13.2940578, -13.2936306, -13.2939291, -13.2937889, -13.2937965, -13.2930984, -13.2940779, -13.2939272, -13.293396
1569.4999999999632, -13.0777435, -13.0750475, -13.0731344, -13.0741634, -13.0744743, -13.0762272, -13.0759697, -13.0750914, -13.0766973, -13.0762625
1569.599999999963, -13.3520336, -13.3505411, -13.350976, -13.3507023, -13.34902, -13.3485193, -13.3509941, -13.3523264, -13.3536673, -13.3528833
1569.699999999963, -13.0295639, -13.0306339, -13.0269594, -13.0275373, -13.0274582, -13.026021, -13.0240488, -13.0240841, -13.0245667, -13.0262499
1569.799999999963, -13.3931103, -13.3943787, -13.3954382, -13.3964014, -13.3979206, -13.3972044, -13.398818, -13.3974714, -13.398818, -13.3985987
1569.8999999999628, -12.9228697, -12.9210043, -12.9223137, -12.9240513, -12.9264584, -12.9266367, -12.9270573, -12.9273233, -12.9262352, -12.9247961
1569.9999999999627, -13.4612217, -13.4608135, -13.4586935, -13.4579954, -13.4608431, -13.462781, -13.463315, -13.4639654, -13.4636164, -13.4617453
1570.0999999999626, -13.0511084, -13.0500956, -13.0482254, -13.0480862, -13.0477514, -13.048728, -13.049283, -13.049407, -13.0466156, -13.0468884
1570.1999999999625, -13.3822498, -13.3823748, -13.381917, -13.3816423, -13.3823929, -13.382164, -13.3817472, -13.3807478, -13.3811836, -13.3816509
1570.2999999999624, -13.0331259, -13.0331621, -13.0313444, -13.030942, -13.0322495, -13.0304413, -13.0317488, -13.03232, -13.032382, -13.0330305
1570.3999999999623, -13.4918404, -13.4919863, -13.4906702, -13.4888048, -13.4897995, -13.4916544, -13.4913025, -13.4906006, -13.4920635, -13.4913521
1570.4999999999623, -13.1345997, -13.1338186, -13.1344109, -13.1339521, -13.1331453, -13.1323814, -13.1330566, -13.1326427, -13.1322374, -13.1312408
1570.5999999999622, -13.4208307, -13.4202747, -13.4189701, -13.4178953, -13.4182205, -13.4171953, -13.4177427, -13.418623, -13.4187698, -13.418663
1570.699999999962, -13.1828041, -13.1840773, -13.1898985, -13.1936331, -13.1974335, -13.199357, -13.2003431, -13.2028255, -13.2033358, -13.2040577
1570.799999999962, -13.1908188, -13.1917295, -13.192585, -13.1930685, -13.1935778, -13.1923571, -13.1926117, -13.1908369, -13.1894894, -13.1889343
1570.899999999962, -13.3567038, -13.3571186, -13.3576689, -13.356987, -13.356307, -13.356987, -13.3570166, -13.3555975, -13.3556366, -13.3544626
1570.9999999999618, -13.2209854, -13.2214432, -13.2234983, -13.2235975, -13.2238274, -13.2243233, -13.2243967, -13.223196, -13.2232857, -13.2230759
