wavelength_nm ,power_reading_0_dbm ,power_reading_1_dbm ,power_reading_2_dbm ,power_reading_3_dbm ,power_reading_4_dbm ,power_reading_5_dbm ,power_reading_6_dbm ,power_reading_7_dbm ,power_reading_8_dbm ,power_reading_9_dbm 
1529.0, -31.2763004, -31.2763367, -31.2761784, -31.2747974, -31.2750435, -31.2741947, -31.2747021, -31.2747078, -31.2751312, -31.2754688
1529.1, -31.2527504, -31.2524586, -31.252924, -31.252924, -31.2521896, -31.2523422, -31.2510262, -31.2503777, -31.2503166, -31.2505379
1529.1999999999998, -31.366415, -31.3663197, -31.36553, -31.3646927, -31.3647652, -31.3649445, -31.3652153, -31.3652325, -31.3659267, -31.3666801
1529.2999999999997, -31.2157497, -31.216177, -31.2163048, -31.2167377, -31.2169685, -31.2156506, -31.2139015, -31.2146587, -31.2154369, -31.2140808
1529.3999999999996, -31.1220226, -31.1213551, -31.1216888, -31.1217403, -31.1228809, -31.1227207, -31.1217003, -31.1209583, -31.120842, -31.120163
1529.4999999999995, -31.1290169, -31.1301098, -31.1335354, -31.1355076, -31.1332798, -31.1322956, -31.1326733, -31.1323166, -31.1339264, -31.1341286
1529.5999999999995, -31.1777496, -31.1772251, -31.1766357, -31.1772194, -31.177166, -31.1777172, -31.1778259, -31.1776085, -31.1781235, -31.1775856
1529.6999999999994, -31.284235, -31.2842293, -31.2847672, -31.2851562, -31.2852039, -31.2842636, -31.2836018, -31.2840939, -31.2847519, -31.2852211
1529.7999999999993, -31.1189156, -31.1179562, -31.1178722, -31.1182747, -31.1195374, -31.1203728, -31.1189842, -31.1186447, -31.1195602, -31.120203
1529.8999999999992, -31.0305691, -31.0297775, -31.0298939, -31.0297127, -31.0287895, -31.0264759, -31.0254936, -31.0254326, -31.0282192, -31.0312271
1529.999999999999, -31.0541039, -31.0539818, -31.0536652, -31.0533772, -31.0537376, -31.0540199, -31.0540829, -31.054327, -31.0549774, -31.0548878
1530.099999999999, -31.1549721, -31.1553936, -31.1555805, -31.1553192, -31.1546917, -31.1549225, -31.1544437, -31.1545677, -31.1546879, -31.1544247
1530.199999999999, -31.0564632, -31.0565567, -31.0565243, -31.0561962, -31.055891, -31.0560474, -31.0558395, -31.0563736, -31.056179, -31.0555897
1530.2999999999988, -30.901228, -30.9019318, -30.90168, -30.9027653, -30.9033089, -30.903635, -30.9033718, -30.9038925, -30.9037418, -30.9040279
1530.3999999999987, -31.0229473, -31.0228691, -31.0226212, -31.022377, -31.0213108, -31.0200195, -31.0199547, -31.02001, -31.0215054, -31.0214443
1530.4999999999986, -31.024416, -31.0239239, -31.0245819, -31.0248737, -31.0246696, -31.0246639, -31.0245152, -31.0244484, -31.0251465, -31.0251141
1530.5999999999985, -31.1619682, -31.1616764, -31.1615105, -31.1614094, -31.161232, -31.1615524, -31.1614952, -31.1619167, -31.1619968, -31.1618576
1530.6999999999985, -30.9930038, -30.9922314, -30.9923115, -30.9913807, -30.991497, -30.9918404, -30.9918022, -30.9917049, -30.9914093, -30.9914093
1530.7999999999984, -30.9374294, -30.9366512, -30.9370956, -30.9369068, -30.9365749, -30.9363194, -30.9357166, -30.9355145, -30.9350815, -30.934721
1530.8999999999983, -30.9706135, -30.9707909, -30.970417, -30.9707756, -30.9711742, -30.9709778, -30.9708023, -30.9713058, -30.9710331, -30.9726982
1530.9999999999982, -31.1167049, -31.1172962, -31.1170597, -31.1161232, -31.1160774, -31.1165066, -31.1162682, -31.1161804, -31.1164818, -31.116066
1531.099999999998, -31.0047512, -31.0049534, -31.0049706, -31.0041447, -31.0054588, -31.0054264, -31.004776, -31.0041962, -31.0036507, -31.0041389
1531.199999999998, -30.9155407, -30.9143925, -30.9137039, -30.9136295, -30.9132576, -30.9134674, -30.9136086, -30.9136028, -30.9139576, -30.9148045
1531.299999999998, -31.0120258, -31.0126381, -31.010725, -31.008606, -31.0111828, -31.0122452, -31.011692, -31.0104351, -31.0120316, -31.011343
1531.3999999999978, -31.0545063, -31.0547218, -31.0560455, -31.0561085, -31.0560627, -31.0548611, -31.0544662, -31.0540829, -31.0545311, -31.0549107
1531.4999999999977, -31.1595974, -31.1607933, -31.1622639, -31.1631184, -31.1634445, -31.163475, -31.1628227, -31.1632805, -31.1628571, -31.1622925
1531.5999999999976, -30.9889698, -30.991045, -30.9911003, -30.9931297, -30.9917469, -30.9921932, -30.9905701, -30.9913216, -30.9913044, -30.989912
1531.6999999999975, -30.9493866, -30.9499397, -30.9497623, -30.9496593, -30.9498596, -30.9497757, -30.9490185, -30.9483986, -30.948143, -30.9486427
1531.7999999999975, -31.0666695, -31.0665035, -31.0669785, -31.0671043, -31.0675755, -31.0675259, -31.0675125, -31.0671844, -31.0671883, -31.0669823
1531.8999999999974, -31.1699238, -31.1710148, -31.1707344, -31.1701412, -31.1715813, -31.1716728, -31.171587, -31.1707191, -31.1712303, -31.1713581
1531.9999999999973, -31.1144066, -31.1149101, -31.1155338, -31.1149883, -31.1157837, -31.1157207, -31.116169, -31.1162987, -31.1158981, -31.1164722
1532.0999999999972, -31.0046253, -31.001709, -31.0015888, -31.0021935, -31.0019131, -31.0008907, -30.9996319, -30.9998207, -30.9998989, -30.9991608
1532.199999999997, -31.0979881, -31.0992184, -31.0993919, -31.0993195, -31.0980835, -31.09762, -31.0989971, -31.0994606, -31.1004486, -31.1005821
1532.299999999997, -31.1546535, -31.1547508, -31.1546707, -31.155138, -31.1546078, -31.1551151, -31.1545734, -31.1545277, -31.1547432, -31.1547661
1532.399999999997, -31.2123489, -31.2129955, -31.2124958, -31.2118492, -31.2108746, -31.2121716, -31.2131748, -31.2139721, -31.2140751, -31.2154388
1532.4999999999968, -31.0806561, -31.0811749, -31.0810127, -31.0801449, -31.0804482, -31.0797653, -31.0794964, -31.0807781, -31.0795574, -31.0793953
1532.5999999999967, -31.0181599, -31.0184212, -31.0174656, -31.0165672, -31.0154819, -31.0157642, -31.0158024, -31.0161266, -31.0164471, -31.0160179
1532.6999999999966, -31.1312237, -31.1301098, -31.1306133, -31.1304893, -31.1299686, -31.1303711, -31.1303806, -31.1308517, -31.1304264, -31.1311893
1532.7999999999965, -31.26231, -31.2616615, -31.2611599, -31.2603264, -31.2604313, -31.2590485, -31.2590027, -31.2575378, -31.2579346, -31.2589531
1532.8999999999965, -31.1544704, -31.1535034, -31.154562, -31.1551132, -31.1577339, -31.1557693, -31.1555977, -31.1556435, -31.1560116, -31.1563511
1532.9999999999964, -31.0757408, -31.076086, -31.076601, -31.0779018, -31.0774326, -31.0766392, -31.0764656, -31.0769672, -31.0762691, -31.0767059
1533.0999999999963, -31.0786686, -31.0773563, -31.0775471, -31.077404, -31.0780201, -31.0780258, -31.0777245, -31.0783615, -31.0785122, -31.078825
1533.1999999999962, -31.1650009, -31.164505, -31.1644306, -31.163868, -31.1643085, -31.163496, -31.1641941, -31.1636047, -31.1639137, -31.1634274
1533.299999999996, -31.2343788, -31.2341499, -31.2331161, -31.2351952, -31.2367287, -31.2361584, -31.235754, -31.2354507, -31.2355556, -31.2348957
1533.399999999996, -31.0619984, -31.0607433, -31.0610294, -31.0605011, -31.0585938, -31.0595856, -31.0598583, -31.0608273, -31.0611, -31.0611229
1533.499999999996, -30.9785557, -30.9777718, -30.976572, -30.9769707, -30.9769096, -30.9771767, -30.9770012, -30.9773045, -30.9771404, -30.9775524
1533.5999999999958, -31.0930023, -31.0922832, -31.0918026, -31.0925922, -31.0935268, -31.0936794, -31.092926, -31.0948067, -31.0942421, -31.0930576
1533.6999999999957, -31.2036095, -31.2034779, -31.2037029, -31.2030106, -31.2028027, -31.202589, -31.2029305, -31.2019444, -31.2014523, -31.1995449
1533.7999999999956, -31.0904026, -31.0886688, -31.0878639, -31.0879707, -31.0897312, -31.0885201, -31.0883522, -31.0885582, -31.0898438, -31.0904827
1533.8999999999955, -31.0188541, -31.0188675, -31.0170021, -31.0146618, -31.0150776, -31.0143871, -31.0140095, -31.0133705, -31.0141525, -31.0121365
1533.9999999999955, -30.9538727, -30.9544449, -30.9538193, -30.9531078, -30.9523182, -30.9527988, -30.9526501, -30.9523144, -30.9522972, -30.9529991
1534.0999999999954, -31.0457077, -31.045475, -31.0455971, -31.0452251, -31.0457859, -31.0452366, -31.0448818, -31.045578, -31.0444584, -31.0447598
1534.1999999999953, -31.0609665, -31.0600147, -31.060812, -31.0613842, -31.0616627, -31.0615139, -31.0621929, -31.0619316, -31.0616913, -31.0609627
1534.2999999999952, -30.9205265, -30.9208336, -30.9222755, -30.9212551, -30.9247684, -30.925066, -30.9222527, -30.9228268, -30.9255466, -30.9267616
1534.399999999995, -30.8701172, -30.8703556, -30.8705215, -30.8703918, -30.8712788, -30.8694458, -30.8692951, -30.8694019, -30.869978, -30.8705921
1534.499999999995, -30.9142303, -30.9137707, -30.9141464, -30.9135761, -30.9130039, -30.9128418, -30.9124565, -30.9129944, -30.9119492, -30.9116745
1534.599999999995, -30.9674625, -30.9673939, -30.9676476, -30.9676514, -30.9678345, -30.9670792, -30.9673519, -30.9673786, -30.9675541, -30.9675312
1534.6999999999948, -30.8846989, -30.8855705, -30.8864193, -30.8868027, -30.8860378, -30.8856678, -30.8842926, -30.8839073, -30.8847218, -30.8851967
1534.7999999999947, -30.8248482, -30.824749, -30.8267746, -30.8297005, -30.8302402, -30.8294697, -30.8286514, -30.8278522, -30.8295479, -30.8300858
1534.8999999999946, -30.8145161, -30.8131695, -30.8123226, -30.8114529, -30.8127899, -30.8138485, -30.8134804, -30.8144321, -30.8144512, -30.815527
1534.9999999999945, -30.8064976, -30.8068066, -30.806406, -30.807106, -30.8085308, -30.8083611, -30.8088245, -30.8079987, -30.8071537, -30.8065186
1535.0999999999945, -30.8058033, -30.8059235, -30.8053513, -30.8052349, -30.8056831, -30.8061867, -30.8057041, -30.8070488, -30.8069954, -30.8059349
1535.1999999999944, -30.732935, -30.7333202, -30.734045, -30.7361317, -30.7381935, -30.7385635, -30.7385311, -30.7381744, -30.7385426, -30.7369804
1535.2999999999943, -30.7559185, -30.753376, -30.7506104, -30.7489662, -30.751009, -30.7508106, -30.7522907, -30.7544022, -30.7543411, -30.7543926
1535.3999999999942, -30.7420979, -30.7421112, -30.7423916, -30.7429619, -30.7427158, -30.7417202, -30.740984, -30.7410755, -30.7414722, -30.7408123
1535.499999999994, -30.7702808, -30.7707405, -30.7719116, -30.7712708, -30.77174, -30.7725945, -30.7729454, -30.7720737, -30.7726212, -30.7726002
1535.599999999994, -30.6595192, -30.6585026, -30.6584015, -30.6585751, -30.6587219, -30.658123, -30.6576405, -30.6583576, -30.6589909, -30.6580162
1535.699999999994, -30.6531105, -30.6530037, -30.6557693, -30.65592, -30.6560822, -30.6561985, -30.6554089, -30.6522331, -30.6535072, -30.6547089
1535.7999999999938, -30.6435032, -30.6412888, -30.6408749, -30.6433086, -30.643322, -30.6433029, -30.6435165, -30.6438351, -30.6426849, -30.6442547
1535.8999999999937, -30.710907, -30.7093506, -30.7093544, -30.7082958, -30.7100849, -30.7090263, -30.7087288, -30.7103062, -30.7103977, -30.7091656
1535.9999999999936, -30.6578083, -30.6579037, -30.6572323, -30.6574421, -30.6572895, -30.6569099, -30.6577969, -30.657423, -30.6583328, -30.6574287
1536.0999999999935, -30.5735168, -30.5731392, -30.573513, -30.5738811, -30.5729637, -30.5731888, -30.5731487, -30.5728054, -30.5730782, -30.5731106
1536.1999999999935, -30.6579704, -30.6582851, -30.6585236, -30.6602554, -30.6590538, -30.6575241, -30.6598034, -30.6587257, -30.6573524, -30.6600266
1536.2999999999934, -30.6995373, -30.6994247, -30.6992054, -30.6991444, -30.6998005, -30.700016, -30.6979942, -30.698328, -30.7001743, -30.6998405
1536.3999999999933, -30.7260742, -30.7263069, -30.7265682, -30.7273216, -30.7244091, -30.7242126, -30.7246399, -30.7239037, -30.7209282, -30.7231102
1536.4999999999932, -30.5849152, -30.5843849, -30.5831337, -30.5829067, -30.5828342, -30.5821514, -30.5832119, -30.5832291, -30.5839806, -30.5835171
1536.599999999993, -30.5004597, -30.499979, -30.5001316, -30.5002289, -30.5003071, -30.4999313, -30.5009003, -30.5008316, -30.5006256, -30.500473
1536.699999999993, -30.6004028, -30.5996819, -30.5988293, -30.5996075, -30.599926, -30.5993958, -30.5991173, -30.5994167, -30.5996017, -30.5995064
1536.799999999993, -30.6805477, -30.6809978, -30.6805878, -30.6801624, -30.6802864, -30.6812916, -30.6820221, -30.6806889, -30.6804447, -30.6802826
1536.8999999999928, -30.6245956, -30.625946, -30.6254406, -30.6254578, -30.6248894, -30.6253319, -30.6245651, -30.6256638, -30.6248169, -30.6246891
1536.9999999999927, -30.5256023, -30.5258865, -30.5260048, -30.526474, -30.5265923, -30.527647, -30.527113, -30.5273933, -30.5273266, -30.5266171
1537.0999999999926, -30.6043377, -30.6040611, -30.6037865, -30.6038513, -30.6038227, -30.6032448, -30.6036606, -30.603611, -30.6035862, -30.604538
1537.1999999999925, -30.6673908, -30.6678982, -30.6682281, -30.6680927, -30.6680508, -30.6678181, -30.6670647, -30.6686306, -30.6686611, -30.6688251
1537.2999999999925, -30.7698517, -30.7699299, -30.7687187, -30.7681236, -30.7700615, -30.7697983, -30.7694416, -30.7697487, -30.7710991, -30.7720108
1537.3999999999924, -30.603611, -30.6037312, -30.6033821, -30.6027336, -30.6029396, -30.6033001, -30.6029587, -30.6025581, -30.602272, -30.6021976
1537.4999999999923, -30.5074272, -30.5073299, -30.5078201, -30.509161, -30.5092678, -30.5097618, -30.5080757, -30.5097923, -30.509037, -30.5098133
1537.5999999999922, -30.5420971, -30.5405655, -30.5409794, -30.5403633, -30.5402184, -30.5404758, -30.5408649, -30.5412807, -30.5403824, -30.5399361
1537.699999999992, -30.7063103, -30.7063293, -30.7063713, -30.7065907, -30.7064514, -30.707325, -30.7065697, -30.7052917, -30.7054577, -30.7057953
1537.799999999992, -30.6607323, -30.6613789, -30.6617603, -30.6609821, -30.66115, -30.662262, -30.6616077, -30.6622829, -30.6630554, -30.6626301
1537.899999999992, -30.5465717, -30.547493, -30.5472984, -30.5474434, -30.5475521, -30.5532131, -30.5462055, -30.5469284, -30.5456314, -30.5474567
1537.9999999999918, -30.5069275, -30.5076389, -30.5074806, -30.5083447, -30.5088005, -30.5096359, -30.5100307, -30.5098743, -30.5100422, -30.5090618
1538.0999999999917, -30.6103344, -30.6098862, -30.6112843, -30.6128616, -30.6138363, -30.6138058, -30.6126671, -30.6123676, -30.6120014, -30.6119709
1538.1999999999916, -30.6999588, -30.7004089, -30.6999226, -30.7001438, -30.6999378, -30.7009487, -30.6992359, -30.6981201, -30.6986141, -30.698473
1538.2999999999915, -30.6917648, -30.6916256, -30.6917133, -30.6915493, -30.6916447, -30.6916256, -30.6910172, -30.6916866, -30.6912766, -30.6917076
1538.3999999999915, -30.5248489, -30.5248184, -30.5248909, -30.5258045, -30.52635, -30.5262566, -30.5259914, -30.5268707, -30.5271149, -30.5263577
1538.4999999999914, -30.495327, -30.4950809, -30.4965878, -30.4984531, -30.4980869, -30.4982071, -30.4977188, -30.4967995, -30.496891, -30.4994755
1538.5999999999913, -30.5964813, -30.6045895, -30.6056023, -30.5972443, -30.5965176, -30.5967331, -30.596283, -30.5964775, -30.5969028, -30.5960007
1538.6999999999912, -30.6702137, -30.6697903, -30.6692829, -30.6695271, -30.6682854, -30.6675968, -30.6698818, -30.6688652, -30.668911, -30.6676998
1538.799999999991, -30.5737457, -30.5729542, -30.5740852, -30.5744686, -30.573761, -30.5731926, -30.5725727, -30.574667, -30.5738602, -30.5738106
1538.899999999991, -30.4634209, -30.4636822, -30.4642029, -30.4624386, -30.4623337, -30.4618835, -30.4614182, -30.4621143, -30.4615955, -30.4613285
1538.999999999991, -30.509409, -30.5095558, -30.5114937, -30.5121956, -30.5133514, -30.5126343, -30.5138321, -30.5135078, -30.5127773, -30.5123539
1539.0999999999908, -30.5910683, -30.5904732, -30.5915394, -30.5916843, -30.5910187, -30.5915394, -30.5919495, -30.5919151, -30.5926495, -30.5925636
1539.1999999999907, -30.591465, -30.5910378, -30.5912457, -30.5920296, -30.5912476, -30.5907536, -30.5911655, -30.5903053, -30.5910187, -30.5916882
1539.2999999999906, -30.6100731, -30.6111488, -30.6107273, -30.6103992, -30.6118565, -30.6118336, -30.6118813, -30.6121979, -30.6119404, -30.6115055
1539.3999999999905, -30.4805927, -30.4810829, -30.480751, -30.4808502, -30.4802799, -30.4796352, -30.4797935, -30.4799442, -30.4795494, -30.4804897
1539.4999999999905, -30.5680618, -30.5684071, -30.5683613, -30.568306, -30.5678787, -30.5677509, -30.568327, -30.5696831, -30.5685558, -30.5688286
1539.5999999999904, -30.4867382, -30.4866734, -30.4860935, -30.487215, -30.4871159, -30.4879684, -30.4880409, -30.4888897, -30.4881325, -30.4879379
1539.6999999999903, -30.5427933, -30.5428715, -30.5424328, -30.542675, -30.5425911, -30.5420265, -30.5419331, -30.541893, -30.5417728, -30.5422649
1539.7999999999902, -30.4240532, -30.4245815, -30.4234695, -30.4236012, -30.4222584, -30.4224358, -30.4211617, -30.421545, -30.4217377, -30.4217644
1539.89999999999, -30.4572983, -30.4572449, -30.4571381, -30.4552574, -30.4554367, -30.4540119, -30.4538059, -30.454464, -30.4538422, -30.4544926
1539.99999999999, -30.4573898, -30.4576035, -30.4557476, -30.4564705, -30.4562073, -30.4561024, -30.4559784, -30.4568138, -30.4570312, -30.4573689
1540.09999999999, -30.4006481, -30.3994236, -30.3994656, -30.3999596, -30.3995419, -30.3995476, -30.3992977, -30.4000931, -30.3994713, -30.399395
1540.1999999999898, -30.4417305, -30.4425259, -30.4417992, -30.4421597, -30.4422817, -30.4408722, -30.441431, -30.4414845, -30.4412613, -30.4414024
1540.2999999999897, -30.4197922, -30.4215145, -30.4210091, -30.420681, -30.4210854, -30.4213219, -30.420248, -30.4192829, -30.4209843, -30.4213467
1540.3999999999896, -30.4649658, -30.4638214, -30.463459, -30.4649258, -30.4639053, -30.4633484, -30.4631443, -30.4638901, -30.463438, -30.463604
1540.4999999999895, -30.3219852, -30.3225021, -30.3217411, -30.3210964, -30.3216743, -30.3209362, -30.3209782, -30.3217564, -30.3223896, -30.3217278
1540.5999999999894, -30.2499046, -30.249382, -30.2492161, -30.2503242, -30.2511787, -30.2512226, -30.2509289, -30.251379, -30.2521706, -30.2503033
1540.6999999999894, -30.3302822, -30.3295441, -30.3286076, -30.3270111, -30.3271046, -30.3265877, -30.3261929, -30.3258877, -30.326107, -30.326376
1540.7999999999893, -30.3382225, -30.341465, -30.3430176, -30.344183, -30.3446007, -30.3439636, -30.3433151, -30.3426342, -30.3444614, -30.343504
1540.8999999999892, -30.3814621, -30.3816547, -30.3815212, -30.3814774, -30.3811893, -30.3810692, -30.381731, -30.3814449, -30.3815861, -30.3801403
1540.999999999989, -30.2199421, -30.2198048, -30.220108, -30.22052, -30.2188225, -30.2197647, -30.2206497, -30.2208614, -30.2202377, -30.2208786
1541.099999999989, -30.1358948, -30.1390076, -30.1390247, -30.1378555, -30.1371288, -30.137804, -30.1383247, -30.1381207, -30.1368275, -30.1359615
1541.199999999989, -30.227169, -30.2277031, -30.226862, -30.2269592, -30.226963, -30.2261925, -30.2264023, -30.2269669, -30.2261124, -30.2257557
1541.2999999999888, -30.348074, -30.3475342, -30.3473644, -30.3485699, -30.3482094, -30.3466358, -30.3475723, -30.3476105, -30.3466454, -30.346632
1541.3999999999887, -30.1566048, -30.1561928, -30.1559715, -30.1543636, -30.155014, -30.1543617, -30.1541805, -30.1528778, -30.1548615, -30.1555023
1541.4999999999886, -30.0222912, -30.02005, -30.0185375, -30.0191345, -30.0186958, -30.0183697, -30.0189018, -30.0194263, -30.0189152, -30.0192719
1541.5999999999885, -30.0268784, -30.0267258, -30.0258427, -30.0252037, -30.0249958, -30.0237064, -30.0241318, -30.0243549, -30.0230389, -30.0235214
1541.6999999999884, -30.1424465, -30.142767, -30.1428986, -30.1439571, -30.1435871, -30.1434021, -30.1434879, -30.1433926, -30.1439171, -30.1439304
1541.7999999999884, -30.2595139, -30.2595596, -30.2592735, -30.2593613, -30.2587261, -30.2594643, -30.2593956, -30.2608223, -30.2590733, -30.2601299
1541.8999999999883, -30.1181374, -30.1199284, -30.1196518, -30.1192741, -30.1202927, -30.1193962, -30.1190586, -30.1197968, -30.1198711, -30.1198788
1541.9999999999882, -29.9232597, -29.9230804, -29.9226475, -29.9212418, -29.9216213, -29.921711, -29.9207096, -29.9215069, -29.9223595, -29.9220543
1542.099999999988, -29.9745941, -29.9753094, -29.9754696, -29.9750919, -29.9752007, -29.9753056, -29.9745502, -29.9747448, -29.974762, -29.9752655
1542.199999999988, -30.1121807, -30.111969, -30.1122799, -30.112257, -30.1112633, -30.1115494, -30.1122246, -30.1124001, -30.1115894, -30.1114998
1542.299999999988, -30.0877533, -30.0875378, -30.0870838, -30.087471, -30.0873833, -30.0878029, -30.0876198, -30.0877514, -30.0874767, -30.0885277
1542.3999999999878, -29.9628925, -29.9620762, -29.961422, -29.9610577, -29.9604588, -29.9614296, -29.9610291, -29.9606361, -29.9615803, -29.9610615
1542.4999999999877, -29.8298512, -29.8289127, -29.8282833, -29.8296242, -29.8286514, -29.8295918, -29.8310928, -29.8328323, -29.8316097, -29.8295898
1542.5999999999876, -29.9534206, -29.9529629, -29.9511585, -29.9504204, -29.9508533, -29.9499454, -29.9491348, -29.9495583, -29.950161, -29.9505196
1542.6999999999875, -30.0702667, -30.0708008, -30.070507, -30.0709152, -30.0717106, -30.071434, -30.0715752, -30.0719757, -30.0715637, -30.071497
1542.7999999999874, -30.078064, -30.0780621, -30.0791645, -30.0789986, -30.0791626, -30.0798454, -30.0791683, -30.0790577, -30.0789108, -30.0796795
1542.8999999999874, -29.8795948, -29.8807354, -29.8816948, -29.879467, -29.8798141, -29.8793869, -29.8786221, -29.8793907, -29.8790054, -29.8788395
1542.9999999999873, -29.8274384, -29.8271236, -29.8256702, -29.8270378, -29.8381195, -29.8285351, -29.8266373, -29.8271294, -29.8264542, -29.8259621
1543.0999999999872, -29.9352188, -29.9347458, -29.9345379, -29.9344749, -29.9346771, -29.9350815, -29.9350262, -29.9365978, -29.935936, -29.9358158
1543.199999999987, -29.9679089, -29.9668007, -29.966217, -29.9660778, -29.9667873, -29.9677525, -29.9685783, -29.9701004, -29.9687881, -29.968977
1543.299999999987, -29.9653683, -29.9642963, -29.9641953, -29.964304, -29.9633427, -29.9645844, -29.9647331, -29.9649448, -29.9646454, -29.9647713
1543.399999999987, -29.8902645, -29.8904057, -29.8902054, -29.8894863, -29.8899326, -29.8896427, -29.8888359, -29.8889809, -29.8897915, -29.8897152
1543.4999999999868, -29.8482475, -29.8466587, -29.8472233, -29.846632, -29.8457184, -29.8452473, -29.8450756, -29.8445778, -29.8460808, -29.8454494
1543.5999999999867, -29.9794216, -29.9790649, -29.9764099, -29.9765949, -29.9756908, -29.9761047, -29.9770794, -29.9780693, -29.9771671, -29.9772186
1543.6999999999866, -29.9164658, -29.9158039, -29.9155159, -29.9158916, -29.9149818, -29.9155846, -29.915926, -29.9144878, -29.9139423, -29.9140797
1543.7999999999865, -29.9759693, -29.9772835, -29.9763756, -29.9755402, -29.9758606, -29.974741, -29.9746284, -29.9751663, -29.974638, -29.9748421
1543.8999999999864, -29.8431416, -29.8437481, -29.8437614, -29.8431549, -29.84375, -29.8431854, -29.8434448, -29.8444824, -29.844141, -29.8443928
1543.9999999999864, -29.9276772, -29.9284286, -29.9293213, -29.9278965, -29.9274197, -29.9274139, -29.9267426, -29.9273415, -29.9282494, -29.9276733
1544.0999999999863, -29.856205, -29.8556824, -29.8566341, -29.8566685, -29.8570766, -29.8581028, -29.8572922, -29.8570309, -29.857729, -29.8584881
1544.1999999999862, -29.9226208, -29.9228916, -29.9235249, -29.9231968, -29.9232864, -29.9240189, -29.9242496, -29.9246845, -29.9243317, -29.9249153
1544.299999999986, -29.9552326, -29.9552975, -29.9549217, -29.9559116, -29.9544468, -29.9558163, -29.9555531, -29.9554882, -29.9554558, -29.9551392
1544.399999999986, -29.9392033, -29.9363918, -29.9374676, -29.9364319, -29.9386005, -29.9374561, -29.9384537, -29.9379807, -29.938982, -29.9378376
1544.499999999986, -29.9429512, -29.9430275, -29.9430981, -29.9427586, -29.9419861, -29.9419823, -29.9416218, -29.9427299, -29.9441452, -29.9428864
1544.5999999999858, -29.874649, -29.8749256, -29.8747349, -29.8754921, -29.8749866, -29.8740845, -29.8747215, -29.874403, -29.8748264, -29.8752327
1544.6999999999857, -29.8725891, -29.8725452, -29.8729248, -29.8729992, -29.8729458, -29.8721733, -29.8724136, -29.8721447, -29.8723812, -29.8720112
1544.7999999999856, -29.9334965, -29.9336472, -29.9339428, -29.9346046, -29.9344025, -29.9342384, -29.9344501, -29.9343166, -29.9339294, -29.9336128
1544.8999999999855, -29.9260941, -29.9270458, -29.9266529, -29.9269638, -29.9276905, -29.9267063, -29.9266548, -29.9273052, -29.9267254, -29.9266262
1544.9999999999854, -29.9162903, -29.9159088, -29.9166508, -29.9164276, -29.9161587, -29.9162998, -29.9153538, -29.9155712, -29.9151897, -29.9159985
1545.0999999999854, -29.7812462, -29.7805843, -29.7805748, -29.7814312, -29.7807674, -29.7809982, -29.7816582, -29.7815628, -29.7816792, -29.7817993
1545.1999999999853, -29.8357201, -29.8356876, -29.8358517, -29.8357086, -29.835659, -29.8359699, -29.8355293, -29.8357468, -29.8357048, -29.8355465
1545.2999999999852, -29.9095116, -29.9090519, -29.909832, -29.9092712, -29.9092712, -29.9089756, -29.9098835, -29.9095497, -29.9094143, -29.9094028
1545.399999999985, -29.9820652, -29.9835243, -29.9838295, -29.9851418, -29.9839134, -29.9836884, -29.9835567, -29.9835911, -29.9833107, -29.9837265
1545.499999999985, -29.7924862, -29.7922821, -29.7914715, -29.7913666, -29.7908382, -29.7907314, -29.7900639, -29.7911663, -29.7901936, -29.791254
1545.599999999985, -29.7098255, -29.7106266, -29.7119064, -29.7113495, -29.7123127, -29.7120075, -29.7115669, -29.7121391, -29.7127018, -29.7124481
1545.6999999999848, -29.7678547, -29.7681751, -29.7681084, -29.7680397, -29.7690926, -29.7682533, -29.7680016, -29.7682323, -29.7687473, -29.7675228
1545.7999999999847, -29.9003162, -29.9002094, -29.8995914, -29.8994331, -29.8987465, -29.8979797, -29.9007378, -29.9003468, -29.8987942, -29.8992844
1545.8999999999846, -29.8713131, -29.870985, -29.8698082, -29.8693008, -29.8694668, -29.8702755, -29.8704109, -29.869894, -29.8713989, -29.8702679
1545.9999999999845, -29.7151203, -29.7132816, -29.7140408, -29.713726, -29.714056, -29.7140045, -29.7143555, -29.7140484, -29.7143059, -29.7128582
1546.0999999999844, -29.6306171, -29.6311684, -29.6315975, -29.6314468, -29.6318512, -29.6313171, -29.6307297, -29.6303253, -29.6297989, -29.6303005
1546.1999999999844, -29.7073879, -29.7067127, -29.7063999, -29.7057877, -29.7057114, -29.7057667, -29.7060757, -29.7060585, -29.7064934, -29.7057476
1546.2999999999843, -29.7895374, -29.7880173, -29.7860088, -29.7864418, -29.7868233, -29.7854977, -29.7846889, -29.7850933, -29.7858696, -29.7849827
1546.3999999999842, -29.7174664, -29.7176132, -29.7179241, -29.7179279, -29.7184887, -29.7178402, -29.7180748, -29.7198048, -29.7208366, -29.7179356
1546.499999999984, -29.5554657, -29.555624, -29.555769, -29.5559158, -29.5549622, -29.5551262, -29.5536861, -29.5539093, -29.5546227, -29.554388
1546.599999999984, -29.5571632, -29.5579262, -29.5590172, -29.5594578, -29.5599594, -29.5597019, -29.5594769, -29.5597019, -29.5595207, -29.5588551
1546.699999999984, -29.6600113, -29.6599541, -29.6593571, -29.6601734, -29.6606045, -29.6602612, -29.6614799, -29.6627598, -29.6625328, -29.6626759
1546.7999999999838, -29.6591034, -29.658123, -29.6583061, -29.6577892, -29.6571865, -29.6596928, -29.6602535, -29.6596031, -29.6613617, -29.6616096
1546.8999999999837, -29.6283131, -29.6282597, -29.6289406, -29.6292191, -29.628437, -29.6284218, -29.6279488, -29.6273956, -29.6269741, -29.6270351
1546.9999999999836, -29.5040398, -29.5037746, -29.5045414, -29.5043964, -29.5039616, -29.5031128, -29.503828, -29.5033283, -29.5022964, -29.5029659
1547.0999999999835, -29.4995537, -29.5009727, -29.4988174, -29.4989147, -29.4991322, -29.499279, -29.4984283, -29.4991322, -29.4986706, -29.4978409
1547.1999999999834, -29.4896927, -29.4915524, -29.4906731, -29.4897213, -29.4910259, -29.4913445, -29.4912395, -29.492733, -29.492487, -29.4909248
1547.2999999999834, -29.5169106, -29.5168018, -29.5152435, -29.514595, -29.514679, -29.5148411, -29.5146503, -29.5151978, -29.5149117, -29.5145569
1547.3999999999833, -29.4681435, -29.4674683, -29.4690475, -29.4685287, -29.4686565, -29.4688644, -29.4682198, -29.4688931, -29.4674911, -29.467989
1547.4999999999832, -29.4067459, -29.4064789, -29.4061794, -29.406786, -29.4060497, -29.4058323, -29.4057808, -29.404686, -29.4037476, -29.404417
1547.599999999983, -29.4232235, -29.4235764, -29.423275, -29.4243946, -29.4261417, -29.4258747, -29.4265118, -29.4279251, -29.4263172, -29.4265614
1547.699999999983, -29.4680653, -29.4677963, -29.4682388, -29.4685574, -29.471117, -29.4706059, -29.4711552, -29.47328, -29.4737015, -29.471899
1547.799999999983, -29.4164143, -29.4172554, -29.4168644, -29.4162083, -29.4193745, -29.416357, -29.4158897, -29.415926, -29.4153862, -29.4161129
1547.8999999999828, -29.4666443, -29.4661484, -29.4660587, -29.4668026, -29.4666386, -29.466629, -29.4663143, -29.4668217, -29.4664345, -29.4670277
1547.9999999999827, -29.3255882, -29.3253517, -29.3239594, -29.3241234, -29.3246078, -29.3239594, -29.3248882, -29.3262272, -29.3265476, -29.3257637
1548.0999999999826, -29.408783, -29.407093, -29.4080715, -29.4090919, -29.4064541, -29.4085274, -29.4087849, -29.4059772, -29.406065, -29.4063549
1548.1999999999825, -29.3025303, -29.3019581, -29.3019962, -29.3024273, -29.3020592, -29.3028316, -29.3023014, -29.3023376, -29.3025417, -29.30233
1548.2999999999824, -29.3698406, -29.3703842, -29.3702412, -29.370575, -29.3705254, -29.3702984, -29.3698368, -29.3701172, -29.3707218, -29.3699512
1548.3999999999824, -29.3101006, -29.309166, -29.3105373, -29.3090134, -29.309164, -29.3097229, -29.3091259, -29.3083687, -29.3081017, -29.3088932
1548.4999999999823, -29.4725933, -29.4641724, -29.4484482, -29.4008942, -29.4147701, -29.4016247, -29.4078026, -29.3969135, -29.388401, -29.3854561
1548.5999999999822, -29.3723259, -29.3736477, -29.3728733, -29.3708763, -29.3661232, -29.3649654, -29.3929996, -29.4062119, -29.4017639, -29.3925152
1548.699999999982, -29.3050652, -29.288723, -29.2869415, -29.2806396, -29.284996, -29.2820263, -29.2810421, -29.2812347, -29.2818642, -29.2811413
1548.799999999982, -29.3277073, -29.3171635, -29.3265591, -29.3224392, -29.325449, -29.3028622, -29.2913742, -29.2895851, -29.2888737, -29.286171
1548.899999999982, -29.3099556, -29.3115768, -29.3122253, -29.309557, -29.3102016, -29.3071632, -29.3076, -29.3076859, -29.3090744, -29.3071747
1548.9999999999818, -29.306242, -29.3060646, -29.3059597, -29.3075294, -29.3065224, -29.3054085, -29.3055763, -29.3053894, -29.3063869, -29.3072739
1549.0999999999817, -29.3295898, -29.3283978, -29.3288517, -29.3289585, -29.3289814, -29.3292542, -29.330801, -29.330061, -29.3309784, -29.3311462
1549.1999999999816, -29.1958408, -29.1949253, -29.1949272, -29.1946793, -29.1964741, -29.1967545, -29.1963043, -29.1969318, -29.1961689, -29.1969528
1549.2999999999815, -29.3071747, -29.3061371, -29.3047314, -29.3054447, -29.3052006, -29.3057632, -29.3054085, -29.3047733, -29.3048229, -29.3062344
1549.3999999999814, -29.3245926, -29.3248653, -29.3240757, -29.323782, -29.3258171, -29.3258591, -29.3244362, -29.3249435, -29.3237724, -29.3235455
1549.4999999999814, -29.4255638, -29.4249153, -29.4253426, -29.4263973, -29.4268932, -29.4276867, -29.4277992, -29.4273529, -29.4273605, -29.4274712
1549.5999999999813, -29.3123722, -29.3121414, -29.311327, -29.3096085, -29.3097115, -29.3093166, -29.3091621, -29.3092136, -29.3088608, -29.3085251
1549.6999999999812, -29.1693306, -29.1686249, -29.1682434, -29.1685085, -29.1702328, -29.1687813, -29.170435, -29.1715469, -29.1678829, -29.1688442
1549.799999999981, -29.2810802, -29.2800674, -29.2811909, -29.2801819, -29.2800255, -29.2818527, -29.2816868, -29.2809391, -29.2815647, -29.2808552
1549.899999999981, -29.3771324, -29.376667, -29.3767834, -29.3768063, -29.3772964, -29.3775883, -29.3777885, -29.37813, -29.3766632, -29.3750896
1549.999999999981, -29.3950195, -29.3935242, -29.3931904, -29.3929596, -29.3927536, -29.391716, -29.3925591, -29.3928909, -29.3921776, -29.3920593
1550.0999999999808, -29.2137356, -29.2133007, -29.2142067, -29.2138863, -29.2154274, -29.2162781, -29.2154083, -29.2144947, -29.2147827, -29.2145996
1550.1999999999807, -29.258997, -29.2573566, -29.2590427, -29.2582989, -29.2557869, -29.2565784, -29.2573299, -29.2576447, -29.2574749, -29.2573624
1550.2999999999806, -29.3017578, -29.3033543, -29.3047066, -29.3020763, -29.3020363, -29.302969, -29.3034153, -29.3016453, -29.3029404, -29.3014832
1550.3999999999805, -29.4254379, -29.4249954, -29.4261646, -29.4282398, -29.4302063, -29.4311256, -29.4313393, -29.431551, -29.4311161, -29.4309845
1550.4999999999804, -29.3607445, -29.3603153, -29.3605824, -29.3610725, -29.3598251, -29.360117, -29.3603745, -29.3591518, -29.3599148, -29.3593407
1550.5999999999804, -29.2244473, -29.2251263, -29.2245159, -29.2246952, -29.2251625, -29.2232933, -29.2245312, -29.2238083, -29.2243423, -29.2239838
1550.6999999999803, -29.2179546, -29.2186832, -29.2186623, -29.2191143, -29.2199097, -29.2203846, -29.2196293, -29.220377, -29.2205772, -29.2184505
1550.7999999999802, -29.335947, -29.3354378, -29.334692, -29.3349056, -29.334898, -29.3342438, -29.3345871, -29.3369293, -29.3356361, -29.3359509
1550.89999999998, -29.3821945, -29.3817024, -29.3815804, -29.3819675, -29.3820076, -29.3816757, -29.381218, -29.3814545, -29.3814106, -29.3816452
1550.99999999998, -29.2976398, -29.2973843, -29.297451, -29.2969952, -29.2964649, -29.2957954, -29.2966576, -29.2962055, -29.2964725, -29.2965488
1551.09999999998, -29.2255936, -29.2267838, -29.2271709, -29.2253971, -29.2255592, -29.2256603, -29.2254391, -29.2266006, -29.2253208, -29.2255135
1551.1999999999798, -29.2920609, -29.2895374, -29.2922974, -29.2934456, -29.2915936, -29.2913914, -29.2913971, -29.2907333, -29.2908592, -29.2915497
1551.2999999999797, -29.3110352, -29.3126621, -29.3103027, -29.30966, -29.3103371, -29.3099651, -29.3111229, -29.3122597, -29.3110981, -29.3095779
1551.3999999999796, -29.3275814, -29.3276768, -29.327837, -29.3274746, -29.3274841, -29.3268051, -29.3269501, -29.3268566, -29.3272839, -29.3268909
1551.4999999999795, -29.2115955, -29.2121582, -29.2112961, -29.2119904, -29.2118568, -29.2125072, -29.2115421, -29.2119637, -29.2125397, -29.212183
1551.5999999999794, -29.1762772, -29.1770649, -29.1769257, -29.1777267, -29.1784477, -29.1767464, -29.176609, -29.1763515, -29.1762371, -29.176321
1551.6999999999794, -29.2177563, -29.2189999, -29.2203064, -29.2200089, -29.2195358, -29.2201443, -29.2192822, -29.2193565, -29.219862, -29.2194099
1551.7999999999793, -29.2531185, -29.2525024, -29.2525387, -29.2522316, -29.2527828, -29.2523537, -29.2522373, -29.2526302, -29.2526283, -29.2524509
1551.8999999999792, -29.1653976, -29.1649017, -29.1646576, -29.1643314, -29.164278, -29.1638832, -29.1640015, -29.1637287, -29.1638622, -29.1642113
1551.999999999979, -29.1679268, -29.166954, -29.1677036, -29.1680813, -29.1684456, -29.1683311, -29.1681061, -29.1684704, -29.1681328, -29.1675072
1552.099999999979, -29.1325111, -29.1318703, -29.1323147, -29.132021, -29.1326542, -29.1327419, -29.1333027, -29.1324978, -29.1319561, -29.1317921
1552.199999999979, -29.2133999, -29.2133408, -29.2132435, -29.2137814, -29.213356, -29.2122536, -29.2125378, -29.2114468, -29.2107525, -29.210659
1552.2999999999788, -29.116354, -29.1166172, -29.1161194, -29.1162548, -29.1159306, -29.1159706, -29.1167889, -29.1166267, -29.1157513, -29.116148
1552.3999999999787, -29.0817947, -29.0817661, -29.0816154, -29.081749, -29.0815945, -29.080822, -29.081192, -29.0814152, -29.0809441, -29.0810852
1552.4999999999786, -29.0544586, -29.0539856, -29.0539303, -29.0535259, -29.0531883, -29.0530376, -29.0529118, -29.0529079, -29.0522003, -29.0526772
1552.5999999999785, -29.1378956, -29.1369514, -29.1365108, -29.1363125, -29.1360874, -29.1364307, -29.1363754, -29.1375713, -29.1372013, -29.1369038
1552.6999999999784, -29.0825481, -29.0827465, -29.0825996, -29.0821991, -29.0822315, -29.0820141, -29.0817471, -29.0822582, -29.0823898, -29.0818825
1552.7999999999784, -28.9797115, -28.9791641, -28.979702, -28.9793606, -28.9789734, -28.9790745, -28.9786873, -28.9785595, -28.9786491, -28.9788532
1552.8999999999783, -28.9804878, -28.9804993, -28.9795532, -28.9782791, -28.9781017, -28.978056, -28.977787, -28.9784184, -28.9786625, -28.9784565
1552.9999999999782, -28.9806042, -28.9813938, -28.982502, -28.9823189, -28.9814682, -28.9812603, -28.9798527, -28.98106, -28.9821701, -28.9815426
1553.099999999978, -29.0427494, -29.0424004, -29.0428162, -29.0427113, -29.0422287, -29.0422745, -29.0425282, -29.0420074, -29.0423412, -29.0424728
1553.199999999978, -29.0104904, -29.0113716, -29.0104275, -29.0108013, -29.0096264, -29.0099487, -29.0101967, -29.0099087, -29.0107574, -29.0110722
1553.299999999978, -28.8568859, -28.856863, -28.8578949, -28.8581581, -28.858263, -28.8585377, -28.8569317, -28.8569088, -28.8574924, -28.8577633
1553.3999999999778, -28.8866825, -28.8870316, -28.8874397, -28.8871422, -28.8875885, -28.8875713, -28.8874092, -28.886713, -28.8869801, -28.8869076
1553.4999999999777, -28.9463596, -28.9466324, -28.9458103, -28.945488, -28.945776, -28.9473419, -28.9474049, -28.9471054, -28.9478168, -28.947607
1553.5999999999776, -28.9952946, -28.9949474, -28.9953632, -28.9956131, -28.9954433, -28.9957237, -28.9955673, -28.9950848, -28.9950047, -28.9951591
1553.6999999999775, -28.7965984, -28.7959442, -28.7955608, -28.7966442, -28.7964592, -28.7957325, -28.7962685, -28.7951031, -28.795536, -28.795742
1553.7999999999774, -28.7372093, -28.7381363, -28.7378063, -28.7391338, -28.740406, -28.741188, -28.7418175, -28.7423801, -28.7425842, -28.7423992
1553.8999999999774, -28.8053017, -28.8047237, -28.8050976, -28.8049507, -28.8055496, -28.8058815, -28.805315, -28.8056374, -28.8065376, -28.8062305
1553.9999999999773, -28.8301888, -28.8297882, -28.830162, -28.8319321, -28.83041, -28.8302612, -28.8306999, -28.8303013, -28.830061, -28.8301849
1554.0999999999772, -28.9280281, -28.9287815, -28.9282799, -28.9284134, -28.9283314, -28.9283142, -28.9276905, -28.9272099, -28.9278374, -28.928133
1554.199999999977, -28.7064667, -28.7055836, -28.7051888, -28.7050076, -28.7056103, -28.7057781, -28.7061596, -28.7069073, -28.7081604, -28.7073078
1554.299999999977, -28.7707424, -28.7709522, -28.7712498, -28.7714252, -28.7714577, -28.7716751, -28.7710571, -28.7713413, -28.7712116, -28.7710342
1554.399999999977, -28.8204117, -28.8196259, -28.8202267, -28.8200645, -28.820982, -28.8204155, -28.8206615, -28.820816, -28.8212261, -28.8206902
1554.4999999999768, -28.9016342, -28.9000244, -28.9006824, -28.8997841, -28.8994389, -28.8993378, -28.8992691, -28.8990192, -28.8991203, -28.8984318
1554.5999999999767, -28.7569427, -28.7578316, -28.7585506, -28.7578716, -28.7563953, -28.7550621, -28.7550564, -28.7548885, -28.7560997, -28.755949
1554.6999999999766, -28.6543827, -28.6551609, -28.6535683, -28.6525707, -28.6524677, -28.6519413, -28.6533508, -28.6543236, -28.6536427, -28.6540585
1554.7999999999765, -28.6699677, -28.6693687, -28.6689014, -28.6692734, -28.6693821, -28.6690216, -28.6686954, -28.6688824, -28.6686649, -28.6686096
1554.8999999999764, -28.7999763, -28.8003693, -28.800972, -28.8010902, -28.8008518, -28.7995319, -28.8001232, -28.8013649, -28.801836, -28.8009872
1554.9999999999764, -28.8070354, -28.80756, -28.8085327, -28.8073444, -28.8064442, -28.8073292, -28.8060799, -28.8059483, -28.8073635, -28.8053188
1555.0999999999763, -28.7428684, -28.7429714, -28.7432594, -28.7429638, -28.7431412, -28.7437611, -28.7428284, -28.7431927, -28.7436562, -28.7433605
1555.1999999999762, -28.6246071, -28.624815, -28.6249657, -28.6250648, -28.6240273, -28.6244469, -28.625227, -28.626545, -28.6249466, -28.6239929
1555.299999999976, -28.7846775, -28.7843781, -28.7848568, -28.7855549, -28.7855701, -28.7858181, -28.7860851, -28.7858372, -28.7861671, -28.7871761
1555.399999999976, -28.7655735, -28.7653008, -28.7652168, -28.7662716, -28.7671738, -28.7666264, -28.7663193, -28.7656174, -28.7651806, -28.7654457
1555.499999999976, -28.7687073, -28.7687645, -28.7690296, -28.7693806, -28.7691574, -28.7687016, -28.7687321, -28.7688923, -28.7690945, -28.7688694
1555.5999999999758, -28.6352196, -28.6334248, -28.6349869, -28.6356258, -28.6348877, -28.634388, -28.6349945, -28.6350098, -28.6348324, -28.6357689
1555.6999999999757, -28.6162319, -28.6161938, -28.6163864, -28.6150074, -28.6147919, -28.6152592, -28.6151371, -28.6158638, -28.6159172, -28.6146946
1555.7999999999756, -28.7419186, -28.7422123, -28.7424088, -28.7420235, -28.7410145, -28.7415047, -28.7413578, -28.7415638, -28.7416096, -28.7416515
1555.8999999999755, -28.7736626, -28.7741241, -28.7750034, -28.7755871, -28.7762623, -28.7762966, -28.7758408, -28.7743702, -28.7747307, -28.7747974
1555.9999999999754, -28.7087479, -28.7085609, -28.7093906, -28.7092457, -28.7088165, -28.7080574, -28.7088547, -28.7087002, -28.7088947, -28.7092934
1556.0999999999754, -28.623558, -28.6241798, -28.6241074, -28.6238594, -28.6249428, -28.6245937, -28.6244545, -28.6248779, -28.6248894, -28.624609
1556.1999999999753, -28.6583385, -28.6579628, -28.6572533, -28.6570129, -28.6563663, -28.6562729, -28.6571465, -28.6568165, -28.6561546, -28.6557407
1556.2999999999752, -28.7768707, -28.7767601, -28.7771721, -28.7769928, -28.7772408, -28.7772007, -28.7761593, -28.776783, -28.776804, -28.7765789
1556.399999999975, -28.7072849, -28.7107563, -28.7124138, -28.7128067, -28.7130833, -28.7125168, -28.7126389, -28.7125263, -28.7128658, -28.7136936
1556.499999999975, -28.6387596, -28.6406021, -28.6411419, -28.6410847, -28.6409492, -28.6396408, -28.6398182, -28.6406422, -28.6395226, -28.6394997
1556.599999999975, -28.6137447, -28.612812, -28.6131897, -28.613533, -28.6140232, -28.6131611, -28.6134186, -28.6138783, -28.6133308, -28.6134815
1556.6999999999748, -28.6296635, -28.6300488, -28.6296902, -28.6306286, -28.6306477, -28.6305027, -28.6306858, -28.6311207, -28.6305885, -28.6310062
1556.7999999999747, -28.7885094, -28.7886181, -28.7885742, -28.7889061, -28.7887859, -28.7888851, -28.7892323, -28.7888222, -28.7895012, -28.7887535
1556.8999999999746, -28.6348228, -28.634922, -28.6347904, -28.6345062, -28.6339111, -28.6337051, -28.632864, -28.6330776, -28.6321964, -28.6342411
1556.9999999999745, -28.6179714, -28.6185074, -28.6193027, -28.618824, -28.6189289, -28.619175, -28.618742, -28.619545, -28.6196728, -28.6193123
1557.0999999999744, -28.5496101, -28.5491257, -28.5488491, -28.5478287, -28.5475464, -28.5483742, -28.5491867, -28.5502167, -28.5492001, -28.5486183
1557.1999999999744, -28.6959724, -28.6958561, -28.6965828, -28.6964569, -28.6979504, -28.698267, -28.6983814, -28.6982155, -28.6978416, -28.6980705
1557.2999999999743, -28.6337299, -28.6343327, -28.6356373, -28.636446, -28.6383381, -28.6389046, -28.6392002, -28.6393929, -28.6393299, -28.6392326
1557.3999999999742, -28.5976715, -28.5982628, -28.5985851, -28.5982361, -28.5982323, -28.5978928, -28.5976276, -28.5970726, -28.5978699, -28.5976238
1557.499999999974, -28.5486469, -28.5467205, -28.5479641, -28.5502605, -28.5491467, -28.5485668, -28.5494232, -28.5488148, -28.5481796, -28.5495358
1557.599999999974, -28.6121902, -28.6110401, -28.6104164, -28.610981, -28.6125488, -28.6096916, -28.6091404, -28.6116867, -28.611227, -28.6107426
1557.699999999974, -28.6876812, -28.6877117, -28.6882229, -28.6879845, -28.6866322, -28.6859303, -28.6853504, -28.6859875, -28.6865158, -28.6864166
1557.7999999999738, -28.6275864, -28.6275845, -28.6267262, -28.627636, -28.6266117, -28.6266212, -28.6260109, -28.6262646, -28.6268234, -28.6266785
1557.8999999999737, -28.5309582, -28.5318775, -28.5314198, -28.5309753, -28.5310001, -28.5304546, -28.5311985, -28.5317459, -28.530941, -28.5312138
1557.9999999999736, -28.5440216, -28.5437088, -28.5429688, -28.5435143, -28.5429974, -28.542408, -28.542387, -28.5422287, -28.5420341, -28.5424004
1558.0999999999735, -28.587698, -28.5871315, -28.5871639, -28.5874805, -28.5879612, -28.5886688, -28.5884819, -28.5870705, -28.5872917, -28.5889835
1558.1999999999734, -28.655426, -28.6568584, -28.6565094, -28.655611, -28.6547947, -28.6544819, -28.655262, -28.6544685, -28.6551247, -28.6537075
1558.2999999999734, -28.5127487, -28.5122833, -28.5124111, -28.5137634, -28.5123329, -28.5129471, -28.5130119, -28.513567, -28.5135307, -28.5129681
1558.3999999999733, -28.5013199, -28.5020199, -28.5020771, -28.5017262, -28.5028286, -28.5023937, -28.5017586, -28.5026035, -28.5028343, -28.5025558
1558.4999999999732, -28.5441246, -28.5440674, -28.5416203, -28.5435219, -28.5436382, -28.5436535, -28.5427589, -28.5438595, -28.5443115, -28.5449486
1558.599999999973, -28.6207047, -28.6208382, -28.6224651, -28.623024, -28.6239872, -28.6254196, -28.6254025, -28.6265888, -28.6253281, -28.6235199
1558.699999999973, -28.5808945, -28.5808353, -28.5805454, -28.5808468, -28.5804958, -28.5814342, -28.5820236, -28.5820885, -28.5815506, -28.5818768
1558.799999999973, -28.4349213, -28.4351349, -28.4354115, -28.4353371, -28.4346542, -28.4342155, -28.4344883, -28.4342003, -28.4337025, -28.4338303
1558.8999999999728, -28.4274921, -28.427803, -28.4273071, -28.4266624, -28.4270172, -28.4259644, -28.4248161, -28.4254055, -28.4255733, -28.4248409
1558.9999999999727, -28.5102844, -28.5109711, -28.5103321, -28.5099888, -28.5107155, -28.511013, -28.5109291, -28.5104504, -28.5105152, -28.5120449
1559.0999999999726, -28.579298, -28.5810261, -28.5803719, -28.5784702, -28.5782986, -28.5767269, -28.5768452, -28.5753059, -28.5749931, -28.5749664
1559.1999999999725, -28.4510098, -28.4506969, -28.4506893, -28.4513092, -28.4505615, -28.4511261, -28.45084, -28.450882, -28.4513321, -28.4522686
1559.2999999999724, -28.3845005, -28.3852882, -28.3862381, -28.3859406, -28.3856297, -28.3854465, -28.3856831, -28.385355, -28.3858891, -28.3849277
1559.3999999999724, -28.3494034, -28.3505135, -28.3497066, -28.3503113, -28.350132, -28.350193, -28.3495655, -28.3507347, -28.3487473, -28.3501835
1559.4999999999723, -28.523447, -28.5225334, -28.5223083, -28.5231552, -28.5228481, -28.5225773, -28.5233116, -28.5229073, -28.5216827, -28.5239277
1559.5999999999722, -28.4868793, -28.4866867, -28.487999, -28.4880066, -28.4878483, -28.4899139, -28.4882812, -28.4885635, -28.4875832, -28.4885712
1559.699999999972, -28.3399372, -28.3391895, -28.3396416, -28.3394184, -28.3393993, -28.3389759, -28.3390522, -28.3392925, -28.3399448, -28.3398781
1559.799999999972, -28.2327785, -28.2328892, -28.2330933, -28.2331676, -28.2334175, -28.2334061, -28.2321987, -28.2330933, -28.2334499, -28.2329426
1559.899999999972, -28.3674889, -28.366663, -28.3668976, -28.3660412, -28.3652687, -28.3654919, -28.3659, -28.3662167, -28.3668098, -28.3657074
1559.9999999999718, -28.4224281, -28.4215679, -28.424015, -28.424408, -28.4250813, -28.4243927, -28.4235134, -28.4244576, -28.4245853, -28.4253254
1560.0999999999717, -28.4389591, -28.4395504, -28.4412766, -28.4413567, -28.4414291, -28.4420567, -28.4402065, -28.4412937, -28.4421444, -28.4421787
1560.1999999999716, -28.2355156, -28.2343998, -28.2355843, -28.2350349, -28.2356911, -28.2357864, -28.2353554, -28.2354336, -28.2351646, -28.2349033
1560.2999999999715, -28.2049122, -28.2056522, -28.2060432, -28.2061329, -28.2067108, -28.2061272, -28.2059574, -28.2061043, -28.2063198, -28.2062931
1560.3999999999714, -28.2902756, -28.2891483, -28.2892838, -28.2891979, -28.2887917, -28.2900696, -28.2905312, -28.2905769, -28.2907619, -28.2887516
1560.4999999999714, -28.3753529, -28.3766136, -28.3752747, -28.3755856, -28.375391, -28.376339, -28.3764648, -28.375658, -28.3741398, -28.3758659
1560.5999999999713, -28.221859, -28.2208652, -28.2202511, -28.220005, -28.2194939, -28.2215195, -28.2219372, -28.2210388, -28.2217197, -28.2206593
1560.6999999999712, -28.1648731, -28.1653519, -28.1650848, -28.1657467, -28.1639767, -28.1641502, -28.1646824, -28.1638546, -28.1647778, -28.1644554
1560.799999999971, -28.1470585, -28.1436749, -28.1437912, -28.1454201, -28.1459179, -28.1454411, -28.1460476, -28.1449032, -28.1446781, -28.1446266
1560.899999999971, -28.2918034, -28.2918129, -28.2923069, -28.29286, -28.2931557, -28.2926388, -28.2931347, -28.2939758, -28.2945042, -28.2937679
1560.999999999971, -28.3186245, -28.3182678, -28.3176804, -28.3177795, -28.3163242, -28.3187637, -28.3180351, -28.3176498, -28.3183403, -28.3191967
1561.0999999999708, -28.2071571, -28.2077465, -28.2077713, -28.2078114, -28.2064533, -28.207798, -28.2074718, -28.2075558, -28.2072601, -28.2073898
1561.1999999999707, -28.1297302, -28.1284428, -28.1282539, -28.1290226, -28.1281834, -28.1280689, -28.1282806, -28.1287956, -28.1280689, -28.1292496
1561.2999999999706, -28.1200695, -28.1195946, -28.1206608, -28.1196671, -28.1187744, -28.1185589, -28.1195812, -28.1192036, -28.1191101, -28.1193314
1561.3999999999705, -28.2604065, -28.260828, -28.2605457, -28.2601032, -28.2594013, -28.2593422, -28.2589092, -28.2590466, -28.259201, -28.2593174
1561.4999999999704, -28.1832466, -28.1831722, -28.1827698, -28.1816521, -28.1814117, -28.1821728, -28.182476, -28.1816196, -28.1820679, -28.1817112
1561.5999999999704, -28.1234169, -28.1241779, -28.1240482, -28.1240025, -28.1251163, -28.1245308, -28.1249046, -28.124609, -28.1249084, -28.1231422
1561.6999999999703, -28.0836601, -28.0818653, -28.0820026, -28.0827503, -28.0838928, -28.0830402, -28.0836563, -28.082634, -28.0834236, -28.0832348
1561.7999999999702, -28.2152576, -28.2178764, -28.2180996, -28.219059, -28.2181206, -28.2168064, -28.2163734, -28.2172508, -28.2175674, -28.2174664
1561.89999999997, -28.2190895, -28.2201099, -28.2204227, -28.2204037, -28.2214203, -28.2215195, -28.2212925, -28.2205296, -28.2201118, -28.219368
1561.99999999997, -28.2164192, -28.217247, -28.2165928, -28.216486, -28.2170029, -28.2173672, -28.2163811, -28.2160072, -28.217123, -28.2173786
1562.09999999997, -28.0805912, -28.081789, -28.0819893, -28.0824356, -28.0828629, -28.0823841, -28.0813599, -28.0823803, -28.0809345, -28.0810165
1562.1999999999698, -28.1562366, -28.1562119, -28.1563358, -28.1559753, -28.1559811, -28.1560917, -28.1557083, -28.1557922, -28.1564083, -28.1563625
1562.2999999999697, -28.2047577, -28.2044373, -28.2050114, -28.2059326, -28.2062931, -28.2051373, -28.2042694, -28.2044983, -28.2049866, -28.2049408
1562.3999999999696, -28.1827927, -28.1827602, -28.182539, -28.1824245, -28.1825275, -28.1817989, -28.1821232, -28.1824856, -28.1816978, -28.1810703
1562.4999999999695, -28.0712032, -28.0721626, -28.0706215, -28.0714283, -28.0709057, -28.0713425, -28.0709572, -28.0699406, -28.0686607, -28.0706825
1562.5999999999694, -28.1353016, -28.1363945, -28.1353683, -28.1384563, -28.1402073, -28.1402931, -28.140955, -28.1415234, -28.1403885, -28.1408253
1562.6999999999694, -28.1773396, -28.1762962, -28.1757374, -28.1747665, -28.1756668, -28.1764202, -28.1759472, -28.1757984, -28.1741543, -28.1742153
1562.7999999999693, -28.2962284, -28.2956429, -28.2958164, -28.2948494, -28.295311, -28.294405, -28.2949085, -28.294672, -28.2947044, -28.2947807
1562.8999999999692, -28.1713581, -28.1718674, -28.172184, -28.1717014, -28.1722794, -28.1717587, -28.1730957, -28.1730156, -28.1728249, -28.1722736
1562.999999999969, -28.0968533, -28.0944462, -28.0936794, -28.0959396, -28.0966148, -28.0960026, -28.0982533, -28.09692, -28.0973263, -28.0985317
1563.099999999969, -28.120142, -28.1216431, -28.1213188, -28.1207066, -28.1215572, -28.1200981, -28.1199169, -28.118988, -28.1182995, -28.1181965
1563.199999999969, -28.2485523, -28.2482853, -28.2488804, -28.2484741, -28.2489395, -28.2486095, -28.2494545, -28.2493534, -28.2510986, -28.2508488
1563.2999999999688, -28.212389, -28.213541, -28.2129822, -28.2123623, -28.2122135, -28.2122269, -28.2128792, -28.2133293, -28.2127686, -28.2129841
1563.3999999999687, -28.0701332, -28.0697098, -28.0686073, -28.0692215, -28.0691853, -28.0696983, -28.0702972, -28.070631, -28.07061, -28.070528
1563.4999999999686, -28.0720901, -28.0731468, -28.0695324, -28.0709915, -28.0711422, -28.0734253, -28.0739803, -28.0741386, -28.0726242, -28.0714149
1563.5999999999685, -28.1166382, -28.1149445, -28.1150856, -28.1163502, -28.1190128, -28.1192989, -28.1216908, -28.1238308, -28.1229782, -28.1228466
1563.6999999999684, -28.2914391, -28.2903652, -28.290432, -28.2902985, -28.2904167, -28.2899227, -28.2908916, -28.290699, -28.2914753, -28.2909966
1563.7999999999683, -28.1744843, -28.1738834, -28.1757641, -28.1746559, -28.175209, -28.1745281, -28.1745281, -28.1749325, -28.1751213, -28.1749821
1563.8999999999683, -28.0550404, -28.0558968, -28.0556602, -28.0558872, -28.0562363, -28.0564384, -28.0565205, -28.0566692, -28.0569019, -28.0572433
1563.9999999999682, -27.9733658, -27.9735184, -27.9737892, -27.9746857, -27.9742966, -27.9737015, -27.972084, -27.9730835, -27.9737053, -27.9725857
1564.099999999968, -28.1575489, -28.1589298, -28.1586151, -28.1590462, -28.1587162, -28.1583347, -28.1589928, -28.1576328, -28.1582317, -28.1585484
1564.199999999968, -28.2133884, -28.2131691, -28.2140656, -28.2145348, -28.2142048, -28.2147655, -28.2144356, -28.2145061, -28.2148628, -28.214323
1564.299999999968, -28.0764236, -28.0778618, -28.0792465, -28.0815468, -28.0823517, -28.0824127, -28.0823135, -28.0835571, -28.0829449, -28.0834312
1564.3999999999678, -27.9286423, -27.9331455, -27.9382973, -27.941925, -27.9438763, -27.9449501, -27.9445782, -27.9442902, -27.9450188, -27.9449406
1564.4999999999677, -27.9993229, -27.9970703, -27.993927, -27.9922829, -27.9939442, -27.9936428, -27.9940395, -27.9938831, -27.9947033, -27.9929771
1564.5999999999676, -28.075922, -28.0756321, -28.0758801, -28.0750942, -28.0745945, -28.0743198, -28.0743313, -28.0744495, -28.0755253, -28.0748615
1564.6999999999675, -28.1556129, -28.1544971, -28.1557789, -28.1558514, -28.1559372, -28.1556149, -28.1556492, -28.1550198, -28.1548119, -28.1548138
1564.7999999999674, -27.9489708, -27.9495106, -27.9494572, -27.9486942, -27.9490395, -27.9479961, -27.9477825, -27.9479656, -27.9485664, -27.9483242
1564.8999999999673, -27.8931465, -27.8933296, -27.8928757, -27.8927708, -27.8927345, -27.8922977, -27.8929443, -27.892086, -27.8927288, -27.8917847
1564.9999999999673, -27.8927803, -27.8928013, -27.8934269, -27.8934326, -27.8928547, -27.8923149, -27.8931866, -27.8926048, -27.8937302, -27.8929005
1565.0999999999672, -28.0858459, -28.0867672, -28.0872383, -28.0871086, -28.0875626, -28.0868168, -28.0872326, -28.0871983, -28.0873928, -28.0876598
1565.199999999967, -27.9781151, -27.9772873, -27.9766693, -27.9773731, -27.9775734, -27.9782009, -27.9781227, -27.9788208, -27.9791222, -27.9785767
1565.299999999967, -27.8729935, -27.869566, -27.8650208, -27.8621178, -27.861145, -27.863409, -27.8657703, -27.8673096, -27.8682499, -27.8670235
1565.399999999967, -27.817564, -27.8174572, -27.8183899, -27.8179417, -27.817852, -27.8163986, -27.8165627, -27.8160362, -27.8160305, -27.8163395
1565.4999999999668, -27.8460064, -27.8465405, -27.8469543, -27.8464489, -27.8467979, -27.8462315, -27.8467846, -27.8465195, -27.8468876, -27.8472652
1565.5999999999667, -27.9591122, -27.9585571, -27.9594288, -27.9597855, -27.9593811, -27.9593105, -27.9604454, -27.9593124, -27.9595757, -27.9605389
1565.6999999999666, -27.8008747, -27.7999859, -27.8010693, -27.8003941, -27.8002605, -27.800499, -27.7999191, -27.7987499, -27.7991543, -27.7995853
1565.7999999999665, -27.7329636, -27.7329082, -27.7336788, -27.7347393, -27.7343273, -27.7332649, -27.7328873, -27.7331619, -27.7323132, -27.7331676
1565.8999999999664, -27.6995869, -27.6980877, -27.6985054, -27.6984062, -27.6986122, -27.6983547, -27.6991482, -27.6997566, -27.6995296, -27.6987324
1565.9999999999663, -27.8374977, -27.8361931, -27.8374043, -27.8373585, -27.8371067, -27.8369122, -27.8367615, -27.8362122, -27.8367062, -27.8368645
1566.0999999999663, -27.799902, -27.7994938, -27.7996635, -27.7976551, -27.7974129, -27.7977924, -27.7983055, -27.7986927, -27.797863, -27.7978439
1566.1999999999662, -27.7257576, -27.7264423, -27.7280903, -27.7293701, -27.7319145, -27.7324257, -27.735014, -27.7385941, -27.7386894, -27.7390556
1566.299999999966, -27.6179829, -27.6206074, -27.6192722, -27.617897, -27.6162815, -27.6173229, -27.6158066, -27.6150131, -27.6151676, -27.6150303
1566.399999999966, -27.6917152, -27.6900558, -27.6908741, -27.6907501, -27.6902065, -27.6903038, -27.6893501, -27.6899643, -27.6888676, -27.6900005
1566.499999999966, -27.7223835, -27.72295, -27.7224178, -27.7217407, -27.7219677, -27.7222557, -27.7217121, -27.7211819, -27.720932, -27.7197056
1566.5999999999658, -27.6978226, -27.6965942, -27.6943874, -27.6947708, -27.6962261, -27.6953487, -27.6955242, -27.6948853, -27.6955376, -27.6946011
1566.6999999999657, -27.5103302, -27.5096741, -27.509407, -27.5117874, -27.5114098, -27.5094643, -27.5092201, -27.5095081, -27.5082588, -27.5084267
1566.7999999999656, -27.6002388, -27.6012268, -27.6004333, -27.6009312, -27.6008625, -27.6005096, -27.5996361, -27.6062469, -27.6026783, -27.603632
1566.8999999999655, -27.6069374, -27.6066074, -27.6066952, -27.6068497, -27.6068382, -27.6069546, -27.6066265, -27.6059589, -27.6058865, -27.6065407
1566.9999999999654, -27.7441235, -27.7444305, -27.7439499, -27.7444363, -27.7436428, -27.7435036, -27.7433777, -27.7422333, -27.7430248, -27.7425442
1567.0999999999653, -27.5282612, -27.5302525, -27.5309219, -27.5316296, -27.5316238, -27.5317059, -27.533371, -27.5359001, -27.5399399, -27.5394859
1567.1999999999653, -27.4971657, -27.498188, -27.4976597, -27.4971313, -27.4991627, -27.4971962, -27.4977608, -27.4976654, -27.4977989, -27.4971657
1567.2999999999652, -27.5282536, -27.5265102, -27.5280437, -27.5273361, -27.5286484, -27.5275955, -27.5264378, -27.5271645, -27.5251045, -27.5263653
1567.399999999965, -27.5849705, -27.5852509, -27.5845413, -27.5842953, -27.5839405, -27.5841007, -27.5842819, -27.5842533, -27.5854855, -27.5857735
1567.499999999965, -27.662571, -27.6626129, -27.6635532, -27.6628342, -27.6623058, -27.661272, -27.6613445, -27.6599998, -27.6602688, -27.6597805
1567.599999999965, -27.4309616, -27.4295177, -27.429184, -27.4297009, -27.4287243, -27.4295292, -27.4298191, -27.4301891, -27.4303341, -27.4286346
1567.6999999999648, -27.4871101, -27.4861355, -27.4857311, -27.4852829, -27.4853287, -27.4849606, -27.4846859, -27.4850101, -27.4849262, -27.4844303
1567.7999999999647, -27.4946804, -27.4942303, -27.4950542, -27.4953938, -27.4954433, -27.495863, -27.4952679, -27.4959412, -27.4958191, -27.4954605
1567.8999999999646, -27.6625481, -27.6623631, -27.6618748, -27.6595707, -27.6586113, -27.6583767, -27.6582623, -27.6590824, -27.659338, -27.6592522
1567.9999999999645, -27.5205154, -27.5245323, -27.5272999, -27.5298004, -27.5294456, -27.5270863, -27.5270576, -27.5273724, -27.5281391, -27.5299721
1568.0999999999644, -27.4579697, -27.4582424, -27.457531, -27.4557533, -27.456049, -27.4544125, -27.4534645, -27.4517136, -27.4515038, -27.4506989
1568.1999999999643, -27.4034233, -27.4018078, -27.4019413, -27.4014034, -27.4026165, -27.4017162, -27.4012432, -27.4013462, -27.4019737, -27.402317
1568.2999999999643, -27.5188885, -27.5179844, -27.5189819, -27.5181026, -27.5171089, -27.5169144, -27.5168724, -27.5179176, -27.5182018, -27.5175285
1568.3999999999642, -27.6060925, -27.6067657, -27.6057816, -27.6054688, -27.6057625, -27.6058712, -27.6060982, -27.6068497, -27.6069565, -27.6064587
1568.499999999964, -27.5588799, -27.5586948, -27.5574265, -27.557972, -27.5577946, -27.5573177, -27.5572128, -27.5566254, -27.5569172, -27.5572777
1568.599999999964, -27.416811, -27.4166164, -27.4171677, -27.4169617, -27.4168053, -27.4161682, -27.4166451, -27.4166946, -27.4164677, -27.4168987
1568.699999999964, -27.5092754, -27.5090218, -27.509409, -27.5092316, -27.5086498, -27.5093727, -27.5099144, -27.5095062, -27.5093746, -27.5101414
1568.7999999999638, -27.5589542, -27.5602798, -27.5598583, -27.5589256, -27.559927, -27.5612755, -27.5628223, -27.5613518, -27.5619507, -27.5606918
1568.8999999999637, -27.6283836, -27.6327496, -27.6377296, -27.6406651, -27.6419621, -27.6423206, -27.6412716, -27.6371937, -27.6360111, -27.6358814
1568.9999999999636, -27.4662495, -27.4676361, -27.466938, -27.4667759, -27.4660892, -27.4658184, -27.4667854, -27.4676018, -27.4676037, -27.4678059
1569.0999999999635, -27.4092999, -27.4094391, -27.4096909, -27.4094372, -27.4094524, -27.4097595, -27.4098339, -27.4110527, -27.411129, -27.4101963
1569.1999999999634, -27.453104, -27.4522438, -27.4537506, -27.4529877, -27.4517059, -27.4523449, -27.4524956, -27.4523582, -27.4522171, -27.4520092
1569.2999999999633, -27.5543213, -27.553915, -27.5538349, -27.5542355, -27.5546169, -27.554266, -27.5542145, -27.554266, -27.5544262, -27.5542011
1569.3999999999633, -27.6186504, -27.6184883, -27.6183147, -27.6197853, -27.619463, -27.6199303, -27.6198826, -27.6198463, -27.6197128, -27.6196957
1569.4999999999632, -27.4314957, -27.4314365, -27.430788, -27.4302216, -27.4299068, -27.4306602, -27.4306717, -27.431385, -27.4304218, -27.4303436
1569.599999999963, -27.4885292, -27.489563, -27.4899883, -27.4894867, -27.4892769, -27.488924, -27.4881935, -27.4889927, -27.4890709, -27.4895535
1569.699999999963, -27.4989586, -27.4998112, -27.4998627, -27.4985142, -27.4979496, -27.4989548, -27.4994659, -27.500206, -27.500967, -27.5023212
1569.799999999963, -27.6012726, -27.5978794, -27.5965061, -27.5955486, -27.5961876, -27.5983162, -27.5996513, -27.6002274, -27.5992718, -27.5980778
1569.8999999999628, -27.4392796, -27.4409847, -27.4412746, -27.4417477, -27.4430065, -27.4443779, -27.4446697, -27.4462204, -27.4473705, -27.4471226
1569.9999999999627, -27.3962955, -27.3966656, -27.3951912, -27.3955231, -27.3952675, -27.3948746, -27.3948975, -27.3940926, -27.3938046, -27.3946381
1570.0999999999626, -27.3743725, -27.3729744, -27.3730469, -27.3736477, -27.3734646, -27.3734531, -27.3726749, -27.3733177, -27.3726768, -27.3737869
1570.1999999999625, -27.5015507, -27.5009003, -27.5011234, -27.5015297, -27.5014057, -27.5016651, -27.5022774, -27.5017567, -27.5015182, -27.5011902
1570.2999999999624, -27.5066547, -27.5067329, -27.5071297, -27.5071392, -27.5073376, -27.5069389, -27.5073166, -27.5085239, -27.508131, -27.5079765
1570.3999999999623, -27.4258442, -27.4253578, -27.4252262, -27.4254761, -27.4252319, -27.425169, -27.4253407, -27.4264069, -27.4265842, -27.4259014
1570.4999999999623, -27.3008614, -27.3003654, -27.3002701, -27.3003006, -27.3000145, -27.3004818, -27.3011036, -27.3004837, -27.301054, -27.301384
1570.5999999999622, -27.4200401, -27.4179726, -27.4176083, -27.4202366, -27.419817, -27.4191799, -27.4201698, -27.4191341, -27.420208, -27.4205399
1570.699999999962, -27.4521427, -27.4492512, -27.4444046, -27.4398365, -27.4404354, -27.4392109, -27.4393234, -27.4385128, -27.4379559, -27.4375763
1570.799999999962, -27.4050312, -27.4074535, -27.4100838, -27.4123287, -27.4141178, -27.4135323, -27.414917, -27.4146595, -27.4152107, -27.4152241
1570.899999999962, -27.289259, -27.290411, -27.288744, -27.2891121, -27.2887478, -27.289299, -27.2890453, -27.289465, -27.2895451, -27.28969
1570.9999999999618, -27.2400799, -27.2387695, -27.2384758, -27.2385292, -27.2384148, -27.2383938, -27.2396412, -27.2396183, -27.2397614, -27.2395153
