wavelength_nm ,power_reading_0_dbm ,power_reading_1_dbm ,power_reading_2_dbm ,power_reading_3_dbm ,power_reading_4_dbm ,power_reading_5_dbm ,power_reading_6_dbm ,power_reading_7_dbm ,power_reading_8_dbm ,power_reading_9_dbm 
1539.0, -18.2023411, -18.2019596, -18.2002811, -18.1986504, -18.1983128, -18.1972103, -18.1976337, -18.1977997, -18.1973667, -18.1979332
1539.1, -17.050581, -17.0500011, -17.0496979, -17.0493393, -17.0495129, -17.0496407, -17.0495358, -17.0496712, -17.0494366, -17.0492325
1539.1999999999998, -18.0512505, -18.0520916, -18.0524483, -18.0519581, -18.0520878, -18.051548, -18.05229, -18.0520458, -18.0521507, -18.0523071
1539.2999999999997, -17.2874947, -17.2876091, -17.2875652, -17.2878876, -17.2877731, -17.287962, -17.2877445, -17.2871361, -17.2865639, -17.286314
1539.3999999999996, -18.290102, -18.289463, -18.2900009, -18.290123, -18.2900848, -18.2906151, -18.2895679, -18.2903576, -18.2915077, -18.2914867
1539.4999999999995, -17.315527, -17.3153839, -17.3156681, -17.3155403, -17.3152008, -17.3152103, -17.3155098, -17.3159542, -17.3162804, -17.31604
1539.5999999999995, -17.8959637, -17.8950481, -17.8942471, -17.8943863, -17.8947926, -17.895174, -17.8948307, -17.8953648, -17.8947868, -17.8946381
1539.6999999999994, -17.4583683, -17.4581242, -17.459547, -17.4603996, -17.4599762, -17.4595108, -17.4590263, -17.4594574, -17.4615688, -17.463131
1539.7999999999993, -18.3028393, -18.3033295, -18.3034534, -18.3034058, -18.3026314, -18.3023796, -18.3032475, -18.3034496, -18.303196, -18.3033695
1539.8999999999992, -17.2377071, -17.2379169, -17.2374821, -17.2372932, -17.2373791, -17.2379055, -17.2377319, -17.2379093, -17.2377186, -17.2383347
1539.999999999999, -18.144804, -18.1449127, -18.1450443, -18.1448898, -18.1445274, -18.1447659, -18.1444206, -18.1448326, -18.1447048, -18.1445084
1540.099999999999, -17.160408, -17.1600914, -17.1602402, -17.1602345, -17.1597424, -17.15975, -17.1594486, -17.1592579, -17.1591663, -17.1594124
1540.199999999999, -18.3001461, -18.3001041, -18.300642, -18.3013287, -18.301281, -18.3014145, -18.3013992, -18.3011894, -18.3017464, -18.3014946
1540.2999999999988, -17.3189316, -17.3188057, -17.3185921, -17.3184834, -17.3183212, -17.318491, -17.3188705, -17.3186874, -17.3188076, -17.3186817
1540.3999999999987, -18.1823597, -18.1827354, -18.1828995, -18.1826057, -18.1827831, -18.1836147, -18.1839256, -18.1840172, -18.1846352, -18.185297
1540.4999999999986, -17.2217331, -17.2227402, -17.2223244, -17.2219868, -17.2221603, -17.22258, -17.2223892, -17.2230549, -17.2233925, -17.2235031
1540.5999999999985, -18.2039337, -18.2043514, -18.2054234, -18.2046242, -18.2047596, -18.2048931, -18.2045918, -18.2048588, -18.2048187, -18.2065125
1540.6999999999985, -17.289793, -17.2898769, -17.2900505, -17.2910328, -17.2909222, -17.2909737, -17.2902966, -17.2895317, -17.2892303, -17.289875
1540.7999999999984, -18.1520844, -18.151947, -18.1521225, -18.1523151, -18.1518021, -18.1513577, -18.1514339, -18.1517544, -18.1521454, -18.152792
1540.8999999999983, -17.2055492, -17.2050419, -17.2053661, -17.2044659, -17.204401, -17.2044849, -17.2043781, -17.2035866, -17.2045403, -17.2045174
1540.9999999999982, -18.0058594, -18.0064735, -18.0064621, -18.006506, -18.0054436, -18.00564, -18.0065842, -18.0065308, -18.0059376, -18.0065556
1541.099999999998, -17.2948036, -17.2950249, -17.2956753, -17.2964478, -17.2964859, -17.2958698, -17.2954807, -17.2952404, -17.2952137, -17.2946873
1541.199999999998, -18.2400951, -18.2405853, -18.2408962, -18.2410507, -18.2410831, -18.2409325, -18.2416477, -18.2421951, -18.2427502, -18.2434864
1541.299999999998, -17.0313148, -17.0316257, -17.0311546, -17.0315514, -17.0312119, -17.0310898, -17.0351791, -17.0359268, -17.0364208, -17.0363216
1541.3999999999978, -18.0352802, -18.0351677, -18.0359287, -18.0361977, -18.0362358, -18.0366173, -18.0358925, -18.0353813, -18.0348873, -18.0352612
1541.4999999999977, -17.1424866, -17.1421623, -17.1416874, -17.1411686, -17.1416721, -17.142374, -17.1425037, -17.14254, -17.1426067, -17.1428871
1541.5999999999976, -18.1061192, -18.1056385, -18.106102, -18.1058826, -18.1061382, -18.1059723, -18.1062145, -18.1069927, -18.1073437, -18.1077042
1541.6999999999975, -17.4169216, -17.4167042, -17.4167881, -17.4152622, -17.4155064, -17.4155521, -17.4156761, -17.416008, -17.4164639, -17.4148235
1541.7999999999975, -17.7199459, -17.7199669, -17.719389, -17.7199631, -17.7201805, -17.7192974, -17.7192116, -17.7193432, -17.7193851, -17.7191944
1541.8999999999974, -17.2151737, -17.2152348, -17.2148705, -17.2153378, -17.215538, -17.2153835, -17.215971, -17.2163944, -17.2157497, -17.2158623
1541.9999999999973, -18.0551205, -18.0557289, -18.0562878, -18.0560722, -18.0574169, -18.0567837, -18.0567188, -18.0563507, -18.0556717, -18.0556145
1542.0999999999972, -17.214365, -17.2138767, -17.2136574, -17.2149429, -17.2146683, -17.2145576, -17.2128506, -17.2136955, -17.2143784, -17.2144794
1542.199999999997, -17.9820042, -17.9828072, -17.9826717, -17.9823818, -17.982542, -17.9826088, -17.9828568, -17.9831085, -17.9826393, -17.9823284
1542.299999999997, -16.938324, -16.9384384, -16.9383125, -16.9381313, -16.9378891, -16.9377728, -16.9376907, -16.9378319, -16.9380817, -16.9380074
1542.399999999997, -17.9502392, -17.9498463, -17.9530296, -17.952137, -17.9525967, -17.9537125, -17.9543381, -17.9556389, -17.9550304, -17.9545841
1542.4999999999968, -17.650959, -17.651968, -17.6531429, -17.6539421, -17.6548252, -17.6551476, -17.6534958, -17.6519375, -17.6520138, -17.6512508
1542.5999999999967, -17.5663223, -17.5669861, -17.5673504, -17.5669994, -17.5670891, -17.5672321, -17.5673065, -17.5666256, -17.5657711, -17.5654049
1542.6999999999966, -17.5800533, -17.5812283, -17.5816231, -17.580122, -17.5790577, -17.57827, -17.5779667, -17.578064, -17.5784473, -17.5775719
1542.7999999999965, -17.5700817, -17.5702991, -17.5705032, -17.569315, -17.5690403, -17.5693798, -17.5692425, -17.5694256, -17.5694675, -17.5697021
1542.8999999999965, -17.5556908, -17.5542603, -17.5541859, -17.5536175, -17.553894, -17.5547867, -17.554512, -17.5533218, -17.5523968, -17.5529594
1542.9999999999964, -17.9397125, -17.939476, -17.9394016, -17.9389782, -17.9397316, -17.9398136, -17.9393864, -17.9390488, -17.9382343, -17.9382305
1543.0999999999963, -17.1562099, -17.1559334, -17.1558666, -17.1565857, -17.1566372, -17.1567307, -17.1566811, -17.1567192, -17.1567745, -17.1564789
1543.1999999999962, -17.8631706, -17.8617554, -17.8608761, -17.8609276, -17.8612423, -17.8653374, -17.8658237, -17.8660698, -17.8657646, -17.866415
1543.299999999996, -17.6086655, -17.6100826, -17.6100807, -17.6103077, -17.6101055, -17.6100368, -17.6094589, -17.6094208, -17.608942, -17.609684
1543.399999999996, -17.5589142, -17.5597973, -17.5609055, -17.5618706, -17.5617905, -17.5614643, -17.5614777, -17.5617275, -17.5616436, -17.561451
1543.499999999996, -18.0626888, -18.0636005, -18.0642757, -18.0647964, -18.064703, -18.0652409, -18.0642433, -18.0638084, -18.0640392, -18.064764
1543.5999999999958, -17.3467579, -17.3464851, -17.3458385, -17.3464413, -17.3463955, -17.3454361, -17.3454514, -17.3455334, -17.3466358, -17.3469086
1543.6999999999957, -17.88307, -17.8832054, -17.8826294, -17.8826523, -17.8831921, -17.8845177, -17.8844109, -17.8834629, -17.8829117, -17.8833084
1543.7999999999956, -17.7002525, -17.7004414, -17.7017365, -17.7011471, -17.7006092, -17.7005577, -17.7006683, -17.700491, -17.7003212, -17.7007256
1543.8999999999955, -17.8190384, -17.8195324, -17.81917, -17.820303, -17.8197269, -17.8173447, -17.8168926, -17.817522, -17.8179169, -17.8185387
1543.9999999999955, -17.8263626, -17.8269062, -17.8282242, -17.828373, -17.8305206, -17.8303814, -17.8286819, -17.828474, -17.8275223, -17.827877
1544.0999999999954, -17.7813129, -17.7823925, -17.7823544, -17.7821884, -17.7821636, -17.7818489, -17.7817764, -17.7825775, -17.7828426, -17.7833214
1544.1999999999953, -17.3883419, -17.3876991, -17.3912868, -17.3938904, -17.3944683, -17.3940887, -17.3947601, -17.3968945, -17.3976135, -17.3977737
1544.2999999999952, -18.375576, -18.3760796, -18.3759117, -18.3754597, -18.3753967, -18.3748131, -18.3746147, -18.3756065, -18.3761406, -18.3748074
1544.399999999995, -17.3300724, -17.3298264, -17.32934, -17.3295918, -17.3303585, -17.3304482, -17.3304634, -17.330307, -17.3306961, -17.3308601
1544.499999999995, -18.3662567, -18.3669434, -18.3673058, -18.3670845, -18.3678284, -18.3675117, -18.367548, -18.3676758, -18.3676701, -18.3677082
1544.599999999995, -17.3483219, -17.3482399, -17.3473969, -17.3484688, -17.3484993, -17.3481369, -17.3481998, -17.348568, -17.3486137, -17.3481674
1544.6999999999948, -18.3102283, -18.3095837, -18.3092308, -18.3092175, -18.3095303, -18.308569, -18.3089619, -18.3098621, -18.3090496, -18.3090763
1544.7999999999947, -17.6687336, -17.6701145, -17.6709881, -17.6709404, -17.669838, -17.6685982, -17.6695156, -17.66889, -17.6702499, -17.6713715
1544.8999999999946, -18.1794796, -18.179081, -18.1791935, -18.1801605, -18.1806164, -18.1800785, -18.1793957, -18.1787033, -18.1803341, -18.1810894
1544.9999999999945, -17.4175186, -17.4155521, -17.4158325, -17.4161015, -17.415823, -17.4155979, -17.4154205, -17.4149361, -17.4134312, -17.4133224
1545.0999999999945, -18.3797874, -18.3800697, -18.3798542, -18.379837, -18.379858, -18.3805866, -18.3807487, -18.3805733, -18.3811913, -18.3811264
1545.1999999999944, -17.4857635, -17.4860325, -17.4859562, -17.4856243, -17.4850731, -17.4863205, -17.4859066, -17.4855804, -17.4861774, -17.4848671
1545.2999999999943, -18.5016918, -18.5019836, -18.502367, -18.5026398, -18.5026588, -18.5029507, -18.5028458, -18.5026665, -18.5011463, -18.5007801
1545.3999999999942, -17.305603, -17.3057289, -17.305624, -17.3055992, -17.3051052, -17.3067303, -17.3065052, -17.3066406, -17.3065434, -17.3064117
1545.499999999994, -18.442255, -18.4423618, -18.4428768, -18.443758, -18.4440613, -18.4439812, -18.4437656, -18.4441147, -18.4439754, -18.4442539
1545.599999999994, -17.486063, -17.4887352, -17.4892788, -17.4882603, -17.4882603, -17.4877338, -17.4878578, -17.4878788, -17.4876385, -17.4883633
1545.699999999994, -18.5521297, -18.5522709, -18.5523415, -18.5528164, -18.5530586, -18.5519257, -18.5520897, -18.5524578, -18.5525284, -18.55266
1545.7999999999938, -17.3796825, -17.3800278, -17.3806858, -17.3807049, -17.3822956, -17.3819656, -17.3810806, -17.3811665, -17.3813, -17.3816299
1545.8999999999937, -18.4893456, -18.4901638, -18.4907417, -18.489933, -18.4903011, -18.4898777, -18.4912624, -18.4907551, -18.4903526, -18.489996
1545.9999999999936, -17.4525661, -17.4517002, -17.4517632, -17.4516602, -17.4520016, -17.4513092, -17.4503727, -17.4516926, -17.4520626, -17.4517269
1546.0999999999935, -18.425518, -18.4256878, -18.4260235, -18.4251347, -18.4235687, -18.4228077, -18.4228954, -18.4232693, -18.4228554, -18.4223919
1546.1999999999935, -17.7629242, -17.7631874, -17.7632904, -17.7639427, -17.7641907, -17.763258, -17.7643929, -17.7641506, -17.7652416, -17.7652302
1546.2999999999934, -18.3274326, -18.3274155, -18.327734, -18.3272324, -18.3275375, -18.327528, -18.3276501, -18.3280563, -18.3275318, -18.3266754
1546.3999999999933, -17.3494968, -17.3498383, -17.3494415, -17.3492775, -17.3494873, -17.3492184, -17.3496799, -17.3494625, -17.3486595, -17.3491516
1546.4999999999932, -18.5293884, -18.5297451, -18.5292282, -18.5291615, -18.5297089, -18.5300846, -18.528904, -18.5291843, -18.5290852, -18.5289917
1546.599999999993, -17.51404, -17.5128727, -17.5142403, -17.5152321, -17.5149689, -17.5153961, -17.5154533, -17.5148582, -17.5144157, -17.5149632
1546.699999999993, -18.471241, -18.4711418, -18.4710197, -18.4715176, -18.4727612, -18.4720402, -18.4719772, -18.472353, -18.4731827, -18.4747391
1546.799999999993, -17.6603928, -17.6623688, -17.6616364, -17.6598511, -17.6596889, -17.6603966, -17.6608086, -17.6609154, -17.6606598, -17.6619072
1546.8999999999928, -18.0361576, -18.0368996, -18.0378628, -18.0379562, -18.0383892, -18.0385723, -18.0388985, -18.0389118, -18.0397453, -18.0401497
1546.9999999999927, -18.0912437, -18.0928421, -18.0929279, -18.0928783, -18.0936909, -18.093544, -18.0938129, -18.0936222, -18.0949516, -18.0947304
1547.0999999999926, -18.0422363, -18.0436783, -18.0448875, -18.0445175, -18.043581, -18.0449028, -18.0438805, -18.0442314, -18.0437908, -18.043848
1547.1999999999925, -17.8412247, -17.8413029, -17.8414593, -17.8413143, -17.8399048, -17.8397522, -17.8385105, -17.8393326, -17.8396702, -17.8406467
1547.2999999999925, -18.2083988, -18.2069798, -18.2071171, -18.2074108, -18.2080631, -18.2088928, -18.2082996, -18.2084141, -18.2088699, -18.2080917
1547.3999999999924, -17.6387596, -17.6384888, -17.6389313, -17.6391182, -17.638382, -17.6386147, -17.638382, -17.6381817, -17.6377945, -17.6374321
1547.4999999999923, -18.3818645, -18.3812485, -18.3818016, -18.3827991, -18.3826809, -18.382515, -18.382267, -18.3807068, -18.3810253, -18.381855
1547.5999999999922, -17.795042, -17.7955303, -17.7955475, -17.7958012, -17.7952232, -17.7956333, -17.7952118, -17.7937527, -17.7940197, -17.7951813
1547.699999999992, -17.8560524, -17.8533688, -17.8538094, -17.8538189, -17.8541431, -17.8543625, -17.8551044, -17.8551693, -17.8550243, -17.8554516
1547.799999999992, -18.2610264, -18.2615948, -18.2617702, -18.262188, -18.262476, -18.2628422, -18.2629986, -18.2624836, -18.2626038, -18.2625713
1547.899999999992, -17.6364803, -17.6373291, -17.6362953, -17.6363258, -17.6373863, -17.6376038, -17.636837, -17.6371574, -17.6379929, -17.6385937
1547.9999999999918, -18.3987617, -18.3988266, -18.3996353, -18.3987122, -18.3978653, -18.3971119, -18.3973713, -18.3979454, -18.3986626, -18.3984222
1548.0999999999917, -17.7165871, -17.7163773, -17.7154217, -17.7157059, -17.7161751, -17.7163658, -17.7157955, -17.7164249, -17.7157364, -17.7150707
1548.1999999999916, -18.0644093, -18.064415, -18.0639954, -18.0637417, -18.0629578, -18.0624714, -18.0641212, -18.0644264, -18.0633602, -18.0635242
1548.2999999999915, -17.9828339, -17.9834023, -17.9833603, -17.9838028, -17.9846649, -17.9849777, -17.9848099, -17.9849148, -17.9846363, -17.9847927
1548.3999999999915, -18.1174717, -18.1180744, -18.1169815, -18.1096363, -18.110693, -18.1120434, -18.1107044, -18.1087666, -18.113224, -18.1148472
1548.4999999999914, -17.7123814, -17.7048969, -17.7030029, -17.7015018, -17.7002316, -17.7001781, -17.6998177, -17.6997566, -17.699543, -17.7001534
1548.5999999999913, -18.5745106, -18.5741863, -18.5734711, -18.5724792, -18.57304, -18.5739422, -18.5726433, -18.5725155, -18.5729923, -18.5726681
1548.6999999999912, -17.330698, -17.3302689, -17.330204, -17.3292046, -17.3281918, -17.3283787, -17.3273849, -17.3220444, -17.3184109, -17.3183422
1548.799999999991, -18.5293655, -18.5287094, -18.5293293, -18.5301437, -18.5306034, -18.5303516, -18.5302849, -18.5297146, -18.5287304, -18.5280228
1548.899999999991, -17.4931717, -17.4923954, -17.4924946, -17.4938164, -17.4935055, -17.493454, -17.4932594, -17.4947147, -17.4947262, -17.4938316
1548.999999999991, -18.6167774, -18.6173687, -18.6174908, -18.6175137, -18.6174984, -18.61726, -18.6173439, -18.6166153, -18.6157188, -18.6129723
1549.0999999999908, -17.5067196, -17.5070553, -17.506258, -17.507206, -17.5077057, -17.5082779, -17.5075741, -17.5086765, -17.508955, -17.5099144
1549.1999999999907, -18.3795872, -18.3859825, -18.3923321, -18.3948784, -18.3992233, -18.3995972, -18.400238, -18.3999443, -18.4011116, -18.4020424
1549.2999999999906, -17.7001953, -17.7309895, -17.745224, -17.7501087, -17.7524033, -17.7551804, -17.7595215, -17.7620926, -17.762928, -17.7624607
1549.3999999999905, -18.7475624, -18.7486076, -18.7477303, -18.7482319, -18.7491684, -18.7487469, -18.7483273, -18.7481079, -18.7476692, -18.7477417
1549.4999999999905, -17.4081402, -17.4074383, -17.4060059, -17.4029636, -17.4016418, -17.4018326, -17.4027138, -17.4031143, -17.4024143, -17.402113
1549.5999999999904, -18.4999065, -18.5000114, -18.5000095, -18.5002689, -18.5009918, -18.5004807, -18.5000572, -18.5006714, -18.500948, -18.5007095
1549.6999999999903, -17.642807, -17.6433544, -17.642643, -17.6419544, -17.6425781, -17.6434116, -17.6433849, -17.6440182, -17.6427288, -17.6424599
1549.7999999999902, -18.7212448, -18.7237072, -18.7232971, -18.7233582, -18.723547, -18.7242718, -18.7246151, -18.7258511, -18.7252197, -18.724947
1549.89999999999, -17.5107098, -17.5098057, -17.5099583, -17.509306, -17.5095463, -17.5097141, -17.5092354, -17.5099316, -17.50984, -17.5098572
1549.99999999999, -18.7162228, -18.7165298, -18.7174816, -18.7174034, -18.7170544, -18.717638, -18.7179432, -18.7181587, -18.7184372, -18.7185211
1550.09999999999, -17.5933895, -17.5939541, -17.595583, -17.5963898, -17.5952835, -17.5948563, -17.5939465, -17.5955124, -17.597044, -17.5969982
1550.1999999999898, -18.9323845, -18.932148, -18.9326878, -18.9323845, -18.9326, -18.932745, -18.9331264, -18.933672, -18.9333954, -18.9339924
1550.2999999999897, -17.8951321, -17.9000378, -17.9004803, -17.9026699, -17.9029961, -17.9029503, -17.901865, -17.900465, -17.9007607, -17.9001064
1550.3999999999896, -18.4560356, -18.4544792, -18.4534264, -18.4551659, -18.4585133, -18.4581585, -18.4573975, -18.4590111, -18.4602261, -18.4610233
1550.4999999999895, -18.0677471, -18.0674477, -18.0671959, -18.0676384, -18.0669861, -18.0664082, -18.0659447, -18.0657406, -18.0659294, -18.0636234
1550.5999999999894, -18.3900547, -18.3898392, -18.3898277, -18.3906994, -18.3902912, -18.3902874, -18.3917027, -18.392643, -18.392786, -18.393856
1550.6999999999894, -18.3117771, -18.3118744, -18.3105755, -18.3105049, -18.3111019, -18.3112812, -18.3119602, -18.3107738, -18.310667, -18.3103333
1550.7999999999893, -18.6296577, -18.6306267, -18.6312065, -18.6303349, -18.6295185, -18.6295223, -18.6293831, -18.6291389, -18.6305752, -18.6298752
1550.8999999999892, -17.8858967, -17.8859158, -17.8861465, -17.8849716, -17.8846149, -17.8843231, -17.884428, -17.8848839, -17.8856792, -17.8852482
1550.999999999989, -18.8729229, -18.8736782, -18.8739147, -18.8748798, -18.8737831, -18.8742828, -18.8758984, -18.8763103, -18.8753872, -18.8750725
1551.099999999989, -18.246088, -18.2472725, -18.2476254, -18.2471733, -18.2458019, -18.2461205, -18.2455578, -18.2447815, -18.2434082, -18.2433376
1551.199999999989, -18.4727859, -18.4691086, -18.4686089, -18.4689236, -18.4707165, -18.4715862, -18.4731731, -18.4739838, -18.4750233, -18.4728355
1551.2999999999888, -18.7096157, -18.7114162, -18.7115231, -18.7119179, -18.7132149, -18.7136459, -18.713419, -18.7139397, -18.7136307, -18.7146263
1551.3999999999887, -18.11479, -18.1150875, -18.115797, -18.1164665, -18.1178169, -18.1183567, -18.1178589, -18.1182251, -18.1188221, -18.1183472
1551.4999999999886, -18.8168221, -18.8176003, -18.8169155, -18.8172989, -18.8180733, -18.8189564, -18.8196201, -18.81954, -18.8192921, -18.8185787
1551.5999999999885, -18.335638, -18.3355961, -18.335701, -18.3369789, -18.3370419, -18.3379955, -18.3380852, -18.3382931, -18.33955, -18.3394966
1551.6999999999884, -18.6452217, -18.6465855, -18.6468697, -18.6467609, -18.6456528, -18.6442852, -18.6427994, -18.6423588, -18.6431637, -18.6437721
1551.7999999999884, -18.5948124, -18.5944672, -18.5949593, -18.5946274, -18.5948429, -18.5951099, -18.5949669, -18.5948009, -18.5943203, -18.5937653
1551.8999999999883, -18.5247116, -18.522253, -18.5222778, -18.5221672, -18.521246, -18.5207729, -18.5195942, -18.5191498, -18.5203533, -18.5203648
1551.9999999999882, -18.4476643, -18.4414177, -18.4392624, -18.4388371, -18.4383183, -18.4370289, -18.4368591, -18.4357605, -18.4362736, -18.4357071
1552.099999999988, -19.1320095, -19.1370659, -19.1367054, -19.1367874, -19.1389465, -19.1392746, -19.1394215, -19.1399632, -19.1400814, -19.1395798
1552.199999999988, -17.842186, -17.8415375, -17.8414078, -17.8408947, -17.8415089, -17.8410892, -17.8414421, -17.8418026, -17.8422222, -17.8419609
1552.299999999988, -19.1183186, -19.1175194, -19.1173744, -19.1173306, -19.1165905, -19.1162663, -19.1165104, -19.1164265, -19.1172104, -19.11693
1552.3999999999878, -17.8997059, -17.9002876, -17.8983593, -17.8975163, -17.8968945, -17.8972435, -17.8969707, -17.8972435, -17.8973866, -17.8975201
1552.4999999999877, -19.2369518, -19.2365398, -19.2367153, -19.2366486, -19.2372627, -19.2363091, -19.236763, -19.2368164, -19.2369518, -19.2345333
1552.5999999999876, -17.9667263, -17.9674072, -17.9670563, -17.9667053, -17.9663849, -17.9668007, -17.9666309, -17.9665585, -17.9675465, -17.9668674
1552.6999999999875, -18.946928, -18.9460926, -18.9458103, -18.9455357, -18.9446144, -18.9441109, -18.9435978, -18.943716, -18.9438381, -18.9447269
1552.7999999999874, -18.0387096, -18.0400352, -18.0398483, -18.0393486, -18.0384827, -18.0389042, -18.0400848, -18.0396175, -18.0398197, -18.040081
1552.8999999999874, -19.2068062, -19.2067413, -19.2077942, -19.2087345, -19.2092552, -19.2079582, -19.2086391, -19.2074909, -19.207777, -19.2078152
1552.9999999999873, -17.9927044, -17.9925423, -17.9926033, -17.9911976, -17.9912682, -17.9900875, -17.9898186, -17.9893608, -17.9908543, -17.989521
1553.0999999999872, -18.9351349, -18.9356194, -18.9364319, -18.936552, -18.9366341, -18.937767, -18.9382477, -18.9387684, -18.9392395, -18.9399586
1553.199999999987, -17.8964214, -17.8984261, -17.8989353, -17.8987999, -17.8992214, -17.8987846, -17.8979797, -17.8981991, -17.8978043, -17.8982391
1553.299999999987, -19.0702343, -19.0698109, -19.0704765, -19.0696259, -19.0693531, -19.0691223, -19.0692997, -19.0701313, -19.0705261, -19.0704632
1553.399999999987, -17.9976082, -17.99687, -17.9969654, -17.9981995, -17.9989052, -17.9991169, -17.9980278, -17.997673, -17.9976654, -17.9972477
1553.4999999999868, -19.1109028, -19.1088982, -19.1100388, -19.1108227, -19.1106243, -19.1107922, -19.1099987, -19.1107197, -19.1107845, -19.110693
1553.5999999999867, -17.7011242, -17.700798, -17.7013836, -17.7005291, -17.7003288, -17.7001438, -17.7002544, -17.7001247, -17.6995029, -17.7001438
1553.6999999999866, -19.1000652, -19.0999565, -19.1004448, -19.1008358, -19.1006718, -19.1006298, -19.1011829, -19.1023808, -19.1039429, -19.1030216
1553.7999999999865, -18.0321922, -18.0382099, -18.0426445, -18.0436668, -18.0477905, -18.0501518, -18.0518532, -18.0519238, -18.0513992, -18.0522919
1553.8999999999864, -18.7424908, -18.741766, -18.7427635, -18.7430916, -18.7423668, -18.7431107, -18.7449665, -18.7453995, -18.7451744, -18.7440529
1553.9999999999864, -18.4259758, -18.4268475, -18.4276161, -18.4271584, -18.4271202, -18.4274712, -18.4275703, -18.4273224, -18.4268742, -18.4265022
1554.0999999999863, -18.409071, -18.4098644, -18.4100513, -18.4106598, -18.4106693, -18.4101582, -18.409668, -18.4092007, -18.4097767, -18.4082699
1554.1999999999862, -18.4154129, -18.414732, -18.4150963, -18.4148712, -18.4147396, -18.4142971, -18.4137859, -18.4148293, -18.414753, -18.4151707
1554.299999999986, -18.8053551, -18.8055668, -18.8053246, -18.8063049, -18.8060932, -18.8062191, -18.8066845, -18.8066483, -18.8075924, -18.8075771
1554.399999999986, -18.2506752, -18.2491817, -18.249649, -18.2486057, -18.2484283, -18.2483025, -18.2467003, -18.2460728, -18.2467327, -18.2467175
1554.499999999986, -18.7897243, -18.7907753, -18.7933388, -18.7927971, -18.7923088, -18.7915325, -18.7901134, -18.7892685, -18.7876892, -18.7869968
1554.5999999999858, -18.2671509, -18.2680111, -18.2687855, -18.2696171, -18.2706051, -18.2694721, -18.2687092, -18.2680702, -18.2672062, -18.2651138
1554.6999999999857, -18.4190178, -18.4099884, -18.4025364, -18.3989887, -18.3929596, -18.3892765, -18.3884754, -18.3900166, -18.3893929, -18.3897266
1554.7999999999856, -19.0074787, -19.0075874, -19.0049877, -19.0049744, -19.0052319, -19.0045891, -19.0040894, -19.0029964, -19.0030022, -19.0018883
1554.8999999999855, -17.9493465, -17.9492455, -17.9484634, -17.9482536, -17.9475727, -17.9467907, -17.945364, -17.9453487, -17.9456005, -17.9444523
1554.9999999999854, -19.0019627, -19.0026455, -19.0034294, -19.0026703, -19.0014172, -19.0009289, -19.0011444, -19.0013542, -19.0014191, -19.0017509
1555.0999999999854, -18.0872173, -18.0863476, -18.08531, -18.0841789, -18.084219, -18.0838509, -18.0834103, -18.0829983, -18.0837631, -18.0837879
1555.1999999999853, -19.0138474, -19.0141926, -19.0143833, -19.0147076, -19.0146275, -19.0155678, -19.0144901, -19.012434, -19.0150509, -19.0140705
1555.2999999999852, -18.3908634, -18.3912144, -18.3912106, -18.3911476, -18.3917789, -18.3918991, -18.3927212, -18.3929119, -18.3930244, -18.392704
1555.399999999985, -18.7910824, -18.7894478, -18.7866783, -18.7852421, -18.7837467, -18.7833385, -18.7824116, -18.7827568, -18.7815781, -18.7813301
1555.499999999985, -18.2545948, -18.2451267, -18.2381172, -18.2361469, -18.2350311, -18.2345219, -18.2345924, -18.2340488, -18.2339745, -18.2332764
1555.599999999985, -19.2985611, -19.3013973, -19.3033981, -19.3035412, -19.3045082, -19.3056278, -19.3070374, -19.3089962, -19.3083153, -19.3087769
1555.6999999999848, -18.0199986, -18.0196934, -18.0190659, -18.0192528, -18.018528, -18.0186367, -18.0188828, -18.019104, -18.0190697, -18.0192871
1555.7999999999847, -19.274229, -19.2742538, -19.2742176, -19.2743435, -19.27458, -19.2742252, -19.2734642, -19.2739086, -19.2751503, -19.2757816
1555.8999999999846, -17.9135151, -17.913271, -17.9140244, -17.9133282, -17.9135818, -17.9139214, -17.9137611, -17.9128551, -17.9119835, -17.9126034
1555.9999999999845, -19.4331436, -19.4328747, -19.4313965, -19.4326725, -19.433691, -19.434639, -19.4361706, -19.4358521, -19.4354839, -19.4356575
1556.0999999999844, -18.100441, -18.1009922, -18.1007233, -18.1008129, -18.1002102, -18.099762, -18.0993004, -18.0994511, -18.0994797, -18.0996761
1556.1999999999844, -19.4445267, -19.4435043, -19.4429092, -19.4437675, -19.4448872, -19.4453983, -19.4458027, -19.4460278, -19.4459553, -19.4458199
1556.2999999999843, -17.9838543, -17.9829082, -17.9819202, -17.9820786, -17.9816055, -17.9821587, -17.9828033, -17.9827957, -17.9830093, -17.9831944
1556.3999999999842, -19.4574165, -19.4533405, -19.4506664, -19.4475765, -19.4458408, -19.4447117, -19.4443111, -19.4443245, -19.4436302, -19.4426785
1556.499999999984, -18.3254147, -18.3307037, -18.3335228, -18.338604, -18.3407097, -18.3426857, -18.3443699, -18.3458347, -18.345892, -18.3469772
1556.599999999984, -19.2597027, -19.2595997, -19.2591438, -19.2592125, -19.2593689, -19.2587872, -19.2582779, -19.2582111, -19.2580223, -19.2576904
1556.699999999984, -18.6513634, -18.6496868, -18.6486835, -18.648632, -18.6485538, -18.6482983, -18.6476307, -18.6462593, -18.6467514, -18.6472034
1556.7999999999838, -18.9773369, -18.9765263, -18.9761772, -18.9769955, -18.976284, -18.9751339, -18.9748154, -18.9740601, -18.9741707, -18.9744148
1556.8999999999837, -18.6382599, -18.6389885, -18.6387577, -18.6384621, -18.6390038, -18.6381721, -18.6381531, -18.6374569, -18.6373596, -18.6380482
1556.9999999999836, -19.4094963, -19.4093742, -19.4108315, -19.4120197, -19.4114704, -19.4111595, -19.4115524, -19.4109726, -19.4123936, -19.4120235
1557.0999999999835, -18.520586, -18.5206337, -18.5203686, -18.5210934, -18.5201607, -18.5198879, -18.5195503, -18.5210094, -18.5214901, -18.5205517
1557.1999999999834, -19.2131824, -19.2121925, -19.2126484, -19.2127457, -19.211031, -19.2100658, -19.2095013, -19.20895, -19.208046, -19.2094727
1557.2999999999834, -18.7898331, -18.8054905, -18.8180485, -18.8266659, -18.8303089, -18.8342037, -18.8374958, -18.8400421, -18.839716, -18.839983
1557.3999999999833, -18.8067112, -18.8025608, -18.80159, -18.801939, -18.8027325, -18.8030567, -18.8016262, -18.8015137, -18.8012047, -18.8004723
1557.4999999999832, -19.4126358, -19.413538, -19.4129028, -19.4124355, -19.4130116, -19.4120045, -19.4123592, -19.4115524, -19.4127674, -19.4113655
1557.599999999983, -18.6416187, -18.6418915, -18.6421204, -18.6419964, -18.6419048, -18.6416817, -18.6405487, -18.6411381, -18.6415672, -18.6406651
1557.699999999983, -19.416666, -19.4158039, -19.413929, -19.4136791, -19.4128628, -19.412056, -19.4122429, -19.4118462, -19.4125385, -19.411932
1557.799999999983, -18.6393166, -18.6389389, -18.6393127, -18.6405487, -18.6398182, -18.6399956, -18.6399155, -18.638483, -18.6394024, -18.6388283
1557.8999999999828, -19.3329468, -19.3326778, -19.3335075, -19.3310013, -19.3307419, -19.330307, -19.3307648, -19.3311405, -19.3317413, -19.3311939
1557.9999999999827, -18.9933147, -18.9944363, -18.99646, -18.9969311, -18.9965839, -18.995409, -18.9952469, -18.9952888, -18.9953918, -18.9956036
1558.0999999999826, -19.3138618, -19.3137264, -19.3134594, -19.3132401, -19.3127213, -19.3111191, -19.3107052, -19.311512, -19.31106, -19.3104935
1558.1999999999825, -18.3577518, -18.3451958, -18.3396873, -18.3335533, -18.3319988, -18.3294544, -18.3269405, -18.3243484, -18.3245811, -18.3251152
1558.2999999999824, -19.7819347, -19.7810078, -19.7814426, -19.781332, -19.7811203, -19.781456, -19.7822533, -19.7828465, -19.7820873, -19.7823372
1558.3999999999824, -18.4577255, -18.4574089, -18.4564705, -18.4564133, -18.4562187, -18.4562492, -18.4565983, -18.4569168, -18.4569263, -18.4561119
1558.4999999999823, -19.8454838, -19.8455048, -19.8460712, -19.8458862, -19.8455391, -19.8449841, -19.8452988, -19.8454456, -19.8460522, -19.8452454
1558.5999999999822, -18.3764381, -18.3758659, -18.3757019, -18.3764153, -18.376564, -18.3776054, -18.3769913, -18.3769379, -18.3762703, -18.3763733
1558.699999999982, -19.7737617, -19.7738686, -19.7734089, -19.7735195, -19.7736874, -19.773613, -19.7739639, -19.773716, -19.7736835, -19.7740097
1558.799999999982, -18.5101681, -18.5103207, -18.5099258, -18.509737, -18.5103989, -18.5106812, -18.5105057, -18.5111237, -18.5112839, -18.5110836
1558.899999999982, -19.8253231, -19.8264046, -19.8257008, -19.8259869, -19.8254108, -19.8251343, -19.8252563, -19.8248158, -19.8255043, -19.8257771
1558.9999999999818, -18.3972836, -18.3991013, -18.400259, -18.3996544, -18.3995304, -18.3995686, -18.4009781, -18.4018345, -18.4022331, -18.4022293
1559.0999999999817, -19.6451225, -19.6373634, -19.6305447, -19.6251183, -19.6232891, -19.6191368, -19.6160412, -19.6140823, -19.6141739, -19.6141853
1559.1999999999816, -18.7362766, -18.7403584, -18.7427139, -18.743433, -18.7441463, -18.7437363, -18.7434788, -18.7429295, -18.7435188, -18.7442665
1559.2999999999815, -19.5843639, -19.581131, -19.5827141, -19.5838871, -19.5825558, -19.5846367, -19.5847988, -19.5853672, -19.5850315, -19.5855618
1559.3999999999814, -19.0730572, -19.0704308, -19.0696125, -19.0692749, -19.0678864, -19.0684834, -19.0680351, -19.0679779, -19.0679512, -19.0677357
1559.4999999999814, -19.3061886, -19.3054504, -19.3074875, -19.3086014, -19.3104591, -19.308691, -19.3086472, -19.3087349, -19.3092327, -19.3099308
1559.5999999999813, -18.8751144, -18.8752098, -18.8754387, -18.8754787, -18.875742, -18.8761253, -18.8753242, -18.8753738, -18.8773022, -18.8776855
1559.6999999999812, -19.7707119, -19.7721462, -19.7719135, -19.7716026, -19.7718754, -19.7718925, -19.7735748, -19.774229, -19.7739105, -19.7736626
1559.799999999981, -18.7986317, -18.7970467, -18.796175, -18.7943764, -18.7937641, -18.794569, -18.7938995, -18.7939816, -18.7925339, -18.7941647
1559.899999999981, -19.4910049, -19.4825764, -19.4809361, -19.4766483, -19.4710083, -19.4689503, -19.4670506, -19.4644184, -19.4633465, -19.4624348
1559.999999999981, -19.242857, -19.2588043, -19.2756729, -19.2865009, -19.2976913, -19.3043003, -19.3083858, -19.3115292, -19.311924, -19.3125839
1560.0999999999808, -18.856638, -18.8527775, -18.8517609, -18.849966, -18.8496189, -18.8502808, -18.8501129, -18.8496037, -18.849369, -18.8485031
1560.1999999999807, -19.9047775, -19.9051876, -19.9060555, -19.9051132, -19.9046249, -19.903595, -19.9035244, -19.9032288, -19.9035912, -19.9039669
1560.2999999999806, -18.7394466, -18.7398129, -18.739254, -18.7376804, -18.737627, -18.7374439, -18.7379246, -18.7389908, -18.7400665, -18.7410011
1560.3999999999805, -19.7482243, -19.7485867, -19.7498741, -19.7489948, -19.7491493, -19.7488422, -19.7484169, -19.7491188, -19.7496128, -19.7500744
1560.4999999999804, -18.6856174, -18.6862431, -18.6876812, -18.688427, -18.6882477, -18.6881695, -18.6880207, -18.6894474, -18.68997, -18.6895905
1560.5999999999804, -19.8210278, -19.8206863, -19.8206635, -19.8205242, -19.8209229, -19.8211918, -19.8208675, -19.8199291, -19.8211575, -19.8215847
1560.6999999999803, -19.0151901, -19.0159416, -19.0177784, -19.0183983, -19.020483, -19.0208111, -19.0191231, -19.0175533, -19.0164833, -19.016571
1560.7999999999802, -19.8390846, -19.8475494, -19.8561535, -19.8630676, -19.8674126, -19.8714752, -19.8738155, -19.8772259, -19.8796844, -19.8808212
1560.89999999998, -18.578228, -18.5768871, -18.5780773, -18.5771179, -18.5762768, -18.576067, -18.5749531, -18.5738182, -18.5728016, -18.5729351
1560.99999999998, -20.0423336, -20.0406227, -20.0407028, -20.0409927, -20.0414619, -20.0420246, -20.042305, -20.0417786, -20.0421791, -20.0411263
1561.09999999998, -18.8239441, -18.8236885, -18.8232079, -18.8226261, -18.8220901, -18.821022, -18.8215675, -18.8217468, -18.8219662, -18.8217163
1561.1999999999798, -20.0829391, -20.0824451, -20.0831604, -20.0831203, -20.0836201, -20.0842419, -20.0847187, -20.0851021, -20.0857697, -20.0855846
1561.2999999999797, -18.8517208, -18.8516369, -18.8524799, -18.8526421, -18.8514156, -18.8524342, -18.8526306, -18.8523769, -18.8526783, -18.8532715
1561.3999999999796, -19.9752331, -19.9747257, -19.9746914, -19.9743137, -19.9735069, -19.9725533, -19.9724598, -19.972208, -19.9720383, -19.9718227
1561.4999999999795, -18.7498131, -18.7497044, -18.7490902, -18.7485523, -18.7483616, -18.7480412, -18.7480679, -18.74856, -18.7489185, -18.7488213
1561.5999999999794, -20.249073, -20.2485733, -20.24893, -20.2488174, -20.249548, -20.249752, -20.2497215, -20.2503624, -20.2504826, -20.2506313
1561.6999999999794, -18.8755455, -18.8818226, -18.8893147, -18.8942833, -18.8986206, -18.9010811, -18.9054794, -18.907505, -18.9094486, -18.91152
1561.7999999999793, -19.9032459, -19.8940449, -19.8838177, -19.8758602, -19.8699875, -19.8643169, -19.8598042, -19.8584404, -19.8579102, -19.8580837
1561.8999999999792, -19.4392128, -19.4422684, -19.4447994, -19.4473534, -19.4483166, -19.4489117, -19.449646, -19.4488735, -19.447319, -19.4481201
1561.999999999979, -19.7372417, -19.7364235, -19.7367725, -19.7370358, -19.7363186, -19.7351379, -19.7359715, -19.7366238, -19.737133, -19.7371349
1562.099999999979, -19.8122253, -19.8125935, -19.8132496, -19.8138599, -19.8126717, -19.8131618, -19.8115425, -19.8107586, -19.8110332, -19.8123169
1562.199999999979, -19.5687332, -19.5692139, -19.569479, -19.5682659, -19.5691509, -19.5695457, -19.5687294, -19.5686035, -19.5678902, -19.5670204
1562.2999999999788, -19.6427555, -19.6406536, -19.6394444, -19.6407509, -19.6419849, -19.6424503, -19.6431503, -19.641634, -19.6418228, -19.6426563
1562.3999999999787, -19.8277435, -19.825386, -19.8248749, -19.8260136, -19.8267765, -19.8266735, -19.8264809, -19.8270893, -19.8267994, -19.8248177
1562.4999999999786, -19.7749729, -19.7767868, -19.7774811, -19.7785625, -19.7787457, -19.778738, -19.7793636, -19.7803841, -19.7798786, -19.7805958
1562.5999999999785, -19.6086578, -19.5978336, -19.5839634, -19.567997, -19.5569592, -19.5500145, -19.5412502, -19.5347996, -19.5298519, -19.5247231
1562.6999999999784, -20.2638931, -20.2715073, -20.2807274, -20.2850323, -20.2892513, -20.2919121, -20.2949409, -20.2962875, -20.2969494, -20.2976704
1562.7999999999784, -19.0520725, -19.0503197, -19.0507336, -19.0505199, -19.0510178, -19.0510387, -19.0514202, -19.0514107, -19.0520439, -19.051115
1562.8999999999783, -20.5431023, -20.543047, -20.5422077, -20.542366, -20.5426178, -20.5429192, -20.5429497, -20.543005, -20.5430279, -20.5427723
1562.9999999999782, -19.1685123, -19.1676083, -19.1679039, -19.1686039, -19.1684303, -19.1682606, -19.1688194, -19.1690063, -19.1692657, -19.167757
1563.099999999978, -20.5105667, -20.5112877, -20.5107136, -20.5100842, -20.5095444, -20.509388, -20.5104046, -20.5110493, -20.5103741, -20.5106201
1563.199999999978, -19.1579151, -19.1575489, -19.1574726, -19.1576862, -19.1564159, -19.1569023, -19.1564121, -19.1562004, -19.1560917, -19.1555691
1563.299999999978, -20.5143719, -20.5128155, -20.5129089, -20.5126877, -20.5140095, -20.515583, -20.5142517, -20.5132523, -20.5140877, -20.5140438
1563.3999999999778, -19.3272686, -19.3270569, -19.3270493, -19.3268299, -19.3267765, -19.3259621, -19.3259907, -19.3267136, -19.3273258, -19.3278275
1563.4999999999777, -20.678587, -20.6777, -20.6756153, -20.6766987, -20.6785297, -20.6811695, -20.6803417, -20.680542, -20.679266, -20.6777229
1563.5999999999776, -19.3717804, -19.3779392, -19.3828945, -19.3844814, -19.3876953, -19.3903809, -19.3942432, -19.3974419, -19.398634, -19.4000797
1563.6999999999775, -20.4162903, -20.4148598, -20.4136925, -20.4129429, -20.4134464, -20.4142494, -20.4132977, -20.4145031, -20.4148674, -20.4135742
1563.7999999999774, -19.6506538, -19.6507244, -19.6501045, -19.6510353, -19.6512451, -19.6507092, -19.6509914, -19.6527729, -19.6520844, -19.6527271
1563.8999999999774, -19.6523857, -19.6520023, -19.6526566, -19.6533375, -19.6529732, -19.6541023, -19.6540298, -19.6541767, -19.6542873, -19.6536198
1563.9999999999773, -19.7642803, -19.7649937, -19.7648315, -19.7644825, -19.7635326, -19.7621765, -19.7615166, -19.7625599, -19.7630081, -19.7621231
1564.0999999999772, -20.4827919, -20.4828568, -20.4843636, -20.4856224, -20.4857483, -20.4861317, -20.4867496, -20.4867458, -20.4849682, -20.4839916
1564.199999999977, -19.6439114, -19.6432018, -19.6427078, -19.6432877, -19.6430511, -19.6430302, -19.6437683, -19.6427441, -19.6412983, -19.6411839
1564.299999999977, -20.6574402, -20.6538448, -20.650425, -20.6489849, -20.6456661, -20.6428185, -20.6403179, -20.6394482, -20.6380882, -20.6374874
1564.399999999977, -20.1214199, -20.1435184, -20.1683578, -20.1906395, -20.2030926, -20.2133617, -20.2217312, -20.2303486, -20.2381382, -20.2433109
1564.4999999999768, -20.0004425, -19.9913044, -19.9824238, -19.97575, -19.9668846, -19.9620132, -19.9567451, -19.9531231, -19.9519119, -19.9513607
1564.5999999999767, -20.6234169, -20.624548, -20.6257668, -20.6275024, -20.627346, -20.6281624, -20.6297722, -20.6313782, -20.6307945, -20.6302109
1564.6999999999766, -19.6282864, -19.6277065, -19.6273022, -19.6255226, -19.6256828, -19.6268711, -19.628294, -19.6284637, -19.6283684, -19.6294899
1564.7999999999765, -20.9195995, -20.9199791, -20.9203892, -20.9203033, -20.9208794, -20.9215374, -20.9207077, -20.9196663, -20.9198227, -20.9190178
1564.8999999999764, -19.7126141, -19.7120934, -19.7117786, -19.7116241, -19.711338, -19.7110386, -19.7112942, -19.7110519, -19.7110519, -19.7103748
1564.9999999999764, -20.790699, -20.7903576, -20.7892017, -20.790081, -20.7899227, -20.7896252, -20.7893848, -20.7901802, -20.7902222, -20.7898769
1565.0999999999763, -19.771101, -19.7698803, -19.7681484, -19.7679043, -19.7664242, -19.7664108, -19.7657452, -19.7658157, -19.7671471, -19.7655468
1565.1999999999762, -20.922554, -20.9235477, -20.9241524, -20.9253902, -20.9280415, -20.9312477, -20.933857, -20.9337769, -20.9344273, -20.9358006
1565.299999999976, -19.7204533, -19.7124977, -19.7032852, -19.6909885, -19.6820641, -19.6758862, -19.6694298, -19.664917, -19.6615276, -19.662344
1565.399999999976, -21.0450401, -21.0445633, -21.0433865, -21.0402279, -21.0407429, -21.0411606, -21.040102, -21.0382977, -21.0380325, -21.0381489
1565.499999999976, -19.7233582, -19.7245579, -19.7253571, -19.7258282, -19.726181, -19.7265892, -19.7269554, -19.7272224, -19.7268524, -19.7270908
1565.5999999999758, -20.7994232, -20.7998486, -20.7991085, -20.8002529, -20.800211, -20.8005943, -20.7993698, -20.7991123, -20.8000164, -20.7996502
1565.6999999999757, -19.8478279, -19.8468914, -19.8450375, -19.8437271, -19.8431854, -19.843298, -19.8422298, -19.8419933, -19.8425026, -19.8424702
1565.7999999999756, -20.9271984, -20.9261131, -20.9262199, -20.9279613, -20.9270363, -20.9267445, -20.926405, -20.9271488, -20.9286327, -20.9297314
1565.8999999999755, -19.7936096, -19.7919178, -19.789011, -19.7877617, -19.7872181, -19.7876167, -19.7873211, -19.787302, -19.7884274, -19.7882576
1565.9999999999754, -20.9482594, -20.9472446, -20.9472542, -20.9483738, -20.9482746, -20.9494381, -20.9508877, -20.9513073, -20.9515457, -20.9530411
1566.0999999999754, -19.8393879, -19.8425255, -19.8443127, -19.8466816, -19.8463535, -19.8465805, -19.8471279, -19.8483925, -19.8485794, -19.8488102
1566.1999999999753, -20.8929729, -20.8736572, -20.8516541, -20.8351402, -20.8239994, -20.8130531, -20.8040714, -20.7950954, -20.7897758, -20.7865486
1566.2999999999752, -20.4257717, -20.4377041, -20.4453773, -20.4548378, -20.4637928, -20.4681683, -20.4711761, -20.473423, -20.4742069, -20.4748211
1566.399999999975, -20.2903919, -20.2868729, -20.2847195, -20.2835503, -20.2838612, -20.2828732, -20.2827606, -20.2825069, -20.281662, -20.2801342
1566.499999999975, -20.7752438, -20.7754841, -20.7743092, -20.7734375, -20.7720928, -20.7712841, -20.7708817, -20.7715378, -20.7712631, -20.7702618
1566.599999999975, -19.9647713, -19.9640236, -19.9641438, -19.9650974, -19.9644089, -19.9656105, -19.9667931, -19.9676304, -19.9697514, -19.971159
1566.6999999999748, -20.9341774, -20.9361763, -20.9378433, -20.9371719, -20.9381199, -20.9398975, -20.9383965, -20.9410801, -20.9410725, -20.9395351
1566.7999999999747, -20.0759258, -20.0794506, -20.0814838, -20.082859, -20.0833569, -20.0841141, -20.0859337, -20.0868645, -20.0870113, -20.0870781
1566.8999999999746, -20.8806744, -20.8795071, -20.8783455, -20.8766479, -20.8755054, -20.8748169, -20.8732128, -20.8749924, -20.8744144, -20.8738861
1566.9999999999745, -20.0431499, -20.0413589, -20.0370922, -20.0329876, -20.0290394, -20.0280247, -20.0258865, -20.0231895, -20.0223732, -20.0199242
1567.0999999999744, -21.1810036, -21.1906929, -21.2020283, -21.213295, -21.2213974, -21.2273865, -21.2320461, -21.235323, -21.2372894, -21.2371006
1567.1999999999744, -19.7830467, -19.7829647, -19.7822323, -19.781086, -19.7811699, -19.7817478, -19.7809238, -19.7791615, -19.7801933, -19.781477
1567.2999999999743, -21.2474403, -21.248003, -21.2475376, -21.2485752, -21.2492485, -21.2507267, -21.2497711, -21.2492428, -21.2498474, -21.2490788
1567.3999999999742, -19.948946, -19.9494209, -19.9494095, -19.9495239, -19.9488754, -19.9473095, -19.9469261, -19.9459419, -19.9457741, -19.9452705
1567.499999999974, -21.1321068, -21.1312141, -21.1311741, -21.1308346, -21.1298771, -21.1303806, -21.1299038, -21.1296387, -21.1302433, -21.130806
1567.599999999974, -20.0213261, -20.0207138, -20.0210705, -20.0197716, -20.0211315, -20.0210304, -20.0220089, -20.0207138, -20.0214214, -20.0209122
1567.699999999974, -21.2791309, -21.2799053, -21.280035, -21.2804337, -21.2793541, -21.2786388, -21.2780056, -21.2788429, -21.2793484, -21.2807961
1567.7999999999738, -20.0134945, -20.0126381, -20.0126019, -20.0127068, -20.0127735, -20.0126343, -20.0125103, -20.0128994, -20.0139942, -20.0140266
1567.8999999999737, -21.2435074, -21.2412682, -21.2423496, -21.236454, -21.2342091, -21.2344418, -21.2323818, -21.231205, -21.2278156, -21.2277107
1567.9999999999736, -20.2729836, -20.2912922, -20.3112411, -20.330925, -20.3457451, -20.3544521, -20.3651237, -20.3709507, -20.3725624, -20.3737202
1568.0999999999735, -20.8883896, -20.8747559, -20.8688965, -20.8636951, -20.8580475, -20.8547783, -20.8494186, -20.8465137, -20.844223, -20.8425369
1568.1999999999734, -20.8935852, -20.8954144, -20.8973141, -20.8967247, -20.8953667, -20.8966427, -20.8961163, -20.8949795, -20.8933754, -20.892868
1568.2999999999734, -20.6331215, -20.6338825, -20.6357059, -20.6362591, -20.6352119, -20.6355801, -20.6345901, -20.635561, -20.6358089, -20.6368084
1568.3999999999733, -21.0933876, -21.0953827, -21.095417, -21.0944614, -21.0935574, -21.0934544, -21.0921078, -21.091507, -21.0905151, -21.0911484
1568.4999999999732, -20.4921074, -20.493187, -20.492878, -20.492733, -20.4936123, -20.4941368, -20.4949474, -20.4940529, -20.4952183, -20.4957809
1568.599999999973, -21.2704411, -21.2702904, -21.2696342, -21.2697582, -21.270277, -21.2690678, -21.2692566, -21.2710171, -21.2706985, -21.2702885
1568.699999999973, -20.7141552, -20.7142792, -20.7155666, -20.7180576, -20.7185783, -20.7183723, -20.7194805, -20.7192078, -20.7193909, -20.7189655
1568.799999999973, -21.3090038, -21.3162708, -21.3219662, -21.326828, -21.3311214, -21.3342419, -21.338501, -21.3411636, -21.3418407, -21.3436508
1568.8999999999728, -20.2875671, -20.2716255, -20.2565136, -20.2451344, -20.2366333, -20.2311707, -20.2284851, -20.226059, -20.2238674, -20.2224464
1568.9999999999727, -21.727026, -21.7266521, -21.7285671, -21.7277241, -21.7276783, -21.7270527, -21.7275677, -21.7279949, -21.7287292, -21.7286053
1569.0999999999726, -20.2645378, -20.2646675, -20.264389, -20.2639961, -20.2646313, -20.2646732, -20.2644081, -20.2643929, -20.2634621, -20.2640781
1569.1999999999725, -21.8399448, -21.83885, -21.8380909, -21.8395119, -21.8406639, -21.8402634, -21.839571, -21.8394585, -21.8404846, -21.8406124
1569.2999999999724, -20.4208679, -20.4206276, -20.4203815, -20.4197903, -20.4198093, -20.4202709, -20.4202328, -20.4199581, -20.4197407, -20.4197941
1569.3999999999724, -21.7061729, -21.7080097, -21.7093182, -21.7090931, -21.7083664, -21.70891, -21.7097187, -21.7094097, -21.7092533, -21.7096882
1569.4999999999723, -20.5138512, -20.5127468, -20.5136204, -20.5133247, -20.5128193, -20.512331, -20.5123768, -20.5117626, -20.512619, -20.5135384
1569.5999999999722, -22.0034351, -22.0050888, -22.0042782, -22.0042515, -22.0054207, -22.0055714, -22.0048389, -22.0045433, -22.005291, -22.0060883
1569.699999999972, -20.7153454, -20.7189445, -20.7211914, -20.7243156, -20.7268295, -20.7284813, -20.7306347, -20.7316265, -20.7325878, -20.7334423
1569.799999999972, -21.6451035, -21.6377888, -21.6305275, -21.6214733, -21.613554, -21.6054382, -21.6026211, -21.5971069, -21.5936012, -21.5912113
1569.899999999972, -21.2669182, -21.2721519, -21.2754631, -21.2791786, -21.2808247, -21.281044, -21.2837982, -21.2853451, -21.2852612, -21.2849445
1569.9999999999718, -21.3452606, -21.3423462, -21.3405056, -21.3382473, -21.3377247, -21.337883, -21.3388634, -21.3390007, -21.3395214, -21.3384113
1570.0999999999717, -21.6429882, -21.6417122, -21.6391582, -21.6399498, -21.639431, -21.6402531, -21.6391468, -21.6399937, -21.6403046, -21.638237
1570.1999999999716, -21.288063, -21.2873917, -21.2879391, -21.2885551, -21.2881317, -21.2858715, -21.2842159, -21.2855606, -21.2855988, -21.2865047
1570.2999999999715, -21.7677994, -21.7672539, -21.7668266, -21.7666702, -21.7669125, -21.7663822, -21.7660675, -21.7649136, -21.7652149, -21.7645912
1570.3999999999714, -21.1837311, -21.1845589, -21.1839275, -21.1832123, -21.1844044, -21.1860962, -21.1861134, -21.1844501, -21.184824, -21.1847477
1570.4999999999714, -21.88451, -21.8825016, -21.881155, -21.8828468, -21.8820839, -21.8816223, -21.8810215, -21.8805637, -21.881216, -21.8809738
1570.5999999999713, -21.3155499, -21.3141613, -21.3118858, -21.3092575, -21.3074284, -21.3053513, -21.3036251, -21.3014851, -21.3004971, -21.300478
1570.6999999999712, -22.1978512, -22.2048588, -22.2121563, -22.2167931, -22.2210579, -22.2228127, -22.2243576, -22.2285786, -22.2299557, -22.231226
1570.799999999971, -20.7257442, -20.7254467, -20.7239819, -20.7229233, -20.7220879, -20.7224998, -20.7222328, -20.7218323, -20.720356, -20.7195473
1570.899999999971, -22.3906288, -22.389864, -22.3898201, -22.3892136, -22.3891163, -22.3893738, -22.3896675, -22.3901825, -22.3901443, -22.3887291
1570.999999999971, -20.8151073, -20.8145714, -20.814888, -20.8146858, -20.8148766, -20.8143177, -20.8137321, -20.8124695, -20.8125114, -20.8129749
