wavelength_nm ,power_reading_0_dbm ,power_reading_1_dbm ,power_reading_2_dbm ,power_reading_3_dbm ,power_reading_4_dbm ,power_reading_5_dbm ,power_reading_6_dbm ,power_reading_7_dbm ,power_reading_8_dbm ,power_reading_9_dbm 
1550.0, -14.1349306, -14.1348629, -14.1348314, -14.1344643, -14.135375, -14.1354637, -14.1356277, -14.1359186, -14.1360464, -14.1362295
1550.1, -14.1583166, -14.1576586, -14.1579695, -14.1577978, -14.1579123, -14.1586046, -14.1596861, -14.1605406, -14.1615887, -14.1635971
1550.1999999999998, -14.3492231, -14.3515024, -14.3529444, -14.3540773, -14.3551741, -14.3548079, -14.3553629, -14.3544703, -14.3537045, -14.3534708
1550.2999999999997, -13.9379292, -13.9381742, -13.9388618, -13.9399195, -13.9403448, -13.939537, -13.9376917, -13.9379835, -13.9382143, -13.9380465
1550.3999999999996, -14.3620586, -14.3611555, -14.3617802, -14.361886, -14.3618965, -14.3625126, -14.3619719, -14.3623247, -14.3623247, -14.3622389
1550.4999999999995, -13.9344625, -13.9349489, -13.9348593, -13.9347258, -13.9345551, -13.9345026, -13.9341869, -13.9336653, -13.9339266, -13.9325171
1550.5999999999995, -14.4471436, -14.4469643, -14.4472351, -14.4472942, -14.4478798, -14.4486189, -14.4485836, -14.4469376, -14.4467936, -14.4468765
1550.6999999999994, -13.9619694, -13.9625158, -13.9621201, -13.9620628, -13.9612722, -13.9617386, -13.9607544, -13.9609127, -13.9609089, -13.9602594
1550.7999999999993, -14.3397722, -14.3394623, -14.3398371, -14.33986, -14.3399048, -14.3399105, -14.3402796, -14.3409777, -14.3416862, -14.3415394
1550.8999999999992, -14.0843315, -14.0839615, -14.0831614, -14.0839577, -14.0840912, -14.0846014, -14.0843697, -14.0844183, -14.0843105, -14.0842085
1550.999999999999, -14.4603605, -14.4612331, -14.4611521, -14.4607487, -14.4601707, -14.459856, -14.4592896, -14.4599676, -14.4590273, -14.4591208
1551.099999999999, -14.022871, -14.0214729, -14.0213423, -14.0205994, -14.0202799, -14.0203838, -14.0205374, -14.021534, -14.0223436, -14.0222645
1551.199999999999, -14.480195, -14.4803028, -14.4804583, -14.4813795, -14.4811058, -14.4819727, -14.4823446, -14.4831314, -14.4824781, -14.4818583
1551.2999999999988, -14.0126534, -14.0125751, -14.0123758, -14.0122271, -14.0124702, -14.0124578, -14.0120153, -14.0121632, -14.0118475, -14.0119114
1551.3999999999987, -14.41224, -14.4124355, -14.4127674, -14.4124432, -14.4127254, -14.4124308, -14.412324, -14.4131813, -14.4129744, -14.4127512
1551.4999999999986, -14.0288935, -14.028883, -14.0279961, -14.0276852, -14.0276289, -14.0279818, -14.0279789, -14.0276508, -14.0272169, -14.0270748
1551.5999999999985, -14.5050735, -14.5059795, -14.5056276, -14.5061245, -14.5061693, -14.5066175, -14.5066738, -14.5065718, -14.5062437, -14.5063515
1551.6999999999985, -13.9702539, -13.9703836, -13.9705162, -13.9711428, -13.9708672, -13.9704647, -13.9702473, -13.9710455, -13.9707127, -13.9711494
1551.7999999999984, -14.4616756, -14.4611664, -14.4613276, -14.461236, -14.45998, -14.4599209, -14.4598656, -14.4602203, -14.4602451, -14.4598131
1551.8999999999983, -13.9941568, -13.9935741, -13.9932108, -13.9927139, -13.9927387, -13.992795, -13.9929466, -13.9920349, -13.9918432, -13.9917517
1551.9999999999982, -14.5335875, -14.5318327, -14.5324669, -14.5275326, -14.5286264, -14.5297737, -14.5294991, -14.5277109, -14.5290937, -14.5287018
1552.099999999998, -14.0769463, -14.077714, -14.0775957, -14.0786877, -14.0784178, -14.0771055, -14.0768433, -14.0774889, -14.0777969, -14.0778456
1552.199999999998, -14.2608671, -14.2601213, -14.2601147, -14.2615204, -14.2624245, -14.2625227, -14.2621136, -14.2626324, -14.2633333, -14.2631483
1552.299999999998, -14.1749783, -14.1754904, -14.1758738, -14.1751175, -14.1748323, -14.1761684, -14.175972, -14.1758261, -14.1756639, -14.1761971
1552.3999999999978, -14.2661266, -14.2669296, -14.2674837, -14.2673073, -14.2687197, -14.2692013, -14.2694864, -14.2701378, -14.2696476, -14.2699795
1552.4999999999977, -14.089325, -14.0898561, -14.0897579, -14.0894852, -14.0907602, -14.0904388, -14.0897751, -14.0900393, -14.0910311, -14.091094
1552.5999999999976, -14.3071003, -14.3073072, -14.306777, -14.3078222, -14.3076468, -14.3078146, -14.3072262, -14.3071194, -14.3071709, -14.3073378
1552.6999999999975, -14.0037823, -14.002552, -14.0020323, -14.0015478, -14.0002899, -14.0000582, -14.0001478, -14.0003567, -14.0001535, -14.0004454
1552.7999999999975, -14.2725935, -14.2708893, -14.2726421, -14.2741499, -14.2762089, -14.2773504, -14.2777033, -14.2775507, -14.2766256, -14.277298
1552.8999999999974, -14.1730633, -14.1757526, -14.1775589, -14.1802588, -14.1804886, -14.1808558, -14.1817579, -14.182128, -14.1820107, -14.181591
1552.9999999999973, -14.031086, -14.0307407, -14.0302649, -14.0301762, -14.0295591, -14.0284233, -14.0274973, -14.027482, -14.0278587, -14.027812
1553.0999999999972, -14.1742563, -14.1748114, -14.1742725, -14.174262, -14.1746645, -14.1739388, -14.1737909, -14.1733332, -14.173667, -14.1740856
1553.199999999997, -13.9383545, -13.9380379, -13.9380465, -13.9380913, -13.9379816, -13.9381371, -13.9374733, -13.937191, -13.9384804, -13.9390268
1553.299999999997, -14.2607965, -14.2607861, -14.2612286, -14.2608795, -14.2609272, -14.260622, -14.2603722, -14.2600441, -14.2607641, -14.2598228
1553.399999999997, -14.0090523, -14.0089169, -14.0096607, -14.0089464, -14.0092411, -14.0106478, -14.0102825, -14.0098619, -14.0099983, -14.0093594
1553.4999999999968, -14.0273247, -14.0267744, -14.026865, -14.027256, -14.0274963, -14.0276308, -14.0276861, -14.0277624, -14.0287266, -14.0285292
1553.5999999999967, -14.0171986, -14.016819, -14.01686, -14.0168371, -14.0177317, -14.0176811, -14.0182543, -14.0181522, -14.0177155, -14.0168896
1553.6999999999966, -14.1420708, -14.1430855, -14.1429243, -14.1430101, -14.1430635, -14.1429214, -14.1430893, -14.1430025, -14.1426544, -14.1431112
1553.7999999999965, -13.7854881, -13.785264, -13.7828808, -13.7808762, -13.7818117, -13.782361, -13.7805529, -13.7803087, -13.7808714, -13.781208
1553.8999999999965, -14.223526, -14.2246552, -14.2252998, -14.2244234, -14.2240114, -14.2246094, -14.2249212, -14.2254391, -14.2256765, -14.2258615
1553.9999999999964, -13.6679668, -13.6667976, -13.6673756, -13.6678267, -13.6676817, -13.6682854, -13.6684561, -13.6687899, -13.669013, -13.6688042
1554.0999999999963, -14.1907673, -14.1905355, -14.1897783, -14.1907797, -14.1906948, -14.1904745, -14.1901913, -14.1906433, -14.1897793, -14.1902494
1554.1999999999962, -13.7245054, -13.7253046, -13.7260103, -13.7254639, -13.724947, -13.7247086, -13.7245884, -13.7238436, -13.7231216, -13.723979
1554.299999999996, -14.2510662, -14.2506247, -14.2509375, -14.2507067, -14.2502346, -14.251049, -14.2518396, -14.2521849, -14.2514753, -14.251256
1554.399999999996, -13.7195549, -13.7193079, -13.7198238, -13.7187958, -13.7191172, -13.7184572, -13.7191992, -13.7204399, -13.7208776, -13.7199869
1554.499999999996, -14.1293135, -14.1298103, -14.1292715, -14.1292038, -14.1290255, -14.1282883, -14.1285896, -14.128911, -14.1287327, -14.1289549
1554.5999999999958, -13.6882839, -13.6869488, -13.6856108, -13.6849661, -13.685667, -13.6868277, -13.68643, -13.6861029, -13.6855249, -13.6861687
1554.6999999999957, -14.1739559, -14.1747894, -14.1736784, -14.1722651, -14.1722603, -14.1720362, -14.1717691, -14.171814, -14.1722546, -14.1728001
1554.7999999999956, -13.7360783, -13.7356043, -13.7360153, -13.7355795, -13.7357664, -13.7352467, -13.7349958, -13.7354803, -13.7350254, -13.7349949
1554.8999999999955, -14.026906, -14.0264921, -14.0262537, -14.0267105, -14.0265512, -14.0265503, -14.0267115, -14.0263033, -14.026268, -14.0259104
1554.9999999999955, -13.7763939, -13.776207, -13.7766199, -13.7768393, -13.776123, -13.776022, -13.7757111, -13.7759771, -13.7765741, -13.776288
1555.0999999999954, -14.0810442, -14.0818968, -14.0823345, -14.0822878, -14.0823298, -14.0832863, -14.0825882, -14.0824623, -14.0822182, -14.0820808
1555.1999999999953, -13.7820997, -13.7822838, -13.7831059, -13.7829762, -13.7825699, -13.7832069, -13.782896, -13.7829676, -13.7821026, -13.7818708
1555.2999999999952, -14.1660995, -14.1653757, -14.1653681, -14.163003, -14.1626072, -14.163167, -14.1635675, -14.1634731, -14.1635733, -14.163105
1555.399999999995, -13.6897726, -13.6889639, -13.6893072, -13.6892471, -13.6895094, -13.6894903, -13.6893005, -13.6892843, -13.6901226, -13.6885052
1555.499999999995, -14.0966291, -14.0956955, -14.0964851, -14.0965643, -14.096488, -14.0964127, -14.0961475, -14.0967951, -14.0980511, -14.0973854
1555.599999999995, -13.9170341, -13.9219017, -13.9232416, -13.9228573, -13.9231663, -13.9236803, -13.9243879, -13.9238319, -13.9242668, -13.9242458
1555.6999999999948, -13.9550533, -13.9545746, -13.9549246, -13.9543447, -13.9551659, -13.9556646, -13.9554338, -13.9554157, -13.9555359, -13.9551706
1555.7999999999947, -13.9767838, -13.9761276, -13.9767275, -13.9774094, -13.9765129, -13.9773159, -13.9765005, -13.9765005, -13.9759083, -13.9766912
1555.8999999999946, -13.8744707, -13.8750391, -13.8747787, -13.8746433, -13.8759022, -13.8747797, -13.8746481, -13.8749743, -13.8734016, -13.8730936
1555.9999999999945, -14.0545006, -14.053546, -14.0538473, -14.053504, -14.0535927, -14.0538511, -14.0538216, -14.0531206, -14.0537691, -14.0538712
1556.0999999999945, -14.0487671, -14.0478735, -14.0481987, -14.0485859, -14.0481606, -14.0477448, -14.0477419, -14.0480833, -14.048049, -14.0480547
1556.1999999999944, -13.9497089, -13.9487324, -13.9480944, -13.9477692, -13.9475298, -13.9478769, -13.9479198, -13.94732, -13.9472256, -13.947566
1556.2999999999943, -14.0203838, -14.0207272, -14.0210056, -14.0207653, -14.0209379, -14.0195427, -14.0198717, -14.020319, -14.0202475, -14.0205336
1556.3999999999942, -14.0687704, -14.072052, -14.0753689, -14.0774012, -14.080018, -14.0812254, -14.0819178, -14.0820265, -14.0819759, -14.0824022
1556.499999999994, -13.8230143, -13.8231754, -13.8216295, -13.8210506, -13.8202362, -13.8191624, -13.8181772, -13.817503, -13.8174562, -13.8181181
1556.599999999994, -14.3382902, -14.3382587, -14.3387156, -14.3377399, -14.3379726, -14.3394604, -14.3396416, -14.3396616, -14.3397694, -14.3393297
1556.699999999994, -13.7722235, -13.7730789, -13.7727537, -13.7725763, -13.772542, -13.772398, -13.7728891, -13.7731504, -13.7730579, -13.7728987
1556.7999999999938, -14.2372732, -14.2366829, -14.2369728, -14.2382212, -14.2383232, -14.2373257, -14.2367563, -14.2374239, -14.2377853, -14.2379885
1556.8999999999937, -13.8100653, -13.8101883, -13.8102579, -13.8099842, -13.8104916, -13.810256, -13.8096952, -13.8091717, -13.8109598, -13.8111982
1556.9999999999936, -14.3473339, -14.347002, -14.3463764, -14.3466272, -14.3462944, -14.3471842, -14.3475676, -14.3482456, -14.3472939, -14.3465948
1557.0999999999935, -13.8648977, -13.8642807, -13.8651533, -13.8650274, -13.8639374, -13.8639956, -13.8650675, -13.8655853, -13.8647852, -13.8647718
1557.1999999999935, -14.2326622, -14.232852, -14.2326345, -14.2322731, -14.2324066, -14.2322922, -14.2333927, -14.2332392, -14.2324467, -14.2326698
1557.2999999999934, -13.8115664, -13.8095798, -13.8076143, -13.8079014, -13.8071947, -13.8077421, -13.8073559, -13.8081865, -13.8077822, -13.8073807
1557.3999999999933, -14.2882862, -14.2880592, -14.2884769, -14.2890253, -14.2886267, -14.2890978, -14.2879715, -14.2869902, -14.2867012, -14.2872257
1557.4999999999932, -13.920536, -13.9202871, -13.9208145, -13.9210806, -13.9213839, -13.9213572, -13.9211407, -13.9208736, -13.9201241, -13.9200344
1557.599999999993, -14.3070641, -14.3066187, -14.3062973, -14.3063889, -14.3064098, -14.306138, -14.3054409, -14.3059311, -14.3056402, -14.3056927
1557.699999999993, -13.8837061, -13.8834572, -13.8810835, -13.8814926, -13.8830128, -13.8843718, -13.8840895, -13.8827829, -13.8823719, -13.8831673
1557.799999999993, -14.2971478, -14.2957392, -14.2961655, -14.2961006, -14.2960958, -14.2965975, -14.2965546, -14.295886, -14.2957926, -14.2954874
1557.8999999999928, -13.8730383, -13.8727217, -13.8730202, -13.8729334, -13.8726463, -13.8742027, -13.8737574, -13.8732357, -13.8729162, -13.872716
1557.9999999999927, -14.3752337, -14.3748932, -14.3749199, -14.3751898, -14.3751459, -14.3752546, -14.3751183, -14.3751068, -14.3743649, -14.3745604
1558.0999999999926, -13.8113623, -13.8116159, -13.8117914, -13.8115234, -13.8119059, -13.8114986, -13.8117971, -13.8125095, -13.8124151, -13.8119764
1558.1999999999925, -14.1935492, -14.1880016, -14.1840868, -14.1798353, -14.1790419, -14.1796618, -14.1783333, -14.1766949, -14.1763887, -14.175581
1558.2999999999925, -14.1156559, -14.1163216, -14.1167355, -14.1174402, -14.1174107, -14.1165686, -14.114974, -14.1157303, -14.1162176, -14.1164646
1558.3999999999924, -14.0594969, -14.0607824, -14.0611887, -14.0621815, -14.0617828, -14.0619354, -14.062005, -14.0633097, -14.0614004, -14.0619497
1558.4999999999923, -14.2239256, -14.2241268, -14.2249565, -14.224473, -14.2248468, -14.2245359, -14.2249794, -14.2250452, -14.2249203, -14.2260685
1558.5999999999922, -14.0232058, -14.0243387, -14.0259295, -14.0268793, -14.0263834, -14.027009, -14.0269585, -14.0260315, -14.02668, -14.0271788
1558.699999999992, -14.1504822, -14.1499157, -14.1500158, -14.1501751, -14.1494608, -14.1490898, -14.1496258, -14.1491499, -14.1495209, -14.1496964
1558.799999999992, -14.1105719, -14.1105909, -14.1108475, -14.1115332, -14.110548, -14.1097946, -14.111021, -14.110918, -14.1112194, -14.1110611
1558.899999999992, -14.0734949, -14.072546, -14.0723934, -14.0727186, -14.0726156, -14.0719404, -14.0713472, -14.0712929, -14.0705061, -14.0726995
1558.9999999999918, -14.0516834, -14.0505228, -14.0493498, -14.048584, -14.0489511, -14.0490217, -14.0482693, -14.0479126, -14.0488415, -14.0474577
1559.0999999999917, -14.1429577, -14.1484003, -14.1524448, -14.1561613, -14.1586723, -14.1604099, -14.1626883, -14.16401, -14.1641521, -14.1639557
1559.1999999999916, -13.8415756, -13.8428068, -13.8429956, -13.8425074, -13.8418875, -13.8408127, -13.8399277, -13.8395033, -13.8402843, -13.8412704
1559.2999999999915, -14.3724813, -14.373806, -14.373929, -14.3735371, -14.3721123, -14.3724127, -14.3728132, -14.3728704, -14.3734064, -14.3735542
1559.3999999999915, -13.8115396, -13.8120108, -13.8122654, -13.811614, -13.8123569, -13.8123608, -13.8122969, -13.8120089, -13.8119116, -13.8121147
1559.4999999999914, -14.2897902, -14.2898922, -14.2904758, -14.2906322, -14.2909298, -14.2912483, -14.2911911, -14.2902403, -14.29041, -14.2910395
1559.5999999999913, -13.8213329, -13.821641, -13.8216829, -13.8220272, -13.8225231, -13.8225031, -13.8211031, -13.8217764, -13.8221722, -13.8228121
1559.6999999999912, -14.3279762, -14.3275766, -14.3278809, -14.3276196, -14.3280115, -14.3282309, -14.3278017, -14.3280869, -14.327589, -14.3272038
1559.799999999991, -13.8228149, -13.8230391, -13.8230782, -13.8231888, -13.8218088, -13.8223686, -13.8229427, -13.8229828, -13.8231392, -13.8242483
1559.899999999991, -14.2786798, -14.2813301, -14.2804403, -14.2816439, -14.283515, -14.2841568, -14.2839537, -14.2839661, -14.2836666, -14.2820921
1559.999999999991, -13.7579145, -13.7579288, -13.7579508, -13.7582531, -13.7576628, -13.7583761, -13.7569494, -13.757781, -13.7577477, -13.7582693
1560.0999999999908, -14.220685, -14.2196712, -14.2187538, -14.2182617, -14.2180681, -14.2175455, -14.2173452, -14.2170763, -14.2164907, -14.2169676
1560.1999999999907, -13.9221888, -13.9214449, -13.9209709, -13.9214239, -13.9211388, -13.9202547, -13.9206104, -13.9210024, -13.9214802, -13.9210138
1560.2999999999906, -14.2030735, -14.2032032, -14.2034063, -14.2036304, -14.2043276, -14.2053976, -14.2044868, -14.204237, -14.2046242, -14.2048206
1560.3999999999905, -13.8458195, -13.8461246, -13.8460159, -13.8458691, -13.8452826, -13.8454237, -13.8455667, -13.8454247, -13.8452463, -13.8448038
1560.4999999999905, -14.1719751, -14.1715164, -14.1708021, -14.1705208, -14.170476, -14.1707621, -14.170517, -14.1709099, -14.1710873, -14.1709957
1560.5999999999904, -13.8503571, -13.8503923, -13.850812, -13.8508415, -13.8508682, -13.8509426, -13.851963, -13.8521776, -13.8522015, -13.8524628
1560.6999999999903, -14.2439194, -14.2436934, -14.2435284, -14.2437601, -14.2444859, -14.2454481, -14.2464085, -14.2464809, -14.2459564, -14.246171
1560.7999999999902, -13.9009638, -13.9058886, -13.910717, -13.9142151, -13.917635, -13.9200544, -13.9216967, -13.9229784, -13.9230232, -13.9234772
1560.89999999999, -14.0826025, -14.078907, -14.0744009, -14.0696783, -14.0690727, -14.0651846, -14.0619097, -14.0619841, -14.0623932, -14.0626354
1560.99999999999, -14.1440229, -14.1444016, -14.1452475, -14.1458902, -14.1456995, -14.1458416, -14.1457491, -14.1463308, -14.1466713, -14.1460381
1561.09999999999, -13.8798609, -13.8785753, -13.8793573, -13.8807163, -13.8808327, -13.8799391, -13.8797684, -13.8800974, -13.8791666, -13.880271
1561.1999999999898, -14.2583504, -14.2580481, -14.2576942, -14.2575912, -14.2579231, -14.2578421, -14.2571764, -14.258913, -14.2589216, -14.2582664
1561.2999999999897, -13.920083, -13.9201078, -13.9194889, -13.9194613, -13.9197674, -13.9200411, -13.920311, -13.9204636, -13.9208488, -13.9212427
1561.3999999999896, -14.1484346, -14.1491547, -14.1494198, -14.148509, -14.148756, -14.14921, -14.1493492, -14.149271, -14.1498575, -14.1495876
1561.4999999999895, -13.9618902, -13.9620247, -13.9624109, -13.9623899, -13.9627066, -13.962801, -13.962657, -13.9621925, -13.9624338, -13.9629765
1561.5999999999894, -14.1798134, -14.1795979, -14.1795034, -14.1798916, -14.1784611, -14.1782246, -14.1778908, -14.1791506, -14.1798649, -14.1796198
1561.6999999999894, -13.9915695, -13.9869165, -13.9806328, -13.9747667, -13.9708138, -13.9661913, -13.9638681, -13.9603167, -13.9601784, -13.9604025
1561.7999999999893, -14.4013672, -14.4043264, -14.4074183, -14.4085875, -14.4123211, -14.4124708, -14.414031, -14.4158287, -14.4147501, -14.4153738
1561.8999999999892, -13.8716125, -13.8727303, -13.8734827, -13.8738527, -13.8726473, -13.87391, -13.8731413, -13.8721676, -13.8727188, -13.8724775
1561.999999999989, -14.3995533, -14.3974304, -14.3965454, -14.3971853, -14.399704, -14.4003592, -14.4008198, -14.4014378, -14.4006071, -14.4004383
1562.099999999989, -13.8946505, -13.8943663, -13.8938122, -13.8950796, -13.8955803, -13.8951168, -13.8945141, -13.8943672, -13.8951206, -13.8956861
1562.199999999989, -14.4931164, -14.4935932, -14.4929419, -14.4930649, -14.4932585, -14.4939718, -14.4936438, -14.4944201, -14.4940643, -14.4925051
1562.2999999999888, -13.8939476, -13.8944111, -13.8937244, -13.8925591, -13.8940001, -13.893507, -13.8931179, -13.8932877, -13.8905935, -13.8910389
1562.3999999999887, -14.428215, -14.4282036, -14.4277582, -14.4279852, -14.4273815, -14.4272413, -14.428503, -14.4295616, -14.4288149, -14.4284582
1562.4999999999886, -13.9243364, -13.9244452, -13.9247818, -13.9243593, -13.9235878, -13.9226456, -13.922821, -13.924572, -13.9249077, -13.92453
1562.5999999999885, -14.5447845, -14.5421305, -14.5377026, -14.5346603, -14.5306492, -14.5295897, -14.5268488, -14.5267668, -14.5282316, -14.5298452
1562.6999999999884, -14.1010208, -14.1051006, -14.1101484, -14.112937, -14.1175299, -14.1192694, -14.1202974, -14.1220617, -14.1219578, -14.1207981
1562.7999999999884, -14.3477077, -14.3486681, -14.3488998, -14.3496437, -14.3483839, -14.3495703, -14.3488951, -14.3496485, -14.3497686, -14.3498268
1562.8999999999883, -14.2967615, -14.2969608, -14.2968493, -14.2966967, -14.2959967, -14.2953091, -14.2955303, -14.2961836, -14.2952156, -14.2949514
1562.9999999999882, -14.2757177, -14.2768869, -14.2776623, -14.278986, -14.2794418, -14.2802658, -14.2806225, -14.2801685, -14.2799911, -14.2801228
1563.099999999988, -14.3357639, -14.3345728, -14.3348503, -14.3346071, -14.3351231, -14.3352489, -14.3346539, -14.3354912, -14.3354912, -14.3349314
1563.199999999988, -14.3963785, -14.3969078, -14.397047, -14.396183, -14.3951197, -14.394927, -14.3956299, -14.3958616, -14.3958168, -14.3947458
1563.299999999988, -14.2658539, -14.2651787, -14.2648935, -14.2652102, -14.2649622, -14.2646389, -14.26544, -14.2655945, -14.2654781, -14.2652369
1563.3999999999878, -14.3710575, -14.3693647, -14.3703022, -14.369091, -14.371088, -14.3713045, -14.3708706, -14.3712988, -14.3708725, -14.3707247
1563.4999999999877, -14.4371815, -14.4432697, -14.4513578, -14.4586649, -14.4633942, -14.4678526, -14.4716854, -14.4739056, -14.4776583, -14.4785757
1563.5999999999876, -14.2487183, -14.2457304, -14.2411842, -14.2392893, -14.2351513, -14.2331886, -14.2290964, -14.2279062, -14.2281046, -14.2292967
1563.6999999999875, -14.5867729, -14.5887661, -14.5892115, -14.5890388, -14.5888128, -14.5893755, -14.5886106, -14.588747, -14.5871935, -14.5859995
1563.7999999999874, -14.140317, -14.1401434, -14.1404886, -14.1409807, -14.1417398, -14.1414843, -14.1406469, -14.1403227, -14.1398821, -14.1390772
1563.8999999999874, -14.1406651, -14.1401014, -14.1402636, -14.141427, -14.1409702, -14.1410112, -14.1410055, -14.1406498, -14.1413584, -14.1399117
1563.9999999999873, -14.1340399, -14.1337414, -14.1331167, -14.1337948, -14.1340752, -14.1340809, -14.1343765, -14.1337366, -14.1347761, -14.1347752
1564.0999999999872, -14.6909609, -14.6909189, -14.6912279, -14.6908007, -14.6903353, -14.6906128, -14.6900845, -14.6902132, -14.6892862, -14.6893349
1564.199999999987, -14.1755762, -14.1746311, -14.1738358, -14.1742897, -14.1750526, -14.1747074, -14.1751165, -14.1751156, -14.1754379, -14.1761074
1564.299999999987, -14.6949549, -14.6951666, -14.6947002, -14.6943455, -14.6946135, -14.69522, -14.6963444, -14.6966534, -14.6974392, -14.696497
1564.399999999987, -14.117506, -14.1164856, -14.1181812, -14.1194363, -14.1197653, -14.1202126, -14.1218472, -14.1228895, -14.1227169, -14.1245241
1564.4999999999868, -14.770751, -14.7694445, -14.767086, -14.7683849, -14.7671928, -14.7642517, -14.7635803, -14.7641459, -14.7651949, -14.7643967
1564.5999999999867, -14.2566357, -14.2568521, -14.256918, -14.257266, -14.2583456, -14.2588758, -14.2590809, -14.2584953, -14.259243, -14.2600737
1564.6999999999866, -14.5507326, -14.5514965, -14.551898, -14.5523462, -14.5512476, -14.5504942, -14.5499868, -14.5514135, -14.5519218, -14.5513611
1564.7999999999865, -14.3294382, -14.3290777, -14.3294468, -14.3293085, -14.3294153, -14.3290205, -14.3288898, -14.3293724, -14.3288317, -14.3290291
1564.8999999999864, -14.5674229, -14.5668192, -14.5656328, -14.5653582, -14.5650253, -14.5650606, -14.5644627, -14.564826, -14.5644464, -14.5649538
1564.9999999999864, -14.3099623, -14.3093204, -14.3079967, -14.3084364, -14.3089094, -14.3096304, -14.3102255, -14.3105698, -14.3103571, -14.309967
1565.0999999999863, -14.6406488, -14.639946, -14.6391687, -14.6396055, -14.6377983, -14.6378078, -14.6369848, -14.6377573, -14.6377544, -14.6361532
1565.1999999999862, -14.34799, -14.3495092, -14.3509188, -14.3509617, -14.3509684, -14.3524046, -14.3530121, -14.3535929, -14.3533573, -14.3534422
1565.299999999986, -14.4757061, -14.4684401, -14.4611921, -14.4517193, -14.4447336, -14.4389172, -14.4358664, -14.4314518, -14.431715, -14.4276495
1565.399999999986, -14.5936861, -14.5987768, -14.5998783, -14.6030397, -14.605484, -14.6058083, -14.6068096, -14.609951, -14.6114388, -14.6120815
1565.499999999986, -14.3478231, -14.3468552, -14.3459778, -14.3462238, -14.3459997, -14.3461313, -14.3461332, -14.3459845, -14.3465672, -14.3469677
1565.5999999999858, -14.6222467, -14.6220846, -14.6227932, -14.6228533, -14.6237698, -14.6236858, -14.6237459, -14.623435, -14.6242666, -14.6242781
1565.6999999999857, -14.211504, -14.2120705, -14.2123623, -14.2114592, -14.2117233, -14.2113543, -14.2107706, -14.2116928, -14.2118149, -14.2121506
1565.7999999999856, -14.6340275, -14.6331615, -14.6333284, -14.6331463, -14.632515, -14.6314688, -14.6314669, -14.6316195, -14.6301908, -14.6300478
1565.8999999999855, -14.2753725, -14.2746468, -14.2744904, -14.275918, -14.2762108, -14.2766161, -14.2757998, -14.2757158, -14.2750635, -14.2737436
1565.9999999999854, -14.6373606, -14.637928, -14.6368189, -14.6352291, -14.6353416, -14.6354837, -14.635355, -14.6351023, -14.6343536, -14.6341734
1566.0999999999854, -14.2715321, -14.2704811, -14.2686739, -14.2674294, -14.2668886, -14.2674561, -14.2673531, -14.2677364, -14.2674255, -14.2677774
1566.1999999999853, -14.7285347, -14.7299986, -14.7316742, -14.7320223, -14.7333164, -14.7353954, -14.7343531, -14.7366619, -14.7366552, -14.735486
1566.2999999999852, -14.1176605, -14.1209602, -14.1211901, -14.1224556, -14.124095, -14.1239071, -14.123785, -14.1259518, -14.1269159, -14.1269159
1566.399999999985, -14.7435884, -14.7438488, -14.7436495, -14.7438936, -14.744441, -14.7449303, -14.7451277, -14.7447157, -14.7450333, -14.7448425
1566.499999999985, -14.2002754, -14.199626, -14.1998625, -14.2004108, -14.2001476, -14.2003603, -14.1999941, -14.1995983, -14.1990061, -14.1982565
1566.599999999985, -14.62076, -14.6212835, -14.6220493, -14.621892, -14.6227541, -14.6226187, -14.6230764, -14.6234903, -14.6221924, -14.6225348
1566.6999999999848, -14.2071667, -14.2065725, -14.2054472, -14.2053452, -14.2052279, -14.206624, -14.2054024, -14.2055426, -14.2057838, -14.2054262
1566.7999999999847, -14.6579084, -14.658617, -14.6583738, -14.6576538, -14.6574707, -14.657939, -14.6578407, -14.6589699, -14.6587515, -14.6584663
1566.8999999999846, -14.222291, -14.2217302, -14.2216358, -14.2211046, -14.2205973, -14.2205524, -14.2205877, -14.2211561, -14.2211704, -14.221611
1566.9999999999845, -14.6540813, -14.6501865, -14.6510086, -14.6507025, -14.6505508, -14.6482353, -14.6465158, -14.646493, -14.6471901, -14.6475801
1567.0999999999844, -14.378273, -14.3886595, -14.4001513, -14.4089079, -14.4152269, -14.4199753, -14.4239054, -14.4265375, -14.4285135, -14.42976
1567.1999999999844, -14.3742352, -14.3720455, -14.3665934, -14.3667727, -14.3667746, -14.3646517, -14.3615713, -14.3591652, -14.3600178, -14.3599091
1567.2999999999843, -14.5891752, -14.5899029, -14.5902529, -14.5909872, -14.5902348, -14.5904274, -14.5919533, -14.5928755, -14.5926037, -14.5923185
1567.3999999999842, -14.3283167, -14.3286743, -14.3282681, -14.3281231, -14.3278208, -14.328145, -14.3280039, -14.3286791, -14.3294392, -14.3297176
1567.499999999984, -14.6313248, -14.6311378, -14.631341, -14.6314917, -14.6308022, -14.6304445, -14.631712, -14.6320238, -14.631341, -14.6311274
1567.599999999984, -14.2757292, -14.2757244, -14.2744894, -14.2742825, -14.2749138, -14.2748098, -14.2735186, -14.2735109, -14.2740269, -14.2724934
1567.699999999984, -14.6354485, -14.6335125, -14.6344357, -14.6350861, -14.6338253, -14.6326542, -14.6329317, -14.6329679, -14.6332712, -14.633563
1567.7999999999838, -14.3870754, -14.3870392, -14.3882446, -14.3883371, -14.387639, -14.3880625, -14.3881521, -14.3889704, -14.389924, -14.3889236
1567.8999999999837, -14.6732264, -14.6743174, -14.6768055, -14.6786795, -14.6814766, -14.6836786, -14.6848373, -14.685009, -14.6859684, -14.6865082
1567.9999999999836, -14.2881937, -14.2849874, -14.2820873, -14.2780342, -14.2766094, -14.2744312, -14.2739992, -14.271306, -14.2711182, -14.2710629
1568.0999999999835, -14.79527, -14.7953062, -14.7963953, -14.7940025, -14.794466, -14.7943811, -14.7935114, -14.7942514, -14.7947855, -14.794425
1568.1999999999834, -14.2094641, -14.2080345, -14.2085133, -14.2090263, -14.2081327, -14.208581, -14.2086115, -14.2081566, -14.2087193, -14.2083664
1568.2999999999834, -14.8574219, -14.8562222, -14.8574867, -14.8578272, -14.8579903, -14.8586912, -14.8582468, -14.8571692, -14.8582239, -14.8572149
1568.3999999999833, -14.3552008, -14.3552599, -14.3556051, -14.3560085, -14.355999, -14.3553867, -14.35464, -14.3553391, -14.3547401, -14.3545742
1568.4999999999832, -14.8223791, -14.823451, -14.8234091, -14.8239555, -14.8232412, -14.8230648, -14.8234205, -14.8231745, -14.8224049, -14.8213549
1568.599999999983, -14.330759, -14.3304138, -14.3300924, -14.3303366, -14.3300419, -14.3297348, -14.3304605, -14.3310986, -14.330307, -14.329031
1568.699999999983, -14.9453917, -14.946043, -14.946805, -14.9473782, -14.9474936, -14.9475918, -14.9475183, -14.9471436, -14.9467459, -14.9472866
1568.799999999983, -14.4497738, -14.4519634, -14.4533005, -14.4537258, -14.4576197, -14.4576082, -14.4577866, -14.4592609, -14.4605846, -14.4615707
1568.8999999999828, -14.7976599, -14.7922153, -14.7854404, -14.7788467, -14.7733889, -14.7672796, -14.7620401, -14.7618093, -14.7595768, -14.7597866
1568.9999999999827, -14.7065477, -14.7099266, -14.7109919, -14.7139263, -14.7157192, -14.7174196, -14.7186737, -14.720499, -14.7211485, -14.7213697
1569.0999999999826, -14.4883003, -14.4865608, -14.4871874, -14.4882927, -14.4884987, -14.4882965, -14.4885464, -14.4884882, -14.4878855, -14.4884748
1569.1999999999825, -14.8802862, -14.8809443, -14.8804226, -14.8804007, -14.8805628, -14.8804932, -14.8806, -14.879447, -14.8788252, -14.8791285
1569.2999999999824, -14.6367397, -14.6368723, -14.6373262, -14.6368084, -14.6368656, -14.6370211, -14.6378193, -14.6370792, -14.6367044, -14.637991
1569.3999999999824, -14.9441786, -14.943162, -14.9424162, -14.9424429, -14.9420271, -14.9417801, -14.9427814, -14.9431973, -14.9429255, -14.9421806
1569.4999999999823, -14.5599995, -14.5627079, -14.5643311, -14.5645809, -14.5640602, -14.564784, -14.5649757, -14.5639687, -14.5645113, -14.5645285
1569.5999999999822, -14.9715853, -14.9716759, -14.9715195, -14.9712877, -14.9714451, -14.9715519, -14.9714661, -14.9712133, -14.9704666, -14.970376
1569.699999999982, -14.724678, -14.7241144, -14.7241879, -14.7225857, -14.72157, -14.7201395, -14.7197924, -14.7187729, -14.7175751, -14.7183056
1569.799999999982, -15.0905237, -15.0916061, -15.0943937, -15.0964727, -15.098774, -15.0994902, -15.1008415, -15.1023464, -15.1022177, -15.1019497
1569.899999999982, -14.5833912, -14.5834227, -14.5841656, -14.5849791, -14.5855532, -14.5855398, -14.584837, -14.5846481, -14.5846071, -14.5839672
1569.9999999999818, -15.0744143, -15.0737104, -15.0747261, -15.0742626, -15.0732784, -15.07411, -15.0755138, -15.0748968, -15.0752487, -15.0747108
