wavelength_nm ,power_reading_0_dbm ,power_reading_1_dbm ,power_reading_2_dbm ,power_reading_3_dbm ,power_reading_4_dbm ,power_reading_5_dbm ,power_reading_6_dbm ,power_reading_7_dbm ,power_reading_8_dbm ,power_reading_9_dbm 
1529.0, -26.546854, -26.5497036, -26.5484085, -26.5514545, -26.5491962, -26.5478802, -26.5505085, -26.5515804, -26.5508423, -26.5482559
1529.1, -26.4446716, -26.4440994, -26.4449387, -26.4477749, -26.446909, -26.4448204, -26.4481163, -26.4475403, -26.4507275, -26.4473457
1529.1999999999998, -26.4650764, -26.4627876, -26.4588566, -26.4521065, -26.4558125, -26.4584808, -26.4567184, -26.4585209, -26.4581261, -26.4598446
1529.2999999999997, -26.4508152, -26.4539814, -26.4508228, -26.4531574, -26.4519291, -26.4505348, -26.449461, -26.4486008, -26.4496021, -26.45084
1529.3999999999996, -26.4755726, -26.4746227, -26.4753876, -26.4740734, -26.473423, -26.4760437, -26.4745483, -26.4734936, -26.4727707, -26.4715424
1529.4999999999995, -26.3860893, -26.3853741, -26.3840103, -26.3820305, -26.3824501, -26.3844604, -26.3799229, -26.3810978, -26.3793468, -26.3825779
1529.5999999999995, -26.4119549, -26.4085255, -26.4079666, -26.4145985, -26.4155636, -26.4161301, -26.4120483, -26.4112167, -26.4088402, -26.4088631
1529.6999999999994, -26.4255219, -26.4271927, -26.4252129, -26.4239864, -26.4241447, -26.4246292, -26.4254322, -26.4227123, -26.4237461, -26.4233074
1529.7999999999993, -26.4431648, -26.4419193, -26.4434738, -26.4445572, -26.4433632, -26.4435005, -26.4438515, -26.4467583, -26.4456425, -26.4450817
1529.8999999999992, -26.3525162, -26.3502502, -26.3554935, -26.3540993, -26.3562222, -26.3525696, -26.3486938, -26.3557205, -26.3515434, -26.3512535
1529.999999999999, -26.3302593, -26.3288956, -26.3296318, -26.3267136, -26.3251781, -26.3292961, -26.3327293, -26.3316212, -26.3294945, -26.3248787
1530.099999999999, -26.307539, -26.3055725, -26.3007488, -26.3093357, -26.3115444, -26.3115845, -26.3090401, -26.3057117, -26.3078156, -26.3089485
1530.199999999999, -26.370266, -26.3684673, -26.3697872, -26.3705025, -26.3718548, -26.365284, -26.3630409, -26.3636971, -26.3663902, -26.3686657
1530.2999999999988, -26.3065376, -26.3075294, -26.3059788, -26.3041573, -26.304882, -26.3019276, -26.3052387, -26.3065262, -26.3067245, -26.3027992
1530.3999999999987, -26.2896576, -26.2892914, -26.2862606, -26.2867527, -26.2806206, -26.2796669, -26.2859497, -26.2824574, -26.2871685, -26.2847481
1530.4999999999986, -26.3401604, -26.3414059, -26.3423023, -26.3425808, -26.3433495, -26.3413792, -26.3434715, -26.3407288, -26.3422909, -26.3389034
1530.5999999999985, -26.3045578, -26.302887, -26.3024769, -26.3037243, -26.3034077, -26.3069763, -26.3062496, -26.3058567, -26.3054848, -26.3034687
1530.6999999999985, -26.3615093, -26.3596802, -26.3621216, -26.3616257, -26.362215, -26.3585587, -26.3612156, -26.3589897, -26.3611431, -26.3614082
1530.7999999999984, -26.2627163, -26.2645588, -26.2662849, -26.2630081, -26.259407, -26.2621784, -26.2633724, -26.2663136, -26.2661228, -26.2654667
1530.8999999999983, -26.2585487, -26.2592239, -26.2587013, -26.2588997, -26.2559681, -26.2562561, -26.2540722, -26.258194, -26.2552414, -26.2527809
1530.9999999999982, -26.2711811, -26.2741985, -26.2704887, -26.2718143, -26.2692089, -26.2685566, -26.2633266, -26.267828, -26.2674904, -26.264204
1531.099999999998, -26.2971325, -26.2919121, -26.2864571, -26.2837868, -26.2903347, -26.2908764, -26.2878513, -26.2905617, -26.2854881, -26.2860203
1531.199999999998, -26.2909107, -26.2900505, -26.2916546, -26.2919579, -26.2928314, -26.2948341, -26.2943153, -26.2940941, -26.2920914, -26.293457
1531.299999999998, -26.2391281, -26.2377167, -26.2374992, -26.2405968, -26.2381516, -26.2354527, -26.2331352, -26.2277374, -26.2291317, -26.2282009
1531.3999999999978, -26.256403, -26.2562733, -26.2565975, -26.2525234, -26.2529354, -26.2497272, -26.2520599, -26.2522964, -26.250452, -26.250845
1531.4999999999977, -26.2292385, -26.2288227, -26.2289314, -26.2315369, -26.229269, -26.2287903, -26.2277298, -26.2260933, -26.2262936, -26.2242508
1531.5999999999976, -26.255661, -26.2516098, -26.253437, -26.2493534, -26.2397766, -26.2397785, -26.2433548, -26.253027, -26.2590199, -26.2601681
1531.6999999999975, -26.1589279, -26.1646595, -26.1678448, -26.1696968, -26.1650524, -26.1685276, -26.1636868, -26.1692181, -26.1712646, -26.169899
1531.7999999999975, -26.2022705, -26.2030563, -26.2063885, -26.2069759, -26.2105026, -26.2115135, -26.2127037, -26.2139854, -26.2163315, -26.218565
1531.8999999999974, -26.1818333, -26.1775532, -26.1816635, -26.1814766, -26.1821308, -26.1842518, -26.1847248, -26.1844845, -26.1851826, -26.187418
1531.9999999999973, -26.2806072, -26.2827568, -26.2851543, -26.2858334, -26.2872734, -26.2886009, -26.2840633, -26.2882233, -26.285881, -26.2802868
1532.0999999999972, -26.2499447, -26.2520294, -26.2530365, -26.2539387, -26.2520676, -26.253109, -26.2551651, -26.2519054, -26.2511921, -26.2468338
1532.199999999997, -26.1855679, -26.1901627, -26.1893215, -26.1889992, -26.189024, -26.1927662, -26.1923218, -26.1866531, -26.1871719, -26.1846848
1532.299999999997, -26.2320385, -26.2288761, -26.2265301, -26.2298527, -26.2291145, -26.2325821, -26.2328548, -26.2270985, -26.2291946, -26.227829
1532.399999999997, -26.164856, -26.1659374, -26.1646309, -26.1687889, -26.1677227, -26.1683235, -26.1644783, -26.1641293, -26.1625137, -26.1637859
1532.4999999999968, -26.2099075, -26.211895, -26.2118988, -26.2094994, -26.2086029, -26.208725, -26.2094173, -26.2093201, -26.2078972, -26.2098103
1532.5999999999967, -26.1270885, -26.1266804, -26.1281929, -26.1264381, -26.1256218, -26.1243286, -26.1276627, -26.1237984, -26.121254, -26.1230965
1532.6999999999966, -26.1499882, -26.1473866, -26.1492558, -26.1521873, -26.1498909, -26.1502724, -26.1488895, -26.1463165, -26.1439648, -26.145647
1532.7999999999965, -26.1893387, -26.1903706, -26.1915932, -26.1891689, -26.1875362, -26.1843033, -26.1849995, -26.1861191, -26.1830235, -26.1840763
1532.8999999999965, -26.1898785, -26.1911182, -26.1908798, -26.191143, -26.1907921, -26.1891136, -26.1898384, -26.1880531, -26.1901741, -26.1853065
1532.9999999999964, -26.1801395, -26.1791801, -26.1781845, -26.1771259, -26.1775208, -26.1757889, -26.1789474, -26.1773148, -26.1774025, -26.175396
1533.0999999999963, -26.1426105, -26.1438789, -26.1447811, -26.145546, -26.1456184, -26.1456203, -26.1453304, -26.1447334, -26.1444073, -26.1418934
1533.1999999999962, -26.1165047, -26.1166515, -26.1169529, -26.1163368, -26.1174755, -26.1166706, -26.1136761, -26.1132812, -26.1147423, -26.1151161
1533.299999999996, -26.1282787, -26.1280365, -26.129034, -26.1309509, -26.1306305, -26.1324444, -26.1312485, -26.1279202, -26.1277161, -26.1284428
1533.399999999996, -26.120924, -26.1209412, -26.1173954, -26.1179867, -26.1158161, -26.116291, -26.115202, -26.1144314, -26.1146717, -26.1132889
1533.499999999996, -26.028368, -26.0289001, -26.0274734, -26.0273647, -26.0258121, -26.0283489, -26.0262222, -26.0274639, -26.0233078, -26.0197868
1533.5999999999958, -26.0829372, -26.0808697, -26.0766277, -26.0762253, -26.0761318, -26.0774899, -26.0771866, -26.075388, -26.0727673, -26.0722923
1533.6999999999957, -26.055521, -26.0561695, -26.0561352, -26.0559921, -26.0557327, -26.0527973, -26.0501747, -26.0497913, -26.0495205, -26.0466137
1533.7999999999956, -26.0946846, -26.0955334, -26.0947914, -26.0931396, -26.0918827, -26.0913315, -26.0889721, -26.0873737, -26.0872669, -26.08918
1533.8999999999955, -26.0738258, -26.0715389, -26.0713673, -26.0703049, -26.0707779, -26.068409, -26.0674686, -26.0679035, -26.0635319, -26.0654449
1533.9999999999955, -25.9770546, -25.974968, -25.9761963, -25.9754829, -25.9751129, -25.9730511, -25.9753151, -25.9741859, -25.9720287, -25.9717979
1534.0999999999954, -26.0318718, -26.032999, -26.0326157, -26.0315704, -26.0281086, -26.0279064, -26.0290031, -26.0309505, -26.0299854, -26.030592
1534.1999999999953, -25.9447823, -25.9445286, -25.9448814, -25.9449654, -25.9452019, -25.9444675, -25.9445229, -25.9411697, -25.9373055, -25.9408112
1534.2999999999952, -25.9796562, -25.9776459, -25.9769535, -25.9755306, -25.9782963, -25.9782448, -25.9760799, -25.9784164, -25.9743176, -25.9775581
1534.399999999995, -25.8949356, -25.8933697, -25.8945141, -25.894495, -25.8904743, -25.8858566, -25.8879242, -25.890173, -25.8909492, -25.8932724
1534.499999999995, -25.9124012, -25.9136333, -25.91082, -25.9114075, -25.9087563, -25.9059563, -25.9040451, -25.9053707, -25.9086037, -25.9082184
1534.599999999995, -25.8847847, -25.8850689, -25.8791142, -25.8797913, -25.8811245, -25.8821964, -25.8830128, -25.8823738, -25.8797455, -25.8827667
1534.6999999999948, -25.9316101, -25.9276981, -25.9249458, -25.925499, -25.9276924, -25.9279022, -25.9233074, -25.9203854, -25.9195766, -25.921236
1534.7999999999947, -25.8602219, -25.8610439, -25.8623466, -25.8613148, -25.8617668, -25.8603764, -25.8606148, -25.858839, -25.8621502, -25.8635559
1534.8999999999946, -25.8291874, -25.8303394, -25.8306446, -25.8302517, -25.8303852, -25.8315773, -25.8301716, -25.8288345, -25.8293743, -25.8291893
1534.9999999999945, -25.7849293, -25.7835541, -25.783514, -25.7837143, -25.7880192, -25.7883377, -25.7897186, -25.7874832, -25.7900352, -25.7916126
1535.0999999999945, -25.7952576, -25.7943439, -25.7968254, -25.7978497, -25.7971954, -25.8008881, -25.7991028, -25.798502, -25.8003998, -25.8022251
1535.1999999999944, -25.7795925, -25.7823505, -25.784132, -25.7875595, -25.7865295, -25.7858486, -25.784235, -25.7863674, -25.7881546, -25.789814
1535.2999999999943, -25.72258, -25.7284184, -25.72966, -25.7293854, -25.731287, -25.7314663, -25.7293816, -25.7329597, -25.7352829, -25.732975
1535.3999999999942, -25.730278, -25.7331028, -25.7329655, -25.7313919, -25.7323475, -25.7348804, -25.732502, -25.7348442, -25.7322426, -25.7361183
1535.499999999994, -25.6924381, -25.6917744, -25.6885643, -25.6858158, -25.6874905, -25.6904316, -25.6924706, -25.6918983, -25.6925468, -25.6916027
1535.599999999994, -25.7026558, -25.7004395, -25.7003231, -25.7015724, -25.7015209, -25.7029667, -25.7046852, -25.7030067, -25.7039471, -25.7040234
1535.699999999994, -25.7081299, -25.7072964, -25.7084751, -25.7100525, -25.7097702, -25.7087097, -25.7071915, -25.708952, -25.71105, -25.7107868
1535.7999999999938, -25.5924568, -25.593998, -25.5945492, -25.5962238, -25.5972042, -25.5925465, -25.5929489, -25.5939083, -25.5971394, -25.596405
1535.8999999999937, -25.6423531, -25.641407, -25.6412659, -25.6383305, -25.6383419, -25.6426105, -25.6454659, -25.6451035, -25.6444473, -25.646656
1535.9999999999936, -25.5944977, -25.5941391, -25.5933781, -25.5929165, -25.5947533, -25.5944958, -25.5963097, -25.5971336, -25.5950184, -25.5922356
1536.0999999999935, -25.6312675, -25.6256886, -25.6236019, -25.6278896, -25.6336136, -25.6332188, -25.6351929, -25.6350346, -25.6355762, -25.6361637
1536.1999999999935, -25.5581093, -25.5565777, -25.55896, -25.5630417, -25.5637913, -25.5643902, -25.5638447, -25.563427, -25.5617313, -25.5644283
1536.2999999999934, -25.5726757, -25.574585, -25.5766525, -25.576395, -25.5768738, -25.5753403, -25.5730057, -25.5714607, -25.5730324, -25.5752945
1536.3999999999933, -25.4992428, -25.4981384, -25.4957275, -25.492054, -25.4901104, -25.489521, -25.493454, -25.4951038, -25.4971352, -25.498188
1536.4999999999932, -25.5652943, -25.5663872, -25.5633469, -25.5626469, -25.5613346, -25.5612354, -25.5615826, -25.5639915, -25.5629921, -25.561758
1536.599999999993, -25.4741993, -25.4747353, -25.4729996, -25.4734898, -25.4716473, -25.4718227, -25.4703503, -25.4710083, -25.470026, -25.470396
1536.699999999993, -25.503397, -25.5032291, -25.5018196, -25.5011482, -25.5002441, -25.5020561, -25.500864, -25.4994278, -25.4991264, -25.5005531
1536.799999999993, -25.4326801, -25.4329224, -25.4316654, -25.4332714, -25.4339771, -25.4344101, -25.433548, -25.4335938, -25.432312, -25.4309101
1536.8999999999928, -25.4723301, -25.473135, -25.4727135, -25.4711685, -25.4722137, -25.4635296, -25.4658432, -25.4696751, -25.4546337, -25.4610653
1536.9999999999927, -25.4607201, -25.4604836, -25.4585419, -25.4573097, -25.4579372, -25.4593163, -25.462101, -25.4622631, -25.4614792, -25.4605465
1537.0999999999926, -25.4439411, -25.4437103, -25.4426003, -25.4456215, -25.4457607, -25.4472027, -25.4481583, -25.4485111, -25.4474621, -25.4491463
1537.1999999999925, -25.4187603, -25.4174938, -25.4146843, -25.4196911, -25.4186172, -25.4177208, -25.4147911, -25.4149284, -25.4192142, -25.4190998
1537.2999999999925, -25.4493484, -25.4486465, -25.4480667, -25.4459839, -25.4452248, -25.4441204, -25.4446754, -25.4454308, -25.4469013, -25.4465752
1537.3999999999924, -25.4124603, -25.4128532, -25.4137268, -25.4133434, -25.4125252, -25.4132919, -25.4131012, -25.4122639, -25.4124069, -25.4123287
1537.4999999999923, -25.4539852, -25.4541988, -25.44767, -25.4414062, -25.4461842, -25.4495354, -25.4529495, -25.4525642, -25.4522419, -25.4520645
1537.5999999999922, -25.3389778, -25.335331, -25.3357487, -25.3364391, -25.3391247, -25.3388062, -25.3382206, -25.3390388, -25.339304, -25.3370914
1537.699999999992, -25.4158039, -25.3964443, -25.3993111, -25.4071808, -25.4179688, -25.418848, -25.4201546, -25.4216061, -25.4211712, -25.4216633
1537.799999999992, -25.3707008, -25.3717518, -25.3723049, -25.3721905, -25.3733044, -25.3728657, -25.3735313, -25.3727226, -25.3719044, -25.3729458
1537.899999999992, -25.4163113, -25.4145432, -25.4152756, -25.4154625, -25.4145794, -25.4158077, -25.4158096, -25.4157982, -25.4156494, -25.4158134
1537.9999999999918, -25.3063297, -25.3105621, -25.308197, -25.3093605, -25.3104343, -25.3115444, -25.3115501, -25.3103504, -25.3102818, -25.3102036
1538.0999999999917, -25.3947315, -25.3945045, -25.3971615, -25.397047, -25.3967667, -25.3972816, -25.3991489, -25.3992996, -25.3990421, -25.3983822
1538.1999999999916, -25.2523537, -25.2654591, -25.2906647, -25.3107605, -25.3133888, -25.313015, -25.3129559, -25.3128605, -25.3111229, -25.3126812
1538.2999999999915, -25.4071789, -25.4068604, -25.405447, -25.4060307, -25.4075279, -25.4075699, -25.4070129, -25.407608, -25.4067535, -25.4054394
1538.3999999999915, -25.3263397, -25.3240719, -25.3252544, -25.3233891, -25.3262501, -25.3280888, -25.3253975, -25.3230705, -25.3214569, -25.3243256
1538.4999999999914, -25.3503952, -25.3499832, -25.3484421, -25.348875, -25.3479118, -25.3480167, -25.3421402, -25.3468018, -25.3479614, -25.3473873
1538.5999999999913, -25.2972431, -25.2970486, -25.2958527, -25.2961311, -25.2932777, -25.294981, -25.2963562, -25.2970829, -25.2960739, -25.2960281
1538.6999999999912, -25.3533878, -25.3532238, -25.3528938, -25.3557835, -25.3566341, -25.3556023, -25.3551712, -25.35532, -25.3550987, -25.3561935
1538.799999999991, -25.2776279, -25.2774086, -25.2772923, -25.2761574, -25.276226, -25.2782269, -25.2788506, -25.2781582, -25.2780266, -25.2790184
1538.899999999991, -25.2809086, -25.2818298, -25.2805195, -25.2781582, -25.2795887, -25.281002, -25.2820797, -25.2835255, -25.283371, -25.2827606
1538.999999999991, -25.2473621, -25.2470608, -25.2451992, -25.2420692, -25.2401123, -25.2418041, -25.2420044, -25.2417412, -25.2423038, -25.2376251
1539.0999999999908, -25.2857361, -25.2832737, -25.2818203, -25.282135, -25.2828693, -25.2827606, -25.2803421, -25.2787018, -25.2785378, -25.2789879
1539.1999999999907, -25.2576466, -25.2578335, -25.2571583, -25.2565002, -25.2568245, -25.2555542, -25.2544498, -25.254034, -25.2550297, -25.255537
1539.2999999999906, -25.2896042, -25.2903709, -25.2927666, -25.2928391, -25.292551, -25.2920628, -25.29282, -25.2946205, -25.29599, -25.2932892
1539.3999999999905, -25.1902275, -25.1906052, -25.1955299, -25.1957932, -25.1964569, -25.1942329, -25.1936569, -25.1942921, -25.1934662, -25.1947708
1539.4999999999905, -25.2337265, -25.2353077, -25.2364502, -25.2319527, -25.2312298, -25.2312737, -25.2328377, -25.2343426, -25.2343941, -25.2351151
1539.5999999999904, -25.1640568, -25.1655579, -25.1621647, -25.1597862, -25.1572552, -25.1579323, -25.1571846, -25.1601944, -25.1591148, -25.1575413
1539.6999999999903, -25.208456, -25.2078266, -25.2056751, -25.2043228, -25.2056789, -25.2052288, -25.2046585, -25.2051983, -25.2067127, -25.2050438
1539.7999999999902, -25.084837, -25.084219, -25.0820827, -25.0815277, -25.0848598, -25.0844631, -25.0835094, -25.0811348, -25.0791512, -25.0773621
1539.89999999999, -25.1122837, -25.1142464, -25.1152725, -25.1159554, -25.1171455, -25.1186066, -25.1166172, -25.1154842, -25.1166878, -25.1176853
1539.99999999999, -25.0531254, -25.0535927, -25.0531864, -25.0525074, -25.0559654, -25.0560532, -25.0554237, -25.0565014, -25.0562191, -25.0567245
1540.09999999999, -25.1197376, -25.1186733, -25.1186714, -25.1197281, -25.1190071, -25.1207199, -25.1201439, -25.1191349, -25.1171188, -25.1181736
1540.1999999999898, -25.0616684, -25.0604343, -25.0619221, -25.061491, -25.0624866, -25.0625076, -25.0618839, -25.059557, -25.0575962, -25.0593262
1540.2999999999897, -25.0462189, -25.0463066, -25.045393, -25.0443726, -25.042696, -25.0433712, -25.0453644, -25.0461826, -25.0469055, -25.0463238
1540.3999999999896, -24.9452782, -24.9455166, -24.9458218, -24.9443893, -24.9466038, -24.9467278, -24.9469833, -24.9476662, -24.9479179, -24.9473114
1540.4999999999895, -25.0063496, -25.0075417, -25.0089931, -25.0095177, -25.008234, -25.0090122, -25.0093155, -25.009407, -25.0084953, -25.0089302
1540.5999999999894, -24.9075775, -24.9098835, -24.9119587, -24.9120693, -24.9125977, -24.9132919, -24.9122944, -24.91366, -24.9129772, -24.9114857
1540.6999999999894, -24.8992329, -24.8971901, -24.9009285, -24.8996391, -24.8998604, -24.9011364, -24.9022865, -24.9034557, -24.9029541, -24.904047
1540.7999999999893, -24.8574429, -24.8563671, -24.8561897, -24.8539066, -24.8551636, -24.8533649, -24.854929, -24.8521862, -24.8495598, -24.8505707
1540.8999999999892, -24.8506184, -24.8515396, -24.8503742, -24.8506298, -24.8509426, -24.8507004, -24.8501835, -24.849226, -24.8461666, -24.8466396
1540.999999999989, -24.8350697, -24.8358002, -24.8361034, -24.8354263, -24.8338814, -24.8345089, -24.8351383, -24.833992, -24.8326492, -24.8312378
1541.099999999989, -24.7911968, -24.7891121, -24.7904301, -24.7879715, -24.7891445, -24.7911282, -24.7901516, -24.7919044, -24.7906456, -24.7931767
1541.199999999989, -24.7455769, -24.7489071, -24.7505894, -24.7518806, -24.7519054, -24.7522659, -24.7503719, -24.7500496, -24.7505913, -24.7482071
1541.2999999999888, -24.7446842, -24.7442551, -24.7423248, -24.7423916, -24.7410183, -24.7418461, -24.7394505, -24.7392616, -24.7381191, -24.7371216
1541.3999999999887, -24.6510239, -24.6503506, -24.6497059, -24.6494656, -24.6491623, -24.6491051, -24.6464844, -24.6465588, -24.6480732, -24.6480484
1541.4999999999886, -24.678791, -24.6787205, -24.6789742, -24.6812019, -24.6782799, -24.6783752, -24.6779938, -24.6782265, -24.67696, -24.6766129
1541.5999999999885, -24.6177177, -24.620451, -24.6221962, -24.6221848, -24.6200981, -24.6197128, -24.6183681, -24.617178, -24.6174259, -24.6124897
1541.6999999999884, -24.607235, -24.6079826, -24.611063, -24.6116295, -24.6099281, -24.6094933, -24.6096992, -24.6086903, -24.6055031, -24.6031799
1541.7999999999884, -24.5832424, -24.5832119, -24.5833149, -24.5908775, -24.5953026, -24.5970745, -24.5980663, -24.5992355, -24.5974312, -24.596983
1541.8999999999883, -24.5544643, -24.5538063, -24.5537834, -24.5557041, -24.5554314, -24.5544109, -24.5545349, -24.5545406, -24.5546989, -24.5550251
1541.9999999999882, -24.5215359, -24.5220833, -24.5221634, -24.5238228, -24.5224705, -24.5217476, -24.5186672, -24.5204105, -24.5205498, -24.5190048
1542.099999999988, -24.4748631, -24.4753284, -24.4731941, -24.471384, -24.4721146, -24.4729061, -24.471529, -24.4722996, -24.4728146, -24.4692459
1542.199999999988, -24.4446774, -24.4442444, -24.4453735, -24.444828, -24.4443073, -24.4442368, -24.444582, -24.4447556, -24.4443474, -24.4411755
1542.299999999988, -24.4583874, -24.4565392, -24.458004, -24.457737, -24.4562798, -24.4538364, -24.4523182, -24.4530334, -24.4520988, -24.4536133
1542.3999999999878, -24.4268913, -24.4267216, -24.4258442, -24.4283466, -24.4266205, -24.4272385, -24.4200401, -24.4215698, -24.4210358, -24.4214001
1542.4999999999877, -24.3568535, -24.358345, -24.3604527, -24.3618679, -24.3609867, -24.3609085, -24.3600044, -24.3605499, -24.3588562, -24.35812
1542.5999999999876, -24.4092598, -24.4083424, -24.409174, -24.4084492, -24.4091873, -24.4073906, -24.4068451, -24.406971, -24.4060459, -24.4013252
1542.6999999999875, -24.3385048, -24.3433151, -24.3434238, -24.3443489, -24.3445873, -24.3448677, -24.3455639, -24.3437767, -24.3450966, -24.3438053
1542.7999999999874, -24.4108791, -24.410408, -24.4066086, -24.4102097, -24.4123154, -24.4099903, -24.4096336, -24.408968, -24.4081841, -24.4082794
1542.8999999999874, -24.2872505, -24.2870178, -24.2861595, -24.2859669, -24.2872086, -24.2872353, -24.2881641, -24.2874947, -24.2863483, -24.2855625
1542.9999999999873, -24.2783222, -24.2776852, -24.2763767, -24.2786541, -24.2793179, -24.2761459, -24.2779026, -24.2753963, -24.277441, -24.2772408
1543.0999999999872, -24.2522469, -24.2528915, -24.2550774, -24.2537498, -24.2565041, -24.254406, -24.2542591, -24.2513962, -24.2518158, -24.2519836
1543.199999999987, -24.2850399, -24.2852192, -24.2838154, -24.2826443, -24.2812424, -24.2843227, -24.2849197, -24.2849808, -24.2836514, -24.283802
1543.299999999987, -24.2236481, -24.2228336, -24.2233219, -24.2206783, -24.224966, -24.2231293, -24.2250309, -24.2246628, -24.2245064, -24.2246838
1543.399999999987, -24.2590714, -24.2591095, -24.2609253, -24.262289, -24.2636414, -24.2616959, -24.2614651, -24.2628727, -24.262888, -24.2615299
1543.4999999999868, -24.1951771, -24.1953773, -24.1965237, -24.1973743, -24.1972065, -24.19524, -24.1967106, -24.192276, -24.1946163, -24.1939545
1543.5999999999867, -24.2724342, -24.2718086, -24.2727451, -24.2739887, -24.2717419, -24.2700214, -24.2692127, -24.2753105, -24.2734299, -24.277113
1543.6999999999866, -24.2196541, -24.2205524, -24.2198143, -24.21912, -24.2194042, -24.2215004, -24.2237511, -24.2289429, -24.2260704, -24.226841
1543.7999999999865, -24.2196159, -24.2206745, -24.2196045, -24.2199917, -24.220665, -24.2179089, -24.2207451, -24.216856, -24.2196236, -24.2186661
1543.8999999999864, -24.1133156, -24.1144447, -24.1135654, -24.1129799, -24.1115971, -24.1125393, -24.1124134, -24.1109295, -24.1101818, -24.1082096
1543.9999999999864, -24.173748, -24.1749554, -24.1750336, -24.1753063, -24.174139, -24.1772423, -24.1772194, -24.1773167, -24.1750355, -24.1772003
1544.0999999999863, -24.1133728, -24.1165695, -24.1137371, -24.1154022, -24.1160011, -24.116354, -24.1196175, -24.1171818, -24.1181564, -24.1190548
1544.1999999999862, -24.2112789, -24.2105198, -24.2094765, -24.211998, -24.2126465, -24.2117043, -24.212429, -24.2130241, -24.213377, -24.2126217
1544.299999999986, -24.083128, -24.0830288, -24.0867023, -24.0841198, -24.0873318, -24.0855618, -24.0865021, -24.0891438, -24.0861778, -24.0855064
1544.399999999986, -24.1366386, -24.135603, -24.1372051, -24.1345787, -24.1341763, -24.1290169, -24.1358681, -24.1322498, -24.1353531, -24.1327858
1544.499999999986, -24.0823765, -24.0827522, -24.0807571, -24.0798244, -24.0796585, -24.0804367, -24.0807838, -24.0828857, -24.0807629, -24.0799065
1544.5999999999858, -24.1398373, -24.1380615, -24.1407871, -24.1395893, -24.141655, -24.1410789, -24.1409512, -24.1375046, -24.1393051, -24.1354065
1544.6999999999857, -24.0161324, -24.015625, -24.0149555, -24.01511, -24.0145702, -24.0175266, -24.0147266, -24.016016, -24.0153923, -24.0145168
1544.7999999999856, -24.0545006, -24.0539722, -24.0538101, -24.0515957, -24.050909, -24.0514812, -24.0511475, -24.0534554, -24.0515633, -24.0538311
1544.8999999999855, -23.9717751, -23.9719334, -23.9725437, -23.9731922, -23.9712753, -23.9722004, -23.9723091, -23.9723568, -23.9686108, -23.9698582
1544.9999999999854, -24.052599, -24.0528469, -24.0508118, -24.0513077, -24.0519276, -24.0528049, -24.0517349, -24.051136, -24.0496025, -24.0494957
1545.0999999999854, -24.0088234, -24.0066528, -24.0077667, -24.0089531, -24.0075741, -24.0051689, -24.0039597, -24.0022888, -24.0012188, -24.0026188
1545.1999999999853, -23.9953671, -23.9970627, -23.9946327, -23.9944839, -23.9927006, -23.9949226, -23.9956627, -24.0002785, -24.0035992, -23.9986153
1545.2999999999852, -23.9560471, -23.9529209, -23.9537716, -23.9531174, -23.9550915, -23.9581833, -23.961092, -23.9605923, -23.95961, -23.9565735
1545.399999999985, -23.9808846, -23.9817734, -23.9870358, -23.9844952, -23.9878464, -23.9910583, -23.987278, -23.9907932, -23.9900665, -23.9894371
1545.499999999985, -23.9104004, -23.9119053, -23.9114246, -23.9099312, -23.9150887, -23.912735, -23.907465, -23.9100018, -23.9090862, -23.9110985
1545.599999999985, -23.9290676, -23.9277325, -23.9333344, -23.9340706, -23.9277859, -23.9258728, -23.9256458, -23.9297752, -23.9302101, -23.931654
1545.6999999999848, -23.8149223, -23.815321, -23.8106995, -23.8125954, -23.8139267, -23.8147221, -23.8161602, -23.8110313, -23.8114471, -23.8134232
1545.7999999999847, -23.8920803, -23.8905334, -23.894331, -23.896656, -23.8960915, -23.8925095, -23.8921223, -23.8958931, -23.8964558, -23.8945789
1545.8999999999846, -23.8346252, -23.8373699, -23.8368702, -23.8345566, -23.8325939, -23.8348751, -23.8365555, -23.8369789, -23.8343964, -23.833107
1545.9999999999845, -23.8467503, -23.8462048, -23.8448792, -23.8455219, -23.8489094, -23.8468609, -23.849371, -23.8438644, -23.8475819, -23.8444824
1546.0999999999844, -23.7828236, -23.7831593, -23.7830677, -23.7833023, -23.7815762, -23.7813568, -23.7796822, -23.7817097, -23.7835827, -23.7829361
1546.1999999999844, -23.7272243, -23.7273846, -23.7261848, -23.7231865, -23.7255936, -23.7252331, -23.7266827, -23.7265148, -23.7256374, -23.7259827
1546.2999999999843, -23.7284603, -23.7310295, -23.728178, -23.7327328, -23.7290077, -23.7300224, -23.7291546, -23.7293205, -23.7291946, -23.7309952
1546.3999999999842, -23.7068653, -23.7075806, -23.7058983, -23.7068443, -23.7069759, -23.7039833, -23.706377, -23.7050838, -23.706068, -23.7044353
1546.499999999984, -23.6171856, -23.6148891, -23.6133766, -23.6143398, -23.6141376, -23.6141815, -23.6130524, -23.6123962, -23.6106548, -23.6150284
1546.599999999984, -23.6053867, -23.6067848, -23.6067047, -23.6046677, -23.6075439, -23.606245, -23.6060581, -23.608427, -23.6038895, -23.6071358
1546.699999999984, -23.5935841, -23.5939369, -23.5922565, -23.5924606, -23.5919476, -23.5959435, -23.5936317, -23.5948505, -23.5909081, -23.5943527
1546.7999999999838, -23.5776157, -23.5771465, -23.5785618, -23.5786743, -23.5780106, -23.5784245, -23.5780773, -23.5770302, -23.5781517, -23.5779533
1546.8999999999837, -23.6317825, -23.6312733, -23.6309319, -23.6296043, -23.6307678, -23.6288738, -23.6323795, -23.6305199, -23.628088, -23.6300888
1546.9999999999836, -23.4485416, -23.4537411, -23.4564209, -23.4569149, -23.4564991, -23.457592, -23.4585304, -23.4582424, -23.459692, -23.4624538
1547.0999999999835, -23.4830551, -23.4826183, -23.4823837, -23.4821014, -23.4816151, -23.4821014, -23.4797573, -23.4843998, -23.4786472, -23.4837475
1547.1999999999834, -23.4020996, -23.4014797, -23.4017754, -23.4025097, -23.4019279, -23.4030056, -23.402874, -23.4023666, -23.4025593, -23.4030666
1547.2999999999834, -23.4425297, -23.4418449, -23.442625, -23.4423923, -23.4417763, -23.4415817, -23.4414387, -23.4394245, -23.4409657, -23.442152
1547.3999999999833, -23.3261147, -23.3247185, -23.3244438, -23.3272896, -23.3262844, -23.3264618, -23.3264351, -23.3263512, -23.3272324, -23.3264999
1547.4999999999832, -23.3070107, -23.3066368, -23.3068523, -23.3062534, -23.3059349, -23.3076172, -23.3060017, -23.3061123, -23.307394, -23.3063736
1547.599999999983, -23.3045521, -23.3051682, -23.3051968, -23.3077583, -23.3066921, -23.3062515, -23.3052444, -23.3051491, -23.3066292, -23.3051968
1547.699999999983, -23.3735428, -23.3727169, -23.3711033, -23.3730125, -23.3729649, -23.3724899, -23.3738003, -23.3713608, -23.3708191, -23.3716068
1547.799999999983, -23.2910156, -23.2907352, -23.2912388, -23.2917423, -23.2914162, -23.2929897, -23.2915554, -23.2918072, -23.29286, -23.2900467
1547.8999999999828, -23.2738533, -23.2728424, -23.2745876, -23.2751617, -23.2731857, -23.2743473, -23.2734547, -23.2748089, -23.2741871, -23.2752094
1547.9999999999827, -23.1338615, -23.1358471, -23.1364403, -23.1341496, -23.13591, -23.1324959, -23.1337986, -23.1345978, -23.1322708, -23.1332512
1548.0999999999826, -23.2171993, -23.2190132, -23.2181435, -23.2188587, -23.2183628, -23.220726, -23.2167339, -23.2179413, -23.216917, -23.2200775
1548.1999999999825, -23.1531029, -23.1538334, -23.1529045, -23.1532917, -23.152153, -23.1540585, -23.1521721, -23.1536522, -23.1534996, -23.152813
1548.2999999999824, -23.1537876, -23.1532364, -23.1545448, -23.1539059, -23.1532383, -23.1563606, -23.1535721, -23.1551971, -23.155035, -23.1560802
1548.3999999999824, -23.0267296, -23.0284119, -23.0271492, -23.0277901, -23.0253887, -23.0286579, -23.0263691, -23.0277634, -23.0307713, -23.0281219
1548.4999999999823, -23.1489525, -23.1456718, -23.1490154, -23.1471062, -23.1448994, -23.1460152, -23.1444931, -23.1442146, -23.1433506, -23.1445827
1548.5999999999822, -23.0677586, -23.0687771, -23.0682812, -23.0695381, -23.0705566, -23.0685558, -23.0654163, -23.0580444, -23.0596714, -23.0581779
1548.699999999982, -23.1421337, -23.1420612, -23.145052, -23.1418381, -23.1422863, -23.1423225, -23.1414146, -23.1408386, -23.1424503, -23.1424675
1548.799999999982, -23.0161362, -23.0137672, -23.0141792, -23.0142136, -23.0134621, -23.0131817, -23.0144672, -23.0131741, -23.0131302, -23.0117836
1548.899999999982, -23.0008545, -23.0014095, -22.9996948, -23.0008717, -23.001873, -23.0008106, -23.0014114, -23.0006618, -23.0006714, -22.9999046
1548.9999999999818, -22.9683971, -22.9689064, -22.9680595, -22.9676971, -22.9689503, -22.9684582, -22.9698238, -22.9688625, -22.9701176, -22.9688473
1549.0999999999817, -23.0599613, -23.0609608, -23.0595379, -23.0607204, -23.060112, -23.0607738, -23.0599632, -23.0584888, -23.0612869, -23.0571823
1549.1999999999816, -22.9422474, -22.9389629, -22.9422188, -22.9389381, -22.9413166, -22.9396935, -22.9392567, -22.9408722, -22.9417133, -22.9406815
1549.2999999999815, -22.9612675, -22.9534874, -22.946909, -22.9467449, -22.9462299, -22.9446869, -22.9469509, -22.9468899, -22.9447823, -22.9471416
1549.3999999999814, -22.889019, -22.8896484, -22.8900719, -22.8895969, -22.8897572, -22.8891716, -22.8870831, -22.8878899, -22.8862, -22.8873882
1549.4999999999814, -22.9697456, -22.9669685, -22.9693489, -22.9685936, -22.9720211, -22.970602, -22.9731369, -22.9712772, -22.9718132, -22.9703503
1549.5999999999813, -22.9555721, -22.9564095, -22.9579468, -22.958334, -22.9560986, -22.9567375, -22.9570141, -22.956377, -22.9573574, -22.9578667
1549.6999999999812, -22.883316, -22.8839951, -22.8843327, -22.880291, -22.8828335, -22.8789177, -22.8796978, -22.8821564, -22.8806458, -22.882452
1549.799999999981, -22.8193989, -22.8158226, -22.8174095, -22.8165569, -22.8197556, -22.8197899, -22.8206863, -22.8182793, -22.8152637, -22.8146229
1549.899999999981, -22.883419, -22.8807907, -22.8824692, -22.8871098, -22.8872967, -22.884325, -22.8848095, -22.8824005, -22.8840046, -22.8828583
1549.999999999981, -22.8683586, -22.8681126, -22.8692188, -22.8706741, -22.8708954, -22.8725681, -22.8700905, -22.8714867, -22.8755112, -22.8744469
1550.0999999999808, -22.8764439, -22.8751411, -22.8763351, -22.876461, -22.8751163, -22.8774776, -22.8765545, -22.8778667, -22.8797302, -22.8778248
1550.1999999999807, -22.7712727, -22.768116, -22.7727356, -22.7697105, -22.772522, -22.769207, -22.7717438, -22.7711563, -22.7691975, -22.7700996
1550.2999999999806, -22.7813759, -22.7822533, -22.78125, -22.7813835, -22.78092, -22.7785912, -22.7828007, -22.77952, -22.7841911, -22.7835464
1550.3999999999805, -22.8648777, -22.8636436, -22.8627396, -22.8621159, -22.8630619, -22.8616276, -22.8618145, -22.8615093, -22.8604374, -22.859148
1550.4999999999804, -22.8126831, -22.8138866, -22.8116245, -22.8122425, -22.8101845, -22.8090324, -22.810791, -22.808815, -22.8086967, -22.8068333
1550.5999999999804, -22.7944832, -22.7927971, -22.7931633, -22.7975597, -22.7968521, -22.7962532, -22.7954044, -22.7924137, -22.7893925, -22.7919502
1550.6999999999803, -22.6527481, -22.6496696, -22.6530704, -22.6527004, -22.652235, -22.6550732, -22.6529255, -22.6553555, -22.6541653, -22.6554356
1550.7999999999802, -22.7677364, -22.7649803, -22.7653656, -22.7646179, -22.7630482, -22.7641811, -22.7624702, -22.765276, -22.7658463, -22.765789
1550.89999999998, -22.7847481, -22.7860336, -22.7893009, -22.7880993, -22.7876587, -22.7865791, -22.7881737, -22.7883911, -22.7880974, -22.7898006
1550.99999999998, -22.7550468, -22.7567024, -22.7550144, -22.7544804, -22.7547836, -22.7541008, -22.75667, -22.7546196, -22.7560692, -22.7549076
1551.09999999998, -22.6536732, -22.6565628, -22.6560955, -22.6529026, -22.6515656, -22.6538105, -22.6513653, -22.6499043, -22.6511097, -22.65098
1551.1999999999798, -22.6954594, -22.698246, -22.6979942, -22.7028961, -22.7000599, -22.698391, -22.6981983, -22.6985645, -22.6986122, -22.7001324
1551.2999999999797, -22.6454601, -22.6438885, -22.6426125, -22.6434555, -22.6419525, -22.641922, -22.6400223, -22.6442814, -22.6455345, -22.6470032
1551.3999999999796, -22.7649727, -22.7636833, -22.76507, -22.7671013, -22.7630253, -22.7624722, -22.7611942, -22.7610207, -22.7619438, -22.7617798
1551.4999999999795, -22.5689144, -22.5702877, -22.5692387, -22.5688038, -22.5702324, -22.5669441, -22.568718, -22.5688038, -22.5712109, -22.5667534
1551.5999999999794, -22.5751114, -22.5790405, -22.5779572, -22.5771103, -22.5763435, -22.5780659, -22.5785103, -22.5773964, -22.5804996, -22.5769596
1551.6999999999794, -22.5371552, -22.5373745, -22.5384464, -22.5448284, -22.5461388, -22.5435028, -22.5462627, -22.5446949, -22.5449295, -22.5487919
1551.7999999999793, -22.6665859, -22.6677895, -22.6707439, -22.6699123, -22.6702023, -22.6709042, -22.6695175, -22.6697025, -22.6709137, -22.6734982
1551.8999999999792, -22.5381432, -22.539011, -22.5373974, -22.5384617, -22.5356827, -22.5369358, -22.5373745, -22.5373974, -22.5384922, -22.5406342
1551.999999999979, -22.5063648, -22.506115, -22.5042133, -22.5042038, -22.5053387, -22.5027428, -22.5020847, -22.5013847, -22.5025024, -22.5013676
1552.099999999979, -22.4000664, -22.4035492, -22.4042416, -22.4069977, -22.4043846, -22.4012661, -22.3963184, -22.3969402, -22.3948193, -22.3993225
1552.199999999979, -22.509304, -22.5084877, -22.5058041, -22.5077477, -22.5056267, -22.5063648, -22.504694, -22.5093594, -22.507843, -22.5093269
1552.2999999999788, -22.4662437, -22.4677372, -22.4683628, -22.4676151, -22.4683399, -22.4712849, -22.4702435, -22.4732971, -22.4701653, -22.4721241
1552.3999999999787, -22.432806, -22.4338226, -22.4353981, -22.432127, -22.4361496, -22.434864, -22.4379406, -22.434267, -22.4354992, -22.4324627
1552.4999999999786, -22.2415352, -22.2405853, -22.2398529, -22.2368221, -22.2391815, -22.2401905, -22.2360382, -22.2370377, -22.237051, -22.2377472
1552.5999999999785, -22.3826637, -22.3833218, -22.3847065, -22.3838425, -22.3820915, -22.3788567, -22.3775272, -22.3786755, -22.3795128, -22.3765621
1552.6999999999784, -22.3033199, -22.3013477, -22.3037128, -22.3014812, -22.2997379, -22.2988415, -22.298996, -22.2984104, -22.2981815, -22.3002052
1552.7999999999784, -22.3630085, -22.3646717, -22.3632107, -22.3659477, -22.3654175, -22.365799, -22.3653641, -22.3638058, -22.3626919, -22.3654537
1552.8999999999783, -22.1454659, -22.1462879, -22.1492519, -22.1510715, -22.1500397, -22.1493034, -22.1479053, -22.1469822, -22.1517448, -22.1576328
1552.9999999999782, -22.1506424, -22.1505337, -22.1520672, -22.1506195, -22.150404, -22.150856, -22.1508045, -22.1530132, -22.1559029, -22.1565628
1553.099999999978, -22.1807194, -22.1783829, -22.1779366, -22.1757011, -22.1772079, -22.1755142, -22.1817074, -22.1792774, -22.1789169, -22.1772728
1553.199999999978, -22.1855125, -22.1853809, -22.1783962, -22.1785698, -22.1794338, -22.1814976, -22.1811314, -22.1787071, -22.181181, -22.1798172
1553.299999999978, -22.1579113, -22.1638355, -22.1577682, -22.160696, -22.1611557, -22.1549416, -22.1535149, -22.1529694, -22.1518822, -22.1516228
1553.3999999999778, -22.0148678, -22.0177765, -22.0231113, -22.0179234, -22.0124664, -22.012722, -22.0123005, -22.0130348, -22.0082569, -22.0115643
1553.4999999999777, -22.0020275, -22.0043068, -22.0033989, -22.0041676, -22.0056839, -22.0088234, -22.0118771, -22.0188293, -22.0174236, -22.0114117
1553.5999999999776, -22.0552082, -22.0569172, -22.0540295, -22.0542202, -22.0571785, -22.0585251, -22.0572472, -22.0561886, -22.0578022, -22.0563011
1553.6999999999775, -22.0065994, -22.0102177, -22.0143204, -22.0094776, -22.007349, -22.0062885, -22.0047207, -22.0068703, -22.0050888, -22.0068417
1553.7999999999774, -21.8918743, -21.8893242, -21.8844147, -21.8838768, -21.8880424, -21.8898697, -21.8913403, -21.890295, -21.8832989, -21.8803539
1553.8999999999774, -21.8363571, -21.8375759, -21.8377304, -21.837677, -21.842226, -21.8518715, -21.8535767, -21.8457775, -21.8413982, -21.8377972
1553.9999999999773, -21.8157616, -21.8188152, -21.8159313, -21.8181648, -21.819458, -21.8193855, -21.8150063, -21.8130398, -21.8128586, -21.8142719
1554.0999999999772, -21.9246807, -21.9240322, -21.9243183, -21.9225712, -21.9253941, -21.9239845, -21.9252968, -21.9256115, -21.9262924, -21.9268894
1554.199999999977, -21.8334408, -21.8343067, -21.8337078, -21.8323536, -21.8327885, -21.8305721, -21.8304443, -21.8302593, -21.8291283, -21.8307381
1554.299999999977, -21.7825489, -21.7768879, -21.7762375, -21.7752361, -21.7764473, -21.7779064, -21.7748775, -21.7753735, -21.7725182, -21.7729187
1554.399999999977, -21.720211, -21.7173767, -21.7170124, -21.7233582, -21.7214832, -21.7199059, -21.7239037, -21.7212944, -21.7177391, -21.718338
1554.4999999999768, -21.8152122, -21.8133106, -21.8163013, -21.8165131, -21.8184299, -21.8175144, -21.8194256, -21.8220139, -21.8222752, -21.8220215
1554.5999999999767, -21.7520599, -21.7487583, -21.7436676, -21.7451038, -21.7463169, -21.7441578, -21.7444248, -21.7438469, -21.7434254, -21.7434521
1554.6999999999766, -21.7473297, -21.7445488, -21.7425518, -21.7432384, -21.7474861, -21.7453632, -21.7451553, -21.7393665, -21.7376461, -21.7383823
1554.7999999999765, -21.548975, -21.5505543, -21.5482712, -21.5513287, -21.5533562, -21.5521584, -21.5509472, -21.5478268, -21.5480232, -21.5464878
1554.8999999999764, -21.6737652, -21.6754875, -21.6729832, -21.6670055, -21.6679344, -21.6672802, -21.6664486, -21.6693516, -21.6701984, -21.671648
1554.9999999999764, -21.6503544, -21.6392536, -21.6454163, -21.6458416, -21.6451225, -21.6458817, -21.6479073, -21.6473942, -21.644516, -21.6419277
1555.0999999999763, -21.7236824, -21.7234173, -21.7279129, -21.7297401, -21.7273598, -21.7274246, -21.7294521, -21.7310715, -21.7333164, -21.7348652
1555.1999999999762, -21.5151253, -21.5157738, -21.5192108, -21.5199661, -21.5183372, -21.5127106, -21.5124569, -21.5137939, -21.5149574, -21.5145493
1555.299999999976, -21.5884056, -21.5867882, -21.5859451, -21.5893307, -21.593544, -21.5944328, -21.5885048, -21.5866756, -21.5871582, -21.591711
1555.399999999976, -21.5461826, -21.5450039, -21.5417709, -21.5391312, -21.5400982, -21.5410004, -21.5402908, -21.5394936, -21.5395508, -21.5410709
1555.499999999976, -21.6598282, -21.6557617, -21.6544247, -21.6554527, -21.6517906, -21.6539383, -21.6533775, -21.650362, -21.6494751, -21.6501179
1555.5999999999758, -21.4876461, -21.4926853, -21.4926128, -21.4916153, -21.4923096, -21.4870682, -21.489418, -21.4876709, -21.4880638, -21.4933624
1555.6999999999757, -21.4669323, -21.4656792, -21.4631157, -21.4624977, -21.4632206, -21.4639683, -21.4635925, -21.466898, -21.4646568, -21.4631844
1555.7999999999756, -21.4596138, -21.4581051, -21.4524899, -21.4531918, -21.4598103, -21.4577198, -21.4570675, -21.4552765, -21.4530373, -21.4524288
1555.8999999999755, -21.5419521, -21.5399113, -21.5383968, -21.540123, -21.5451107, -21.5462208, -21.549263, -21.5446434, -21.5411053, -21.5459213
1555.9999999999754, -21.5257683, -21.5239372, -21.521471, -21.5210934, -21.5230446, -21.5224743, -21.5237465, -21.5279083, -21.5325356, -21.5293198
1556.0999999999754, -21.4405384, -21.4358883, -21.4366035, -21.4396267, -21.4367313, -21.4369869, -21.4390106, -21.4318714, -21.4304886, -21.4313011
1556.1999999999753, -21.3562851, -21.3563747, -21.3572826, -21.3578243, -21.3567448, -21.362381, -21.3643055, -21.3649864, -21.3659744, -21.3675098
1556.2999999999752, -21.4840984, -21.48526, -21.4844303, -21.4845772, -21.4852047, -21.4864464, -21.486742, -21.4859295, -21.484848, -21.4856033
1556.399999999975, -21.4911842, -21.4853878, -21.4874477, -21.4792728, -21.478529, -21.4782085, -21.476799, -21.4721661, -21.4715405, -21.4720535
1556.499999999975, -21.4439163, -21.440361, -21.4410057, -21.448782, -21.4421692, -21.437273, -21.4378929, -21.4318428, -21.429018, -21.4307613
1556.599999999975, -21.3513298, -21.3547039, -21.357563, -21.3584347, -21.3626442, -21.3595695, -21.3582153, -21.3541145, -21.3559704, -21.3552475
1556.6999999999748, -21.3244419, -21.3199425, -21.3191738, -21.3186779, -21.3204689, -21.3215523, -21.3204155, -21.3213387, -21.3195114, -21.3228893
1556.7999999999747, -21.4524708, -21.4500561, -21.455328, -21.4546738, -21.4557056, -21.4618511, -21.4580078, -21.4573898, -21.4567184, -21.4576378
1556.8999999999746, -21.3960419, -21.3958492, -21.3945789, -21.397686, -21.39921, -21.3990726, -21.3976326, -21.3975067, -21.3964272, -21.3970299
1556.9999999999745, -21.3357277, -21.331543, -21.3334351, -21.3348293, -21.3333302, -21.3348713, -21.3381557, -21.3339634, -21.3310623, -21.3276997
1557.0999999999744, -21.2256718, -21.2268143, -21.2245102, -21.2239323, -21.2223969, -21.2262325, -21.2304287, -21.2295418, -21.2293701, -21.2281513
1557.1999999999744, -21.3378067, -21.3376217, -21.3390846, -21.337307, -21.3357334, -21.3331909, -21.3375053, -21.3353405, -21.3362923, -21.3315182
1557.2999999999743, -21.3091106, -21.3081665, -21.3071632, -21.3115253, -21.3045158, -21.3031063, -21.3019257, -21.3006077, -21.2976227, -21.2987156
1557.3999999999742, -21.3826485, -21.3832951, -21.3829174, -21.383007, -21.3918419, -21.3896694, -21.3878193, -21.3872414, -21.3842869, -21.3867493
1557.499999999974, -21.1679935, -21.1717606, -21.1687469, -21.171629, -21.1719933, -21.1650295, -21.1656914, -21.1621304, -21.1639862, -21.1609383
1557.599999999974, -21.2545357, -21.2546997, -21.2623196, -21.2685528, -21.267765, -21.2667179, -21.2700443, -21.2719917, -21.271822, -21.263628
1557.699999999974, -21.2152004, -21.2167721, -21.2110958, -21.2138729, -21.2126427, -21.2124805, -21.2125835, -21.2162285, -21.2193451, -21.2184887
1557.7999999999738, -21.3448029, -21.3462753, -21.3447094, -21.344799, -21.3474255, -21.3506031, -21.351181, -21.3524494, -21.3523788, -21.3533154
1557.8999999999737, -21.1460533, -21.1462975, -21.1498909, -21.1533184, -21.1530781, -21.1494484, -21.1515007, -21.1519871, -21.1496925, -21.1515865
1557.9999999999736, -21.1331444, -21.1309738, -21.1286983, -21.1272774, -21.1265659, -21.1282673, -21.129837, -21.1271935, -21.1237259, -21.1254482
1558.0999999999735, -21.0667839, -21.0661583, -21.068491, -21.0726643, -21.0670567, -21.0704403, -21.0656624, -21.0598679, -21.058815, -21.0589504
1558.1999999999734, -21.2053699, -21.2084885, -21.2066879, -21.2050114, -21.206852, -21.2063255, -21.2095737, -21.2036419, -21.2038651, -21.2060375
1558.2999999999734, -21.1339226, -21.1401615, -21.1408901, -21.1413479, -21.1430531, -21.1412468, -21.1430759, -21.1406384, -21.1431484, -21.1410828
1558.3999999999733, -21.1159668, -21.1134777, -21.1141281, -21.1144142, -21.1167183, -21.1233616, -21.1252003, -21.1238995, -21.1177845, -21.1206951
1558.4999999999732, -20.9955254, -20.9967537, -21.0025425, -21.0039387, -21.0065575, -21.0066776, -21.0077763, -21.0045509, -21.0042858, -21.0071239
1558.599999999973, -21.07794, -21.0741024, -21.0738277, -21.0723515, -21.0730076, -21.0734196, -21.0739498, -21.0739059, -21.0737991, -21.0791435
1558.699999999973, -21.0849609, -21.0863476, -21.0822105, -21.0829163, -21.0845356, -21.0840378, -21.0777149, -21.0770035, -21.0764179, -21.0758247
1558.799999999973, -21.0677891, -21.0666389, -21.0649376, -21.065321, -21.0667667, -21.067358, -21.069828, -21.0697536, -21.0723133, -21.0727711
1558.8999999999728, -20.8450127, -20.8450031, -20.8466568, -20.8445415, -20.8428936, -20.841732, -20.8416042, -20.8407459, -20.8432541, -20.8417225
1558.9999999999727, -20.9320011, -20.928442, -20.9256649, -20.9302921, -20.9267883, -20.9275875, -20.9249229, -20.9302769, -20.9308338, -20.9318008
1559.0999999999726, -20.9349613, -20.9365425, -20.9364948, -20.9358234, -20.9348545, -20.9371281, -20.9369831, -20.9375839, -20.9396477, -20.9363251
1559.1999999999725, -20.9425163, -20.9429455, -20.9436169, -20.9500351, -20.9481564, -20.9404602, -20.9381733, -20.9367619, -20.9406719, -20.9410858
1559.2999999999724, -20.9283886, -20.9287014, -20.9318504, -20.929842, -20.9280262, -20.9263554, -20.9258156, -20.9317455, -20.933073, -20.93256
1559.3999999999724, -20.7408867, -20.7392139, -20.7402706, -20.7447414, -20.7430611, -20.7441444, -20.7439842, -20.7465401, -20.745306, -20.7472782
1559.4999999999723, -20.8481159, -20.8469963, -20.8482647, -20.8492908, -20.8485146, -20.8471565, -20.8484097, -20.84548, -20.8435326, -20.849268
1559.5999999999722, -20.8184223, -20.8170986, -20.8130856, -20.8176365, -20.8149548, -20.8171463, -20.8160076, -20.8156128, -20.8184795, -20.8177013
1559.699999999972, -20.8559799, -20.8515892, -20.8505535, -20.8485947, -20.8504372, -20.8485947, -20.852684, -20.8473015, -20.8487549, -20.8479671
1559.799999999972, -20.6670113, -20.666235, -20.6677341, -20.6650696, -20.6666737, -20.6724796, -20.673439, -20.6672134, -20.6644917, -20.6637421
1559.899999999972, -20.7016525, -20.7047577, -20.7029877, -20.7019329, -20.7035198, -20.7009087, -20.7021847, -20.7026176, -20.7023964, -20.6997528
1559.9999999999718, -20.6643696, -20.6669693, -20.6679459, -20.6741886, -20.6657619, -20.6636143, -20.6696377, -20.6724491, -20.6706257, -20.6672287
1560.0999999999717, -20.8148766, -20.8100433, -20.8098812, -20.8137283, -20.8178616, -20.8203468, -20.8244896, -20.8274288, -20.8205795, -20.8195324
1560.1999999999716, -20.6504803, -20.6508522, -20.6499615, -20.652317, -20.6481342, -20.6499023, -20.6510773, -20.6494064, -20.6479664, -20.6480675
1560.2999999999715, -20.6298885, -20.6323376, -20.6351261, -20.6372986, -20.6336117, -20.63064, -20.630949, -20.6340504, -20.6412506, -20.6333218
1560.3999999999714, -20.5132046, -20.5126476, -20.5107975, -20.5109978, -20.5125446, -20.5142803, -20.5161648, -20.5191631, -20.5217381, -20.5200539
1560.4999999999714, -20.6638489, -20.6663132, -20.6643238, -20.6655178, -20.6640625, -20.6683941, -20.6788101, -20.6756954, -20.6788979, -20.6706562
1560.5999999999713, -20.5736675, -20.5748386, -20.5737171, -20.5749435, -20.5741673, -20.574295, -20.5725327, -20.5740757, -20.5764484, -20.5778885
1560.6999999999712, -20.5758572, -20.5731182, -20.5770969, -20.5741749, -20.5759392, -20.5752087, -20.5705681, -20.5692253, -20.5777607, -20.5807781
1560.799999999971, -20.4124813, -20.4103031, -20.4064121, -20.4064274, -20.4036331, -20.4038715, -20.4021912, -20.399662, -20.3999062, -20.3982887
1560.899999999971, -20.557642, -20.5545177, -20.554472, -20.553009, -20.5520077, -20.5499115, -20.5481091, -20.5443363, -20.5465279, -20.5468941
1560.999999999971, -20.5656967, -20.5621738, -20.5669212, -20.5657234, -20.5644684, -20.5650558, -20.5646324, -20.5636463, -20.5630035, -20.5633545
1561.0999999999708, -20.5610943, -20.5676575, -20.5697842, -20.5736084, -20.5762539, -20.5742607, -20.5627441, -20.5725021, -20.5747089, -20.571785
1561.1999999999707, -20.4266186, -20.4278927, -20.4280796, -20.4267445, -20.4275932, -20.4306087, -20.4267349, -20.4334259, -20.4362049, -20.438427
1561.2999999999706, -20.3647022, -20.3630066, -20.3660603, -20.3628349, -20.362154, -20.3551674, -20.3652859, -20.3635902, -20.3649883, -20.3668156
1561.3999999999705, -20.4392586, -20.4417133, -20.4402924, -20.4393482, -20.4380302, -20.4344826, -20.4357033, -20.4337254, -20.4357681, -20.4338303
1561.4999999999704, -20.498518, -20.4984932, -20.5002365, -20.4974785, -20.4964256, -20.495491, -20.4951897, -20.4940338, -20.4953156, -20.4951591
1561.5999999999704, -20.3768864, -20.3796768, -20.3787422, -20.3751049, -20.3740196, -20.3729916, -20.3723354, -20.3767624, -20.3747902, -20.3757668
1561.6999999999703, -20.3128891, -20.315855, -20.3145828, -20.3162975, -20.3110962, -20.3148594, -20.314682, -20.3185234, -20.3179264, -20.3154659
1561.7999999999702, -20.3845692, -20.3890743, -20.3875103, -20.3930874, -20.389843, -20.3923874, -20.3885727, -20.3852024, -20.3890877, -20.3850384
1561.89999999997, -20.3974476, -20.3957348, -20.3940163, -20.3899326, -20.3854885, -20.3903446, -20.3856144, -20.3899994, -20.3873253, -20.3921051
1561.99999999997, -20.5060616, -20.5122948, -20.5127964, -20.5047512, -20.5053024, -20.5024605, -20.5035439, -20.5002308, -20.5030937, -20.5044613
1562.09999999997, -20.3003693, -20.2984047, -20.2984905, -20.3017216, -20.3008099, -20.3067455, -20.3090286, -20.3022881, -20.3019848, -20.3054199
1562.1999999999698, -20.3050499, -20.3007755, -20.301342, -20.3043995, -20.3044758, -20.3080864, -20.304203, -20.3024368, -20.3074493, -20.30439
1562.2999999999697, -20.2604389, -20.2580338, -20.2577591, -20.256176, -20.2530403, -20.2559586, -20.2537079, -20.2545681, -20.2538509, -20.2539158
1562.3999999999696, -20.4259129, -20.4241219, -20.4219303, -20.4248867, -20.4252911, -20.4269123, -20.4221516, -20.4260025, -20.4196701, -20.4195118
1562.4999999999695, -20.2687721, -20.2649879, -20.2697239, -20.2743263, -20.2706165, -20.268959, -20.2724953, -20.2730656, -20.2757263, -20.2674427
1562.5999999999694, -20.2847385, -20.2886887, -20.2905865, -20.2870617, -20.2873859, -20.2848034, -20.2873039, -20.290453, -20.2905178, -20.2937946
1562.6999999999694, -20.1786003, -20.1790867, -20.1811848, -20.1817665, -20.1844902, -20.1854973, -20.1812878, -20.1805401, -20.1789551, -20.1817398
1562.7999999999693, -20.361227, -20.355751, -20.3646927, -20.3663502, -20.3655853, -20.368185, -20.3682652, -20.3648815, -20.3689365, -20.3670444
1562.8999999999692, -20.3130379, -20.3175259, -20.3173904, -20.3177681, -20.3213425, -20.3245316, -20.3248692, -20.3277988, -20.3264275, -20.3217602
1562.999999999969, -20.3112926, -20.314188, -20.3100147, -20.3103142, -20.3113327, -20.3106365, -20.3101215, -20.3137856, -20.3116589, -20.3089771
1563.099999999969, -20.1299191, -20.1253052, -20.129797, -20.1305695, -20.1316681, -20.1271877, -20.1260052, -20.1280422, -20.1279354, -20.1285286
1563.199999999969, -20.23493, -20.2341499, -20.2331734, -20.2336235, -20.2335281, -20.2337303, -20.2415562, -20.2379627, -20.2413712, -20.2370777
1563.2999999999688, -20.2329388, -20.2350998, -20.2315483, -20.2318192, -20.2320671, -20.2352638, -20.2279339, -20.2346306, -20.2345505, -20.2333584
1563.3999999999687, -20.2847614, -20.2865791, -20.2907505, -20.2885437, -20.2886372, -20.285078, -20.2880154, -20.2855396, -20.2870274, -20.2849426
1563.4999999999686, -20.1317635, -20.1394653, -20.1397858, -20.1412868, -20.1362247, -20.1411705, -20.1355629, -20.1409416, -20.138834, -20.1405258
1563.5999999999685, -20.1220436, -20.1222496, -20.1189747, -20.1220264, -20.1220531, -20.113884, -20.1172295, -20.109333, -20.1163177, -20.114172
1563.6999999999684, -20.1736794, -20.1693592, -20.18256, -20.1879559, -20.187748, -20.1807289, -20.1782722, -20.1773586, -20.1818905, -20.1867905
1563.7999999999683, -20.197073, -20.2008018, -20.1966286, -20.1953678, -20.1912594, -20.1951809, -20.2022457, -20.2039719, -20.2059898, -20.2012863
1563.8999999999683, -20.2126789, -20.205843, -20.2054596, -20.2044754, -20.2097454, -20.2057209, -20.2107582, -20.2062302, -20.2060814, -20.206461
1563.9999999999682, -20.0195694, -20.0185051, -20.0213242, -20.0194874, -20.0220051, -20.0232773, -20.0232677, -20.0229702, -20.0214214, -20.0199337
1564.099999999968, -20.071104, -20.0703888, -20.0696487, -20.0708332, -20.0695686, -20.0704155, -20.0715389, -20.0689392, -20.0677891, -20.0695992
1564.199999999968, -20.1204052, -20.1181164, -20.1177444, -20.1137905, -20.1171074, -20.1157227, -20.1180763, -20.1201534, -20.1140823, -20.1181087
1564.299999999968, -20.1848373, -20.1792183, -20.1795731, -20.1772442, -20.1782818, -20.1789036, -20.1785145, -20.1801243, -20.1785088, -20.1791229
1564.3999999999678, -20.0055676, -20.0072193, -20.0074692, -20.0071011, -20.0073776, -20.0057812, -20.0015984, -20.005331, -20.0049553, -20.0038185
1564.4999999999677, -20.0217762, -20.0268211, -20.0230923, -20.0274811, -20.0253582, -20.0245953, -20.028698, -20.0257092, -20.0270271, -20.0239925
1564.5999999999676, -19.9317932, -19.9326553, -19.928875, -19.9322815, -19.9316158, -19.9334641, -19.9339371, -19.9336414, -19.9350338, -19.9336739
1564.6999999999675, -20.0912514, -20.0866604, -20.0979023, -20.0944214, -20.0975952, -20.0943451, -20.0954037, -20.096386, -20.093544, -20.0961437
1564.7999999999674, -19.9664688, -19.9637794, -19.9719219, -19.9725113, -19.9709473, -19.9708252, -19.9691257, -19.9701176, -19.9690208, -19.9727631
1564.8999999999673, -19.948328, -19.9498119, -19.9493942, -19.9501534, -19.9497871, -19.9493122, -19.9496956, -19.9477158, -19.9495277, -19.9509544
1564.9999999999673, -19.8090191, -19.8075809, -19.8084927, -19.8094788, -19.8057117, -19.8060074, -19.8079357, -19.8087559, -19.8050518, -19.80299
1565.0999999999672, -19.9891472, -19.9861202, -19.9862423, -19.9858513, -19.9870701, -19.9897346, -19.9832077, -19.982563, -19.9859219, -19.9863129
1565.199999999967, -19.9041882, -19.9020405, -19.9023781, -19.9028606, -19.9011364, -19.8963375, -19.8938656, -19.8926888, -19.8918972, -19.8921833
1565.299999999967, -19.9499512, -19.9478817, -19.9480648, -19.945982, -19.946661, -19.9503727, -19.9516945, -19.9496326, -19.9476986, -19.9510803
1565.399999999967, -19.7715149, -19.7737656, -19.7795086, -19.772295, -19.7816677, -19.7814674, -19.7790852, -19.7789955, -19.7803288, -19.7811565
1565.4999999999668, -19.7584667, -19.7624683, -19.7598209, -19.7570419, -19.758194, -19.7613964, -19.7565308, -19.7593956, -19.7582321, -19.7588997
1565.5999999999667, -19.8165245, -19.817852, -19.8183041, -19.8160133, -19.8189125, -19.818264, -19.8167572, -19.8176212, -19.8179703, -19.816391
1565.6999999999666, -19.7824936, -19.7797165, -19.780941, -19.782196, -19.7789364, -19.7820797, -19.7767563, -19.7821541, -19.7795429, -19.7806053
1565.7999999999665, -19.732523, -19.7449207, -19.7415047, -19.743782, -19.7388763, -19.740572, -19.7398891, -19.7400246, -19.741106, -19.7395191
1565.8999999999664, -19.6271648, -19.621563, -19.6242008, -19.6214714, -19.6242161, -19.6232414, -19.6241989, -19.6260509, -19.6248093, -19.6267529
1565.9999999999663, -19.6960049, -19.6931114, -19.6931152, -19.6953888, -19.6936073, -19.6960354, -19.6942902, -19.6921101, -19.6953239, -19.6964378
1566.0999999999663, -19.7285461, -19.7306232, -19.7316856, -19.7324638, -19.7324276, -19.727953, -19.7303677, -19.726799, -19.7302017, -19.7283649
1566.1999999999662, -19.7368355, -19.7387352, -19.7391758, -19.7437649, -19.7446175, -19.7479687, -19.7512131, -19.7534771, -19.7558327, -19.7513161
1566.299999999966, -19.5649147, -19.5619621, -19.5651321, -19.5621948, -19.5650902, -19.5588093, -19.5604496, -19.5629997, -19.5621986, -19.5654202
1566.399999999966, -19.5798416, -19.5781517, -19.5794735, -19.5809765, -19.5783215, -19.5807076, -19.5785694, -19.5782146, -19.5796528, -19.5806866
1566.499999999966, -19.5163631, -19.5160027, -19.5167694, -19.5160694, -19.5152225, -19.5151577, -19.5160198, -19.5164928, -19.5180721, -19.516098
1566.5999999999658, -19.6597176, -19.6649857, -19.656744, -19.6574955, -19.6586075, -19.6519432, -19.661026, -19.6607723, -19.6579628, -19.6623096
1566.6999999999657, -19.4813881, -19.4758339, -19.4824886, -19.4778118, -19.4786758, -19.4730186, -19.4829655, -19.4755173, -19.4900513, -19.4717121
1566.7999999999656, -19.4905777, -19.489399, -19.4917526, -19.4862995, -19.4940681, -19.4875412, -19.494215, -19.4891129, -19.4907589, -19.4854774
1566.8999999999655, -19.3900471, -19.3858414, -19.3885441, -19.3871346, -19.3916302, -19.3873806, -19.3871155, -19.3873615, -19.3874836, -19.3906651
1566.9999999999654, -19.5724583, -19.5722427, -19.5746861, -19.5752048, -19.5745773, -19.5730686, -19.5717087, -19.5727749, -19.5743141, -19.5686398
1567.0999999999653, -19.4235058, -19.4301872, -19.4319191, -19.4357719, -19.4332294, -19.4384346, -19.4419651, -19.4408779, -19.4365082, -19.4371376
1567.1999999999653, -19.4496422, -19.4480896, -19.4489918, -19.4486923, -19.4529209, -19.4523296, -19.4521656, -19.4516792, -19.4514122, -19.4524136
1567.2999999999652, -19.3017082, -19.2988319, -19.2999687, -19.30056, -19.3025055, -19.3018951, -19.309824, -19.3066463, -19.3054638, -19.304348
1567.399999999965, -19.3322258, -19.3334999, -19.3368378, -19.3409348, -19.3389912, -19.334219, -19.3396797, -19.3382969, -19.3413715, -19.3380203
1567.499999999965, -19.403389, -19.4017143, -19.4028053, -19.4031887, -19.4008961, -19.4019432, -19.4012318, -19.4041061, -19.401268, -19.4024715
1567.599999999965, -19.3699856, -19.372633, -19.3686581, -19.3682461, -19.3612976, -19.362442, -19.3675842, -19.3651104, -19.3655167, -19.3677979
1567.6999999999648, -19.2909412, -19.2891521, -19.2907562, -19.2852039, -19.2890835, -19.2893562, -19.290514, -19.2899132, -19.287859, -19.2830448
1567.7999999999647, -19.2547436, -19.2528896, -19.2569008, -19.2548561, -19.2567978, -19.2504406, -19.249054, -19.2556801, -19.2554741, -19.2523117
1567.8999999999646, -19.3066177, -19.3105431, -19.3136063, -19.3110275, -19.3140335, -19.3138733, -19.3118725, -19.314764, -19.3137913, -19.3155956
1567.9999999999645, -19.2873592, -19.2848949, -19.2808018, -19.281683, -19.2823753, -19.2811508, -19.2821388, -19.2802715, -19.2812653, -19.2798595
1568.0999999999644, -19.3208981, -19.3336239, -19.3255043, -19.3337631, -19.3279724, -19.3318825, -19.3297138, -19.3275013, -19.3331127, -19.3305855
1568.1999999999643, -19.1414623, -19.1399574, -19.1438618, -19.1381474, -19.1325932, -19.1437073, -19.1437206, -19.1407299, -19.1468925, -19.1454353
1568.2999999999643, -19.2334137, -19.2338009, -19.231905, -19.2289448, -19.2327251, -19.2308578, -19.229496, -19.2328892, -19.2325211, -19.2312431
1568.3999999999642, -19.1750889, -19.1813183, -19.18363, -19.18116, -19.1798687, -19.1783791, -19.1802216, -19.1782322, -19.1851501, -19.1754417
1568.499999999964, -19.3258133, -19.3283615, -19.3300743, -19.3304691, -19.3321686, -19.3297863, -19.3330078, -19.3308907, -19.3298645, -19.333683
1568.599999999964, -19.1708813, -19.1703968, -19.1692524, -19.1738281, -19.1715851, -19.1720009, -19.172102, -19.1724033, -19.1704502, -19.1705151
1568.699999999964, -19.211895, -19.2103348, -19.2117443, -19.2136021, -19.2088757, -19.2106323, -19.2135201, -19.2125225, -19.209816, -19.2109756
1568.7999999999638, -19.119175, -19.118576, -19.1202641, -19.1242828, -19.1275368, -19.1244717, -19.1181011, -19.1186714, -19.1221771, -19.1264992
1568.8999999999637, -19.2692585, -19.2680969, -19.271946, -19.2733116, -19.2666893, -19.2680969, -19.2656765, -19.2645473, -19.2553635, -19.2605457
1568.9999999999636, -19.1542873, -19.1584225, -19.1565742, -19.1592674, -19.1548347, -19.1529942, -19.1567459, -19.1585159, -19.1565781, -19.1611462
1569.0999999999635, -19.1468945, -19.1486092, -19.1471348, -19.1503296, -19.1484699, -19.1501293, -19.1482258, -19.1490555, -19.1483078, -19.1425781
1569.1999999999634, -19.0675297, -19.0652847, -19.0672054, -19.0690651, -19.0678368, -19.0696335, -19.0676823, -19.0679073, -19.071249, -19.0678368
1569.2999999999633, -19.1465397, -19.144474, -19.1441593, -19.1432171, -19.1429996, -19.1450672, -19.1463642, -19.1432228, -19.1442013, -19.1467762
1569.3999999999633, -19.1815033, -19.1893005, -19.1883907, -19.1893597, -19.1807194, -19.1861897, -19.1863422, -19.1874199, -19.1894341, -19.1921711
1569.4999999999632, -19.1754265, -19.1750412, -19.1755161, -19.1756611, -19.1752357, -19.1744881, -19.1735916, -19.1741409, -19.1759434, -19.1759605
1569.599999999963, -19.0770798, -19.0778675, -19.0858574, -19.0845261, -19.081686, -19.0815582, -19.0839138, -19.0836582, -19.084259, -19.0848408
1569.699999999963, -19.0766029, -19.0789967, -19.0868301, -19.0827198, -19.0848045, -19.0834217, -19.0770836, -19.0710163, -19.0800076, -19.0797672
1569.799999999963, -19.1431942, -19.1389503, -19.1455631, -19.1400566, -19.1436424, -19.1430016, -19.1418839, -19.1423988, -19.1468048, -19.1459484
1569.8999999999628, -19.068121, -19.0690079, -19.0717564, -19.0689869, -19.069046, -19.0604115, -19.0671768, -19.0682144, -19.0739212, -19.0680656
1569.9999999999627, -19.1356106, -19.1431255, -19.1346722, -19.1388874, -19.1367893, -19.1395187, -19.1354599, -19.1408081, -19.137413, -19.1380329
1570.0999999999626, -18.9598007, -18.9603367, -18.9587936, -18.9576607, -18.9598274, -18.9605484, -18.9590721, -18.9596996, -18.9548721, -18.9624157
1570.1999999999625, -19.0742397, -19.0703926, -19.0781612, -19.0727234, -19.0746384, -19.071373, -19.0753117, -19.0738487, -19.07514, -19.0778656
1570.2999999999624, -19.0114365, -19.0089798, -19.009882, -19.0151825, -19.0160637, -19.0186863, -19.0161057, -19.0204277, -19.0180244, -19.0193996
1570.3999999999623, -19.1393223, -19.1460094, -19.1458454, -19.1417866, -19.140152, -19.1416969, -19.1460285, -19.1453094, -19.1473255, -19.1463718
1570.4999999999623, -18.9625244, -18.9643097, -18.9644585, -18.967617, -18.9620895, -18.9650707, -18.971571, -18.9697762, -18.9701939, -18.9716225
1570.5999999999622, -19.0041084, -19.0050888, -19.0023823, -19.0047817, -19.0033321, -18.9990349, -18.9952278, -19.0011978, -18.9987812, -18.9989586
1570.699999999962, -18.9222755, -18.9201946, -18.9215832, -18.9237022, -18.9210281, -18.921175, -18.9195919, -18.922245, -18.9200687, -18.9179611
1570.799999999962, -19.035675, -19.0400829, -19.0370617, -19.0349445, -19.0374298, -19.0399075, -19.037014, -19.037817, -19.0366192, -19.0362663
1570.899999999962, -18.9564857, -18.9506092, -18.9494839, -18.9507694, -18.9540176, -18.9466743, -18.9492683, -18.9523811, -18.954464, -18.9552784
1570.9999999999618, -18.9222374, -18.9233532, -18.9215069, -18.9219551, -18.9235229, -18.9214077, -18.9204254, -18.9211998, -18.9156113, -18.9174194
