wavelength_nm ,power_reading_0_dbm ,power_reading_1_dbm ,power_reading_2_dbm ,power_reading_3_dbm ,power_reading_4_dbm ,power_reading_5_dbm ,power_reading_6_dbm ,power_reading_7_dbm ,power_reading_8_dbm ,power_reading_9_dbm 
1539.0, -15.6070547, -15.6065035, -15.6069336, -15.607358, -15.608037, -15.6083612, -15.6070614, -15.606226, -15.6066484, -15.6075039
1539.1, -14.9494896, -14.9494228, -14.950057, -14.9493093, -14.9495478, -14.9494915, -14.9493113, -14.948905, -14.9488525, -14.9483795
1539.1999999999998, -15.7595072, -15.7591105, -15.7583046, -15.7582474, -15.7588301, -15.7584038, -15.758729, -15.7599306, -15.7601128, -15.7601757
1539.2999999999997, -14.930088, -14.9300709, -14.9303017, -14.9311676, -14.9306612, -14.9301023, -14.9307566, -14.9308453, -14.9307995, -14.9290533
1539.3999999999996, -15.6164474, -15.6159611, -15.6172895, -15.6173887, -15.615797, -15.6153603, -15.6152468, -15.6160631, -15.617959, -15.6186295
1539.4999999999995, -15.0854092, -15.0856199, -15.0848532, -15.0848007, -15.0842667, -15.0846348, -15.0846767, -15.0846996, -15.0836439, -15.0821762
1539.5999999999995, -15.6297541, -15.6286659, -15.628727, -15.6295805, -15.6308212, -15.630373, -15.6287842, -15.6288366, -15.6293249, -15.6288881
1539.6999999999994, -15.1081858, -15.1085167, -15.1077747, -15.1072636, -15.1080446, -15.1088028, -15.1097431, -15.1090641, -15.1097393, -15.1090698
1539.7999999999993, -15.5882854, -15.5882616, -15.589118, -15.5893793, -15.5891333, -15.5887947, -15.5886126, -15.5881653, -15.5873699, -15.5883455
1539.8999999999992, -14.8827744, -14.883954, -14.8842487, -14.8840952, -14.8842773, -14.8841505, -14.8840971, -14.8832607, -14.883317, -14.8841743
1539.999999999999, -15.7766218, -15.7766895, -15.7754135, -15.7751417, -15.7759218, -15.7760925, -15.7761765, -15.7761307, -15.7753897, -15.7756195
1540.099999999999, -14.990818, -14.9915447, -14.9924898, -14.9919519, -14.9918633, -14.9911013, -14.9906979, -14.9910402, -14.9922752, -14.9921541
1540.199999999999, -15.6750298, -15.6740274, -15.6731129, -15.6731453, -15.6743593, -15.6742659, -15.674758, -15.676095, -15.6770544, -15.6765928
1540.2999999999988, -14.8954573, -14.8950653, -14.8972063, -14.8979654, -14.8979692, -14.8977184, -14.8965588, -14.8965406, -14.8971586, -14.896699
1540.3999999999987, -15.7468863, -15.7463512, -15.7464685, -15.7459936, -15.7444954, -15.7449894, -15.746376, -15.7463284, -15.7469463, -15.7479057
1540.4999999999986, -15.0743418, -15.0750275, -15.0755968, -15.0753927, -15.0748529, -15.0744305, -15.0739899, -15.0743513, -15.0728865, -15.0713921
1540.5999999999985, -15.6362171, -15.6350842, -15.6353502, -15.635129, -15.6359758, -15.6354942, -15.6367722, -15.6373205, -15.6367064, -15.6378441
1540.6999999999985, -14.8307085, -14.8308449, -14.8307762, -14.8303232, -14.8300333, -14.8290777, -14.8287468, -14.8295641, -14.8284798, -14.8281593
1540.7999999999984, -15.5265331, -15.5251465, -15.5245323, -15.5236053, -15.5237579, -15.5243521, -15.5238752, -15.5237169, -15.523448, -15.5235634
1540.8999999999983, -14.9919882, -14.9928284, -14.9926443, -14.9912672, -14.9916344, -14.9911089, -14.9908619, -14.9929085, -14.9928427, -14.9916124
1540.9999999999982, -15.6748657, -15.6752605, -15.6752434, -15.6755829, -15.6757746, -15.6762905, -15.6761274, -15.6768036, -15.6769266, -15.6767893
1541.099999999998, -14.8690805, -14.8686314, -14.8684616, -14.8697062, -14.8693752, -14.8680573, -14.8703451, -14.8697386, -14.8701744, -14.8707533
1541.199999999998, -15.5205183, -15.5202017, -15.5205584, -15.5205431, -15.5211096, -15.521184, -15.5211182, -15.521452, -15.5193853, -15.5191717
1541.299999999998, -14.8302507, -14.8298559, -14.8300123, -14.8295689, -14.8290749, -14.8297443, -14.8292589, -14.8280754, -14.8281918, -14.8276091
1541.3999999999978, -15.7219219, -15.7209072, -15.7202492, -15.7200527, -15.719244, -15.7190466, -15.7186508, -15.7173128, -15.7197914, -15.7204523
1541.4999999999977, -14.8064098, -14.8066616, -14.8069572, -14.8072186, -14.8079252, -14.8080549, -14.8088074, -14.8080635, -14.8079443, -14.8074064
1541.5999999999976, -15.3672628, -15.3682547, -15.3690777, -15.3692541, -15.3684416, -15.3689404, -15.3683243, -15.3672037, -15.3667469, -15.3666267
1541.6999999999975, -14.9436913, -14.9444075, -14.9448929, -14.9454041, -14.9450712, -14.9458494, -14.9463663, -14.9470024, -14.9458952, -14.9466438
1541.7999999999975, -15.371829, -15.3728094, -15.3735027, -15.3736601, -15.373847, -15.3745203, -15.3731518, -15.3731012, -15.3739033, -15.3736048
1541.8999999999974, -15.0321035, -15.0317545, -15.0302277, -15.0308485, -15.0307426, -15.0306501, -15.0319576, -15.0317364, -15.0314989, -15.0302277
1541.9999999999973, -15.3398037, -15.3397923, -15.3402834, -15.3412256, -15.3409052, -15.3409967, -15.3420515, -15.3434229, -15.3434753, -15.3435144
1542.0999999999972, -14.7370577, -14.7364349, -14.7357397, -14.7335329, -14.7310019, -14.7315226, -14.7326717, -14.7319183, -14.7339487, -14.7341309
1542.199999999997, -15.5371027, -15.5369005, -15.5367756, -15.5370598, -15.5374355, -15.5386477, -15.5389414, -15.539958, -15.538681, -15.5372858
1542.299999999997, -14.8113775, -14.8119059, -14.8110867, -14.8110638, -14.8107061, -14.8110809, -14.8105869, -14.8092566, -14.8070765, -14.8067198
1542.399999999997, -15.4000063, -15.4003458, -15.4002666, -15.4004011, -15.4020624, -15.4017897, -15.4020834, -15.400979, -15.4011574, -15.4002151
1542.4999999999968, -14.9804468, -14.9805136, -14.9801826, -14.9802694, -14.9800787, -14.9789562, -14.9804878, -14.9802828, -14.9795494, -14.9843273
1542.5999999999967, -15.0027304, -15.001997, -15.0030689, -15.0037785, -15.0031528, -15.0031672, -15.0026169, -15.004055, -15.0038815, -15.0036554
1542.6999999999966, -15.2604656, -15.2603331, -15.2600536, -15.2598362, -15.2590904, -15.2607574, -15.2590532, -15.2590494, -15.2597885, -15.2599821
1542.7999999999965, -15.2371626, -15.236558, -15.2358637, -15.2363882, -15.2370005, -15.2369623, -15.2379494, -15.2378035, -15.2370214, -15.2381935
1542.8999999999965, -14.9646044, -14.9677191, -14.9672461, -14.9692411, -14.9689941, -14.9685392, -14.9677954, -14.970048, -14.9698029, -14.9704571
1542.9999999999964, -15.2289677, -15.2281399, -15.2284231, -15.2275734, -15.2254038, -15.2289391, -15.2312155, -15.2318125, -15.2324247, -15.2302446
1543.0999999999963, -14.8507042, -14.8493586, -14.8497477, -14.8509007, -14.8513365, -14.8507214, -14.8506536, -14.849247, -14.8487167, -14.8491964
1543.1999999999962, -15.4669142, -15.4659405, -15.465416, -15.4647188, -15.4629211, -15.4600124, -15.4614229, -15.463027, -15.4651356, -15.4649954
1543.299999999996, -15.1358433, -15.1359062, -15.1366425, -15.1377935, -15.1367941, -15.1356096, -15.136775, -15.1365967, -15.1360388, -15.1358109
1543.399999999996, -14.9229193, -14.923521, -14.9224367, -14.922492, -14.9222355, -14.9248543, -14.9249592, -14.924675, -14.9220219, -14.9239712
1543.499999999996, -15.3745213, -15.3739147, -15.3743067, -15.3749237, -15.375803, -15.3762026, -15.3754005, -15.374876, -15.3746223, -15.3758354
1543.5999999999958, -14.9586525, -14.959465, -14.9589319, -14.9577131, -14.9572611, -14.9583473, -14.9580994, -14.9584265, -14.9587374, -14.9598417
1543.6999999999957, -15.4647999, -15.4641171, -15.4662504, -15.4656963, -15.4648027, -15.4642782, -15.4654722, -15.4662571, -15.4666567, -15.4673805
1543.7999999999956, -15.0715322, -15.0731859, -15.0758486, -15.0747137, -15.0757408, -15.0778065, -15.0782595, -15.0782003, -15.0778399, -15.0773106
1543.8999999999955, -15.1400623, -15.139719, -15.140028, -15.1399441, -15.1415443, -15.1422319, -15.1424837, -15.1408215, -15.1420813, -15.1395683
1543.9999999999955, -15.1408529, -15.1409941, -15.1412067, -15.1408606, -15.1412239, -15.1410131, -15.1417933, -15.1441994, -15.1443853, -15.1435347
1544.0999999999954, -15.3775759, -15.3784132, -15.3807917, -15.3819866, -15.3836432, -15.3843126, -15.3843613, -15.3854904, -15.3850126, -15.3848972
1544.1999999999953, -15.0029364, -15.0030727, -15.0046215, -15.0049095, -15.0035229, -15.0039959, -15.0046825, -15.0058279, -15.0062428, -15.0059338
1544.2999999999952, -15.5578203, -15.5595083, -15.5601683, -15.558466, -15.5573349, -15.5586357, -15.5609789, -15.5612602, -15.5601511, -15.5593204
1544.399999999995, -14.7773752, -14.7772245, -14.7762766, -14.7774811, -14.7783566, -14.7783175, -14.7782011, -14.7783546, -14.7764988, -14.7752695
1544.499999999995, -15.7387772, -15.7404022, -15.7412729, -15.7413597, -15.7409, -15.7389536, -15.7399549, -15.7412624, -15.7417984, -15.7422066
1544.599999999995, -15.0674524, -15.0672865, -15.0664883, -15.0659208, -15.0662565, -15.0657835, -15.0660172, -15.0667925, -15.0679245, -15.0671501
1544.6999999999948, -15.5676813, -15.5637417, -15.564743, -15.5655346, -15.5661573, -15.5673056, -15.5663996, -15.5655909, -15.5662756, -15.567421
1544.7999999999947, -14.9997997, -15.0013552, -15.0006037, -15.000226, -15.0006037, -14.9983883, -14.998044, -14.9987383, -14.9981632, -14.9957523
1544.8999999999946, -15.5722961, -15.5729036, -15.5723524, -15.5721512, -15.5736389, -15.574544, -15.5739098, -15.5741453, -15.5745783, -15.5745096
1544.9999999999945, -15.1137419, -15.1139765, -15.1142292, -15.1146269, -15.1141415, -15.1139784, -15.1136246, -15.1126213, -15.111412, -15.1107082
1545.0999999999945, -15.8340435, -15.833478, -15.8337221, -15.8352079, -15.8354578, -15.835393, -15.8348751, -15.8346195, -15.8324852, -15.8324404
1545.1999999999944, -14.8942738, -14.8942366, -14.8938866, -14.8948727, -14.8967524, -14.8971863, -14.8965054, -14.8971558, -14.8961391, -14.8972664
1545.2999999999943, -15.6510735, -15.650918, -15.6507912, -15.6507616, -15.6486044, -15.6474934, -15.6502504, -15.6507053, -15.6530323, -15.6533737
1545.3999999999942, -14.9409246, -14.9396133, -14.9381418, -14.9385614, -14.9397154, -14.9397335, -14.9395924, -14.9411974, -14.9414721, -14.9402666
1545.499999999994, -15.9373941, -15.9372644, -15.9371367, -15.9397373, -15.9398508, -15.9397631, -15.9384909, -15.9385719, -15.9375162, -15.9363737
1545.599999999994, -14.9688272, -14.969223, -14.9688759, -14.9691296, -14.9693336, -14.9684353, -14.9684372, -14.9678736, -14.9682865, -14.9692764
1545.699999999994, -15.6709766, -15.6705122, -15.6691408, -15.66889, -15.6681023, -15.6693392, -15.6691141, -15.6688194, -15.6683455, -15.6672869
1545.7999999999938, -14.9310598, -14.9306726, -14.9303074, -14.9302073, -14.9298153, -14.9290056, -14.9287167, -14.9252224, -14.9251232, -14.9257078
1545.8999999999937, -15.9630957, -15.9633408, -15.9633646, -15.9625263, -15.9603691, -15.9597282, -15.9597368, -15.9594164, -15.9602699, -15.9600782
1545.9999999999936, -15.1753569, -15.1736593, -15.1720228, -15.1699524, -15.1706619, -15.1713696, -15.1718502, -15.1734962, -15.1726875, -15.1738319
1546.0999999999935, -15.5791407, -15.578023, -15.5793953, -15.5814857, -15.5826864, -15.5828705, -15.5826187, -15.5822468, -15.5833988, -15.5836296
1546.1999999999935, -15.0890255, -15.0888557, -15.0904922, -15.090766, -15.0902882, -15.0914125, -15.0903854, -15.0897827, -15.0894461, -15.0877218
1546.2999999999934, -15.6554527, -15.6561584, -15.656868, -15.6567507, -15.6570072, -15.6564178, -15.6579075, -15.6570492, -15.6565161, -15.654994
1546.3999999999933, -15.1149082, -15.1128054, -15.1105919, -15.1116209, -15.1107616, -15.1100092, -15.1117287, -15.1112881, -15.1126471, -15.1143932
1546.4999999999932, -15.7354317, -15.7365341, -15.7372179, -15.738369, -15.7375059, -15.7361326, -15.7371788, -15.7354431, -15.735754, -15.7361679
1546.599999999993, -14.8728914, -14.8729334, -14.8722534, -14.871314, -14.8718748, -14.8713903, -14.8703709, -14.8716192, -14.8722439, -14.870409
1546.699999999993, -15.6890306, -15.6906614, -15.6906948, -15.6901007, -15.6912565, -15.6899624, -15.6897135, -15.6887236, -15.6857634, -15.6866045
1546.799999999993, -15.2789812, -15.2823572, -15.2833509, -15.2840471, -15.2858171, -15.2860079, -15.2857227, -15.2855902, -15.284317, -15.2832537
1546.8999999999928, -15.5312452, -15.5312328, -15.5307465, -15.5298576, -15.5301514, -15.5301161, -15.5285358, -15.528203, -15.5271444, -15.5282364
1546.9999999999927, -15.3672991, -15.3690748, -15.3686323, -15.3685141, -15.367281, -15.3676929, -15.366785, -15.3683395, -15.3689613, -15.3678665
1547.0999999999926, -15.2489958, -15.2483768, -15.2483835, -15.2480106, -15.247673, -15.2483101, -15.2498493, -15.2495708, -15.24862, -15.2487183
1547.1999999999925, -15.2901411, -15.2875051, -15.2869339, -15.2884197, -15.2918081, -15.2926903, -15.2941923, -15.2944422, -15.2941837, -15.2930031
1547.2999999999925, -15.6260738, -15.6283712, -15.6310778, -15.624835, -15.6158133, -15.6143637, -15.6227417, -15.6299505, -15.6330757, -15.6309156
1547.3999999999924, -15.0516357, -15.0514631, -15.0522795, -15.0511217, -15.0507002, -15.0493298, -15.0489759, -15.0497704, -15.0491667, -15.0483599
1547.4999999999923, -15.4998779, -15.499485, -15.4989977, -15.4988022, -15.5004063, -15.4998808, -15.501379, -15.4999466, -15.500926, -15.5027065
1547.5999999999922, -15.1879826, -15.1900959, -15.1887407, -15.1886215, -15.1505337, -15.1458349, -15.1375923, -15.1369572, -15.1618052, -15.1774359
1547.699999999992, -15.2606144, -15.2583218, -15.2584419, -15.2577667, -15.2589417, -15.2601109, -15.2596178, -15.2585649, -15.2582588, -15.2576742
1547.799999999992, -15.6862764, -15.6846466, -15.6877718, -15.689702, -15.689044, -15.6915255, -15.6920605, -15.6910887, -15.6889257, -15.6892967
1547.899999999992, -15.0066929, -15.0074749, -15.0068922, -15.0067501, -15.0061455, -15.0048351, -15.0053549, -15.004837, -15.0053473, -15.0063076
1547.9999999999918, -15.5044174, -15.5023365, -15.4994392, -15.4995203, -15.4982147, -15.5013065, -15.5032082, -15.50352, -15.5022612, -15.5021954
1548.0999999999917, -15.0417356, -15.0404215, -15.0399246, -15.0394602, -15.0403023, -15.0402327, -15.0415154, -15.0411282, -15.0419359, -15.0425453
1548.1999999999916, -15.514823, -15.5150547, -15.5155163, -15.5154972, -15.5148878, -15.5134602, -15.5121775, -15.5118027, -15.5124931, -15.5132103
1548.2999999999915, -15.3031187, -15.3045073, -15.3059149, -15.3066168, -15.3068066, -15.3063364, -15.3061752, -15.3068914, -15.3035908, -15.3029423
1548.3999999999915, -15.2698183, -15.2679815, -15.2691984, -15.2691574, -15.2669773, -15.2674789, -15.2675877, -15.2687035, -15.2691221, -15.2647142
1548.4999999999914, -14.9553595, -14.9507914, -14.9474173, -14.9463272, -14.9442368, -14.9451475, -14.9467125, -14.949439, -14.9493484, -14.949707
1548.5999999999913, -15.7706385, -15.7708206, -15.770649, -15.7708178, -15.771965, -15.7719946, -15.7720938, -15.7716808, -15.7709074, -15.7711506
1548.6999999999912, -14.9966497, -14.9970312, -14.999053, -14.9994555, -14.9998064, -14.9995899, -14.9973822, -14.9942751, -14.9920835, -14.9936514
1548.799999999991, -15.7257414, -15.7265301, -15.7278814, -15.7275534, -15.7280607, -15.7273941, -15.7266922, -15.7264748, -15.7280455, -15.7287378
1548.899999999991, -14.7410564, -14.7404022, -14.7385054, -14.7380314, -14.737587, -14.7393808, -14.7406311, -14.7394142, -14.7399225, -14.7405443
1548.999999999991, -15.7094927, -15.709054, -15.7090559, -15.7102451, -15.7101622, -15.7101469, -15.7104521, -15.7131729, -15.7129326, -15.713562
1549.0999999999908, -15.1141958, -15.115037, -15.1144381, -15.1152849, -15.1147861, -15.1152716, -15.1146975, -15.1141567, -15.1140947, -15.1134129
1549.1999999999907, -15.7062283, -15.7087221, -15.7080479, -15.7067223, -15.7062407, -15.7073317, -15.7057276, -15.7048368, -15.704545, -15.70576
1549.2999999999906, -14.9051247, -14.9059601, -14.90588, -14.9048262, -14.9052, -14.9056387, -14.9031019, -14.9038572, -14.9041071, -14.9054337
1549.3999999999905, -15.7100468, -15.7107143, -15.7125349, -15.7144747, -15.7131376, -15.7117748, -15.7099934, -15.7087364, -15.7104425, -15.708313
1549.4999999999905, -14.9285736, -14.9281931, -14.9302139, -14.9313869, -14.9325991, -14.9329205, -14.9320803, -14.9319983, -14.9333925, -14.9331121
1549.5999999999904, -15.8867235, -15.8896523, -15.8907623, -15.8899708, -15.8891201, -15.8890495, -15.8880053, -15.8873301, -15.8879099, -15.8861103
1549.6999999999903, -15.1114931, -15.113266, -15.1138306, -15.1111889, -15.1125698, -15.1112642, -15.1121101, -15.111558, -15.111805, -15.11057
1549.7999999999902, -15.6172342, -15.616889, -15.6154318, -15.6160259, -15.6158276, -15.6155119, -15.6169395, -15.6178761, -15.6180639, -15.618104
1549.89999999999, -14.929431, -14.9279203, -14.9286261, -14.9288187, -14.9302149, -14.9300337, -14.9308262, -14.9323463, -14.9314327, -14.9314709
1549.99999999999, -16.0634518, -16.0615273, -16.0631409, -16.0627155, -16.0625896, -16.0629616, -16.0612984, -16.0591068, -16.0593567, -16.0590343
1550.09999999999, -15.1218033, -15.1203566, -15.1200867, -15.1198206, -15.1193972, -15.1188164, -15.1164818, -15.1145554, -15.1175022, -15.1193171
1550.1999999999898, -15.8480177, -15.8472424, -15.8472939, -15.8478909, -15.8463964, -15.8463888, -15.8484116, -15.8484583, -15.8486376, -15.8488569
1550.2999999999897, -15.1241779, -15.125453, -15.1285763, -15.1319122, -15.1333752, -15.1349592, -15.1367197, -15.1364222, -15.134717, -15.1327629
1550.3999999999896, -15.6691008, -15.6691837, -15.6696301, -15.6688852, -15.6681519, -15.6677971, -15.6677189, -15.670125, -15.6691847, -15.669281
1550.4999999999895, -15.613409, -15.6127996, -15.6111488, -15.6101217, -15.6098623, -15.6097164, -15.6076183, -15.6069174, -15.6070566, -15.6085644
1550.5999999999894, -15.6425066, -15.6416311, -15.6405802, -15.6408644, -15.6421976, -15.6429291, -15.6408033, -15.6421814, -15.6433287, -15.6422205
1550.6999999999894, -15.4471788, -15.4464235, -15.4446678, -15.4422827, -15.4426918, -15.447031, -15.4490595, -15.4509048, -15.4502125, -15.448473
1550.7999999999893, -15.7230473, -15.7229834, -15.7235298, -15.7236938, -15.7232704, -15.7239628, -15.723402, -15.7225866, -15.7204285, -15.719367
1550.8999999999892, -15.450738, -15.4509439, -15.4499178, -15.4510345, -15.4520493, -15.4506769, -15.4499292, -15.450099, -15.4494276, -15.4492216
1550.999999999989, -16.0698166, -16.0694332, -16.0692215, -16.0705872, -16.0696659, -16.0688782, -16.0682373, -16.0693932, -16.0700722, -16.0688057
1551.099999999989, -15.4894018, -15.4928474, -15.4935312, -15.4940376, -15.4927473, -15.4923429, -15.4943647, -15.4949551, -15.4963436, -15.4964504
1551.199999999989, -15.5220308, -15.5164623, -15.5137949, -15.5142689, -15.5154953, -15.5144558, -15.5141411, -15.5155487, -15.5146761, -15.5143938
1551.2999999999888, -15.9236851, -15.9237623, -15.9253416, -15.9268818, -15.9259596, -15.9262447, -15.9273033, -15.9265671, -15.9248447, -15.9246855
1551.3999999999887, -15.5352602, -15.5344715, -15.5360165, -15.5369644, -15.5374365, -15.537365, -15.5374451, -15.5366116, -15.5374498, -15.5374203
1551.4999999999886, -16.0580177, -16.0584812, -16.0575542, -16.058075, -16.0560493, -16.0564804, -16.0558205, -16.0572987, -16.0573273, -16.0581074
1551.5999999999885, -15.4066792, -15.4065695, -15.4072094, -15.4060087, -15.4068651, -15.4090023, -15.4080544, -15.4083138, -15.4074564, -15.4086151
1551.6999999999884, -15.8121891, -15.8112812, -15.8126059, -15.8107319, -15.8106031, -15.8089876, -15.8083534, -15.8094501, -15.8094368, -15.8084726
1551.7999999999884, -15.8579378, -15.8587904, -15.8609686, -15.8630619, -15.8617125, -15.8610706, -15.8612576, -15.8620405, -15.8624935, -15.8607368
1551.8999999999883, -15.8974676, -15.8972607, -15.8976192, -15.8957014, -15.8935013, -15.8922968, -15.8894701, -15.8893557, -15.890729, -15.8899031
1551.9999999999882, -15.56849, -15.5657864, -15.5626802, -15.5569448, -15.5565796, -15.5568895, -15.5557785, -15.554512, -15.5534172, -15.5533209
1552.099999999988, -16.0702095, -16.0714359, -16.0741291, -16.0742645, -16.0738182, -16.0738926, -16.073204, -16.0722389, -16.0736656, -16.0747852
1552.199999999988, -15.1781311, -15.1774244, -15.1775351, -15.17834, -15.1787128, -15.1783295, -15.1785574, -15.1786861, -15.1788235, -15.17834
1552.299999999988, -16.3126183, -16.3131104, -16.3135605, -16.3156395, -16.3159504, -16.3158398, -16.3143425, -16.3134022, -16.3149452, -16.3147202
1552.3999999999878, -15.3609076, -15.359499, -15.3602781, -15.3603849, -15.3607206, -15.3601894, -15.3598509, -15.3599558, -15.3601341, -15.3597355
1552.4999999999877, -16.1611404, -16.1588688, -16.15905, -16.1587963, -16.1588211, -16.1595802, -16.1621017, -16.1608601, -16.1603088, -16.1605873
1552.5999999999876, -15.220953, -15.2200422, -15.2210312, -15.2206955, -15.2205133, -15.218091, -15.2199345, -15.2186785, -15.2213726, -15.2204494
1552.6999999999875, -16.1927681, -16.1925201, -16.1934013, -16.1928253, -16.1930676, -16.1937447, -16.1942711, -16.1942501, -16.1945782, -16.1933784
1552.7999999999874, -15.4691086, -15.4692802, -15.4701252, -15.4718857, -15.4730854, -15.4725761, -15.4725313, -15.4728279, -15.4712849, -15.4708738
1552.8999999999874, -16.2156448, -16.2186394, -16.2203579, -16.2195587, -16.2185593, -16.2172527, -16.216116, -16.2144718, -16.2143059, -16.2175217
1552.9999999999873, -15.2077141, -15.2085276, -15.207983, -15.2076101, -15.2082396, -15.2051392, -15.2050409, -15.2039566, -15.2054377, -15.2050304
1553.0999999999872, -15.9601078, -15.9601984, -15.9607716, -15.9598742, -15.9612179, -15.9609127, -15.9603386, -15.9610567, -15.962141, -15.9620638
1553.199999999987, -15.4362469, -15.4365177, -15.4371614, -15.4370909, -15.4359493, -15.4349518, -15.4349632, -15.4350157, -15.4352484, -15.434742
1553.299999999987, -16.1673641, -16.1669731, -16.1661148, -16.1671391, -16.167944, -16.1696339, -16.168726, -16.1682949, -16.1692696, -16.1710758
1553.399999999987, -15.2682095, -15.2683764, -15.2677183, -15.2669668, -15.2668924, -15.2665672, -15.2670155, -15.2693787, -15.2672567, -15.2670088
1553.4999999999868, -16.0477142, -16.0482769, -16.0484371, -16.0481377, -16.0477543, -16.0484295, -16.0471458, -16.0470161, -16.047142, -16.0463142
1553.5999999999867, -15.2056437, -15.206727, -15.206665, -15.2064705, -15.2055597, -15.2060852, -15.2063637, -15.2051229, -15.2048922, -15.2053661
1553.6999999999866, -16.2551918, -16.2535992, -16.2531261, -16.253767, -16.2528019, -16.2520618, -16.2522659, -16.2506695, -16.251091, -16.2508411
1553.7999999999865, -15.4354486, -15.4413462, -15.4453211, -15.44695, -15.4494114, -15.4513321, -15.4538765, -15.4562693, -15.4556141, -15.455862
1553.8999999999864, -15.6746759, -15.6729031, -15.6728668, -15.6741858, -15.6749105, -15.6747828, -15.6759462, -15.6756592, -15.6763849, -15.6762733
1553.9999999999864, -15.6440334, -15.6419687, -15.6432571, -15.6437836, -15.6431227, -15.6425915, -15.6427345, -15.6419649, -15.6423693, -15.6426706
1554.0999999999863, -15.639513, -15.6410904, -15.6415854, -15.6419458, -15.6403751, -15.6387978, -15.6386747, -15.6393328, -15.6390858, -15.638319
1554.1999999999862, -15.8127975, -15.8131428, -15.8146572, -15.8139334, -15.8141155, -15.8140554, -15.8135366, -15.8141241, -15.8143387, -15.8120813
1554.299999999986, -15.7926264, -15.7930374, -15.7918835, -15.7920933, -15.7917881, -15.7922859, -15.7922077, -15.792182, -15.7918215, -15.7905655
1554.399999999986, -15.4648314, -15.4640522, -15.4636974, -15.4617014, -15.4625187, -15.4611101, -15.4605179, -15.4612436, -15.4609423, -15.4621572
1554.499999999986, -15.8819752, -15.8844776, -15.8862724, -15.8873043, -15.889266, -15.8908463, -15.8920193, -15.8919592, -15.891571, -15.891573
1554.5999999999858, -15.7242489, -15.7260361, -15.7257614, -15.726717, -15.7277966, -15.7276993, -15.725975, -15.7276297, -15.7272491, -15.7259827
1554.6999999999857, -15.5923243, -15.588933, -15.5843153, -15.5813675, -15.5803766, -15.5793467, -15.5789309, -15.5781002, -15.5778265, -15.5779238
1554.7999999999856, -16.0408306, -16.0429039, -16.042284, -16.0417461, -16.0421257, -16.0414009, -16.0409679, -16.0409622, -16.0400867, -16.0398445
1554.8999999999855, -15.1198673, -15.1214075, -15.1195831, -15.1201849, -15.1207952, -15.1201172, -15.1198807, -15.1207056, -15.1200027, -15.119194
1554.9999999999854, -16.1666069, -16.166214, -16.1674995, -16.1672192, -16.1673717, -16.1682644, -16.1679497, -16.1675816, -16.1673069, -16.167572
1555.0999999999854, -15.4504185, -15.4487486, -15.4490967, -15.4500666, -15.4486675, -15.4479952, -15.4487324, -15.4490738, -15.4493551, -15.4501133
1555.1999999999853, -16.1471462, -16.1467514, -16.1469269, -16.1468906, -16.145937, -16.1460705, -16.1465759, -16.1471825, -16.1456585, -16.1469746
1555.2999999999852, -15.4124813, -15.4121838, -15.4132385, -15.4128237, -15.4129915, -15.4126396, -15.412838, -15.4120302, -15.4124517, -15.4137306
1555.399999999985, -15.9832067, -15.9817429, -15.9814777, -15.9805069, -15.9807558, -15.9808874, -15.9801455, -15.9799356, -15.9813843, -15.9813442
1555.499999999985, -15.570178, -15.5645075, -15.560668, -15.5581932, -15.556612, -15.5573969, -15.5566053, -15.5557318, -15.5560579, -15.5552082
1555.599999999985, -16.3736019, -16.3765049, -16.3774719, -16.3762188, -16.3765697, -16.3774681, -16.3786888, -16.3795776, -16.3796597, -16.3784027
1555.6999999999848, -15.3033686, -15.3025684, -15.3031921, -15.303874, -15.3028908, -15.3037233, -15.3032446, -15.3033886, -15.3048534, -15.3048687
1555.7999999999847, -16.1384811, -16.1380844, -16.137764, -16.1375504, -16.1374588, -16.1374836, -16.1373653, -16.1381264, -16.1381321, -16.1378689
1555.8999999999846, -15.321846, -15.320569, -15.3196449, -15.3201981, -15.320159, -15.3200216, -15.3191347, -15.3196545, -15.3193254, -15.3185616
1555.9999999999845, -16.4560509, -16.456234, -16.456562, -16.4577045, -16.4581013, -16.4576912, -16.4580002, -16.4579506, -16.4574623, -16.4586868
1556.0999999999844, -15.4446173, -15.4439163, -15.4434099, -15.4430761, -15.4445667, -15.4437275, -15.4429865, -15.4424114, -15.4434147, -15.4435225
1556.1999999999844, -16.299696, -16.2983551, -16.2977505, -16.2976799, -16.2975235, -16.2972298, -16.2967358, -16.2970867, -16.2973518, -16.2973423
1556.2999999999843, -15.2829876, -15.2835217, -15.2834654, -15.283474, -15.2829342, -15.2830868, -15.2827883, -15.2836342, -15.2834148, -15.2838869
1556.3999999999842, -16.498251, -16.4943905, -16.4908562, -16.4895973, -16.4860744, -16.4839764, -16.4833832, -16.4843159, -16.4833813, -16.4835396
1556.499999999984, -15.7219076, -15.7270947, -15.7326956, -15.7355366, -15.7369642, -15.7376423, -15.7387238, -15.7396231, -15.7393923, -15.7400455
1556.599999999984, -16.1588154, -16.1581669, -16.1585484, -16.1576366, -16.159193, -16.1590271, -16.1593037, -16.1591911, -16.1592655, -16.1587067
1556.699999999984, -15.8041582, -15.8041096, -15.8033056, -15.8035707, -15.8055029, -15.8046198, -15.8038101, -15.8036489, -15.8051605, -15.8045826
1556.7999999999838, -15.9776611, -15.9775782, -15.9792261, -15.9767122, -15.9758806, -15.9758625, -15.9759674, -15.9757214, -15.9754362, -15.9752989
1556.8999999999837, -15.9926119, -15.9911814, -15.9915457, -15.9912596, -15.9914789, -15.9894753, -15.9894743, -15.9908438, -15.9915638, -15.9915962
1556.9999999999836, -16.3278313, -16.3284683, -16.3270264, -16.327795, -16.3276215, -16.3273487, -16.3276672, -16.3274136, -16.327507, -16.3268795
1557.0999999999835, -15.710907, -15.7115993, -15.7125702, -15.7126045, -15.7125282, -15.7126493, -15.7146463, -15.7142935, -15.7130594, -15.7138262
1557.1999999999834, -16.1410217, -16.1409073, -16.1407032, -16.1410618, -16.140913, -16.1412296, -16.1407642, -16.1401749, -16.1403141, -16.1407375
1557.2999999999834, -16.1033974, -16.1124191, -16.1208515, -16.1275024, -16.134798, -16.1383266, -16.1403046, -16.1418133, -16.1436863, -16.1452179
1557.3999999999833, -15.9616795, -15.9569654, -15.9573383, -15.9565439, -15.9567003, -15.9555674, -15.9552221, -15.9545794, -15.9543619, -15.9547968
1557.4999999999832, -16.5210094, -16.5216179, -16.5226402, -16.5221882, -16.5220871, -16.5219727, -16.5209522, -16.520422, -16.5205441, -16.5215702
1557.599999999983, -15.6807165, -15.6807795, -15.6808443, -15.6814585, -15.6815748, -15.6814947, -15.6804352, -15.6798916, -15.6796083, -15.6803179
1557.699999999983, -16.4765339, -16.4771748, -16.4772778, -16.4771824, -16.4777164, -16.4779797, -16.4781742, -16.4775009, -16.4785519, -16.4786263
1557.799999999983, -15.9070368, -15.9073858, -15.906846, -15.9069462, -15.908989, -15.9083071, -15.9076834, -15.9078102, -15.9074755, -15.9081554
1557.8999999999828, -16.5194054, -16.5206909, -16.5207214, -16.5206223, -16.5205956, -16.5210495, -16.520874, -16.5206299, -16.5215092, -16.5208817
1557.9999999999827, -15.966979, -15.9672413, -15.9674559, -15.968173, -15.9673834, -15.9683723, -15.9674244, -15.9680853, -15.9671917, -15.9673119
1558.0999999999826, -16.3581123, -16.3597736, -16.3621216, -16.3642044, -16.3646069, -16.3648224, -16.3645287, -16.364336, -16.3646412, -16.3638763
1558.1999999999825, -15.6533833, -15.6468, -15.6413651, -15.6397104, -15.6357241, -15.6341801, -15.6330462, -15.6301394, -15.6280231, -15.6272888
1558.2999999999824, -16.8311024, -16.8300686, -16.8302441, -16.8301277, -16.8303242, -16.8303661, -16.8303337, -16.8307018, -16.8298531, -16.8298416
1558.3999999999824, -15.8248501, -15.8238897, -15.8233862, -15.8216038, -15.8211908, -15.8214703, -15.8212862, -15.8210049, -15.8218317, -15.822176
1558.4999999999823, -16.6927814, -16.6929798, -16.6925793, -16.6929379, -16.6922188, -16.6934452, -16.692667, -16.6932125, -16.6928177, -16.6927471
1558.5999999999822, -15.6729393, -15.6730804, -15.6737671, -15.6738596, -15.6746683, -15.6740313, -15.6736288, -15.6732216, -15.6723394, -15.6721096
1558.699999999982, -16.8205338, -16.8204098, -16.8198032, -16.819479, -16.8202896, -16.8198853, -16.8194904, -16.8202133, -16.8199501, -16.8203945
1558.799999999982, -15.8516588, -15.8519325, -15.8495455, -15.8475561, -15.8481369, -15.8484201, -15.8479042, -15.847764, -15.8479528, -15.8467197
1558.899999999982, -16.7966843, -16.7971287, -16.7969074, -16.7983608, -16.797884, -16.7979889, -16.7979126, -16.7981339, -16.7986107, -16.799099
1558.9999999999818, -15.6318521, -15.6331692, -15.6338243, -15.634264, -15.6328421, -15.6334915, -15.6334934, -15.6345568, -15.6357861, -15.6356297
1559.0999999999817, -16.6142712, -16.6070557, -16.5997944, -16.59342, -16.5882511, -16.585783, -16.5820847, -16.5785332, -16.577755, -16.5779438
1559.1999999999816, -16.1191635, -16.1230316, -16.1247311, -16.1244202, -16.1240654, -16.1247177, -16.1252174, -16.1248074, -16.1243324, -16.1261635
1559.2999999999815, -16.5195236, -16.5205994, -16.5203571, -16.5204086, -16.5202484, -16.520359, -16.5204773, -16.520668, -16.5215054, -16.5207272
1559.3999999999814, -16.3310928, -16.3313675, -16.3312054, -16.3317966, -16.3319397, -16.3316174, -16.3315067, -16.3322811, -16.3319721, -16.3323822
1559.4999999999814, -16.2228947, -16.2229462, -16.2235451, -16.224226, -16.2251225, -16.2247467, -16.2240028, -16.2236099, -16.2235107, -16.2240486
1559.5999999999813, -16.1799068, -16.1794376, -16.1795273, -16.180975, -16.180294, -16.1799469, -16.1789017, -16.1804676, -16.1811943, -16.1808567
1559.6999999999812, -16.6753063, -16.6756134, -16.6761227, -16.6761894, -16.676136, -16.6767464, -16.6764412, -16.675703, -16.6754684, -16.6756821
1559.799999999981, -16.1505947, -16.1496677, -16.149231, -16.1488419, -16.1487789, -16.1491737, -16.1495819, -16.151371, -16.1501579, -16.1497574
1559.899999999981, -16.3401814, -16.3373795, -16.332962, -16.331768, -16.3313255, -16.3324242, -16.3318043, -16.3307171, -16.330843, -16.3284683
1559.999999999981, -16.378397, -16.3873444, -16.3951931, -16.4023857, -16.4091167, -16.4137764, -16.4199028, -16.4213676, -16.4236431, -16.4247723
1560.0999999999808, -16.0044765, -16.0027523, -16.0024128, -16.0019913, -16.0021172, -16.0001678, -16.0002308, -16.0001736, -15.9998531, -15.9992905
1560.1999999999807, -16.912426, -16.9113083, -16.9116745, -16.9131012, -16.9134998, -16.9148941, -16.9148922, -16.914032, -16.9133072, -16.9119663
1560.2999999999806, -15.9108686, -15.9110174, -15.9113569, -15.9111071, -15.9110079, -15.9117041, -15.9110155, -15.9107962, -15.9114189, -15.9108963
1560.3999999999805, -16.6956978, -16.6959858, -16.6967373, -16.6973171, -16.6968212, -16.6963882, -16.6958027, -16.6952648, -16.6971569, -16.695219
1560.4999999999804, -15.8359175, -15.8374329, -15.8381615, -15.8374186, -15.8371582, -15.8363199, -15.8363285, -15.8350172, -15.8359623, -15.8371029
1560.5999999999804, -16.8484669, -16.8513489, -16.8530006, -16.8517303, -16.8509998, -16.8523884, -16.8525543, -16.852972, -16.85326, -16.8528519
1560.6999999999803, -16.0826969, -16.0816631, -16.0824833, -16.0825558, -16.0832405, -16.0829525, -16.0824699, -16.0824623, -16.0822945, -16.0816841
1560.7999999999802, -16.779192, -16.7824726, -16.7867298, -16.7931671, -16.7938747, -16.7972374, -16.7985821, -16.7984657, -16.7983627, -16.7991581
1560.89999999998, -15.7362986, -15.7366047, -15.7383938, -15.7379837, -15.7380142, -15.7414246, -15.7434216, -15.7434731, -15.7421579, -15.7425928
1560.99999999998, -16.9575539, -16.9557667, -16.9543705, -16.9552326, -16.9545364, -16.9550953, -16.9539185, -16.9543056, -16.9537868, -16.9542732
1561.09999999998, -16.1243858, -16.1240368, -16.1224556, -16.1215191, -16.1220016, -16.1231632, -16.124176, -16.1243, -16.1249237, -16.1249771
1561.1999999999798, -16.9150944, -16.9138451, -16.9147797, -16.9155331, -16.9144669, -16.9140701, -16.9138336, -16.9162769, -16.9158611, -16.9155617
1561.2999999999797, -16.0340576, -16.0328579, -16.0308743, -16.0296822, -16.0306435, -16.0315514, -16.0342598, -16.0358334, -16.0324192, -16.0288849
1561.3999999999796, -16.8507919, -16.8504372, -16.8520927, -16.8525295, -16.8517246, -16.8508415, -16.8505402, -16.8511562, -16.8524323, -16.8512764
1561.4999999999795, -16.0505352, -16.0513363, -16.04986, -16.0493965, -16.0493336, -16.0500221, -16.0506039, -16.0512257, -16.0502281, -16.0501022
1561.5999999999794, -17.1087399, -17.1089764, -17.1085224, -17.1075668, -17.1080112, -17.1088562, -17.1087246, -17.1091862, -17.1093769, -17.1073551
1561.6999999999794, -16.1302414, -16.1377945, -16.1442814, -16.1510983, -16.1583195, -16.1646557, -16.1699581, -16.1720238, -16.1758957, -16.1750031
1561.7999999999793, -16.6421967, -16.632494, -16.6246967, -16.6174583, -16.6144009, -16.6073189, -16.6055603, -16.6056137, -16.6027069, -16.6010895
1561.8999999999792, -16.6191177, -16.6236668, -16.6241112, -16.6229076, -16.624691, -16.6253357, -16.624197, -16.6228828, -16.6242733, -16.6235275
1561.999999999979, -16.6826153, -16.6820984, -16.6813164, -16.6811123, -16.6812134, -16.6821136, -16.682209, -16.68293, -16.6819954, -16.6813469
1562.099999999979, -16.9481983, -16.9482517, -16.9458103, -16.9451694, -16.9444599, -16.9457283, -16.944685, -16.945097, -16.9437294, -16.9436111
1562.199999999979, -16.4489803, -16.4480515, -16.4460793, -16.447279, -16.447567, -16.4470158, -16.447567, -16.4467163, -16.4477444, -16.4487514
1562.2999999999788, -16.7339077, -16.7316341, -16.7311459, -16.7308407, -16.7309074, -16.730463, -16.7311096, -16.7332706, -16.7328339, -16.7352333
1562.3999999999787, -16.8000431, -16.8004951, -16.8004551, -16.8003216, -16.8007927, -16.8008575, -16.8011475, -16.8016968, -16.802309, -16.8030376
1562.4999999999786, -16.9352303, -16.93643, -16.9370785, -16.938385, -16.9373817, -16.9390774, -16.9404659, -16.9411678, -16.9428196, -16.9429359
1562.5999999999785, -16.6179256, -16.6081009, -16.5935783, -16.5786076, -16.5695686, -16.5623093, -16.5593586, -16.5541782, -16.5511761, -16.5494499
1562.6999999999784, -17.1917286, -17.1939983, -17.1997299, -17.201128, -17.2049847, -17.2059269, -17.2069111, -17.2103691, -17.2117157, -17.211832
1562.7999999999784, -16.1873741, -16.1848736, -16.1857109, -16.1841965, -16.1826038, -16.1823196, -16.1814365, -16.1806335, -16.1805267, -16.1803932
1562.8999999999783, -17.490509, -17.4896927, -17.4909439, -17.4902916, -17.4921875, -17.4905777, -17.4906311, -17.4906712, -17.4895039, -17.4895153
1562.9999999999782, -16.443264, -16.4426441, -16.441658, -16.442585, -16.4427605, -16.4432106, -16.4426613, -16.4419098, -16.4416199, -16.4412708
1563.099999999978, -17.4494953, -17.4480762, -17.448513, -17.4487438, -17.4494209, -17.4506702, -17.4498653, -17.4497204, -17.4505024, -17.4513512
1563.199999999978, -16.2684402, -16.266695, -16.2649937, -16.2658806, -16.2650471, -16.2643871, -16.2628613, -16.2640209, -16.2634335, -16.2642117
1563.299999999978, -17.5017891, -17.5024014, -17.5027275, -17.5033073, -17.5033417, -17.5029087, -17.5008583, -17.5015469, -17.5016117, -17.5011177
1563.3999999999778, -16.5596046, -16.5570736, -16.5558987, -16.5565529, -16.5588112, -16.5613804, -16.5665283, -16.5601463, -16.5606384, -16.5595131
1563.4999999999777, -17.6257915, -17.6238403, -17.6198254, -17.6147537, -17.6115093, -17.610323, -17.6078606, -17.6090393, -17.6071587, -17.6043663
1563.5999999999776, -16.6484241, -16.6550713, -16.6629734, -16.6673431, -16.6712933, -16.6757011, -16.6761227, -16.6767616, -16.6799526, -16.6807499
1563.6999999999775, -17.2402191, -17.2393761, -17.2388039, -17.2379532, -17.238842, -17.2394047, -17.2382774, -17.2369251, -17.2367439, -17.2356339
1563.7999999999774, -16.9177952, -16.9195766, -16.9208183, -16.9232731, -16.9219971, -16.9234505, -16.9218807, -16.921917, -16.9237728, -16.9237022
1563.8999999999774, -17.3607178, -17.360075, -17.3605537, -17.3610687, -17.3602924, -17.3612347, -17.3625412, -17.3625813, -17.3616943, -17.3621674
1563.9999999999773, -17.0643635, -17.0648975, -17.0637112, -17.0623512, -17.0627155, -17.0622959, -17.0611343, -17.0609665, -17.0612659, -17.0626087
1564.0999999999772, -17.2868366, -17.2895508, -17.2887783, -17.2871399, -17.2847519, -17.2811623, -17.2796726, -17.2792702, -17.2811375, -17.2824554
1564.199999999977, -16.9220943, -16.9213257, -16.9211254, -16.9216976, -16.9206142, -16.9195747, -16.919302, -16.9196777, -16.9182644, -16.9181461
1564.299999999977, -17.4903584, -17.4882622, -17.4860477, -17.4839001, -17.4814968, -17.4806747, -17.478878, -17.4792404, -17.4788094, -17.4785423
1564.399999999977, -17.341238, -17.3498554, -17.3622513, -17.3787842, -17.3960361, -17.407547, -17.4152832, -17.4213276, -17.4261894, -17.4295139
1564.4999999999768, -16.9748077, -16.9656963, -16.9600887, -16.9535065, -16.9519825, -16.9501801, -16.9459457, -16.9442348, -16.94277, -16.941803
1564.5999999999767, -17.5917473, -17.5921669, -17.5945492, -17.5967484, -17.595108, -17.593132, -17.5936623, -17.5939865, -17.5936069, -17.5937767
1564.6999999999766, -16.734663, -16.7331314, -16.7328205, -16.7322712, -16.7330399, -16.7328224, -16.7334709, -16.7322979, -16.7315845, -16.7324848
1564.7999999999765, -17.8053932, -17.8035812, -17.8037529, -17.8037167, -17.8032875, -17.804081, -17.8035278, -17.8042107, -17.8048954, -17.8063431
1564.8999999999764, -16.8434582, -16.846056, -16.8432388, -16.8423691, -16.8406563, -16.8412037, -16.8430805, -16.844883, -16.8458614, -16.8433666
1564.9999999999764, -17.7012634, -17.7029419, -17.7024155, -17.7033978, -17.7045612, -17.704525, -17.7053795, -17.7075253, -17.7046757, -17.7022839
1565.0999999999763, -16.8001709, -16.8015671, -16.8014832, -16.8015671, -16.8004456, -16.8007126, -16.801487, -16.8012772, -16.8014221, -16.803297
1565.1999999999762, -17.8464489, -17.85005, -17.850729, -17.8521481, -17.8550014, -17.8528881, -17.851656, -17.8515892, -17.8537617, -17.8535633
1565.299999999976, -16.868433, -16.8651352, -16.8565388, -16.8520641, -16.8496532, -16.848793, -16.8469677, -16.8456726, -16.8440266, -16.8426723
1565.399999999976, -17.8773575, -17.8736343, -17.8729954, -17.8686752, -17.8696213, -17.8686638, -17.8671532, -17.8670502, -17.8651695, -17.8641319
1565.499999999976, -16.8643608, -16.8646297, -16.8652248, -16.8653316, -16.8659916, -16.8649178, -16.8647442, -16.8657722, -16.8672562, -16.8659935
1565.5999999999758, -17.6096172, -17.6074219, -17.6074524, -17.6067657, -17.6065578, -17.6059589, -17.606348, -17.6071854, -17.6069565, -17.6070251
1565.6999999999757, -17.0343018, -17.0363007, -17.0338898, -17.0341949, -17.0322323, -17.0331936, -17.0320873, -17.0303555, -17.0294361, -17.0302277
1565.7999999999756, -17.7108803, -17.7121124, -17.7134628, -17.7149925, -17.7167721, -17.7190094, -17.7180214, -17.7164249, -17.7150669, -17.7140388
1565.8999999999755, -16.9741669, -16.9730263, -16.9722176, -16.9720058, -16.9724178, -16.9741879, -16.9742126, -16.9736481, -16.9756718, -16.9747925
1565.9999999999754, -17.6606464, -17.6618729, -17.6634655, -17.6642208, -17.6658516, -17.6659164, -17.6660233, -17.6663132, -17.666935, -17.6662235
1566.0999999999754, -17.0430775, -17.0466881, -17.0492821, -17.0531006, -17.0533047, -17.0570507, -17.0583134, -17.0553532, -17.05373, -17.0542507
1566.1999999999753, -17.6580086, -17.6494827, -17.6399002, -17.630331, -17.6196785, -17.6103401, -17.6011753, -17.594883, -17.5897388, -17.5900192
1566.2999999999752, -17.5832596, -17.5909481, -17.5976715, -17.6056099, -17.6103287, -17.6108513, -17.6122952, -17.6121502, -17.6123695, -17.6150589
1566.399999999975, -17.0650768, -17.0645466, -17.0642014, -17.0638542, -17.0642567, -17.0657234, -17.0647964, -17.0648594, -17.0649128, -17.0644989
1566.499999999975, -17.7109318, -17.7095566, -17.7076645, -17.7082195, -17.7078228, -17.7077427, -17.7079525, -17.7091351, -17.7088852, -17.7073689
1566.599999999975, -17.0498371, -17.0506821, -17.0517483, -17.0529556, -17.0526943, -17.0536728, -17.0524979, -17.0511112, -17.0507927, -17.0524101
1566.6999999999748, -17.8436184, -17.8446274, -17.8457279, -17.8449802, -17.8454266, -17.8469543, -17.8467674, -17.847084, -17.8464355, -17.8453903
1566.7999999999747, -17.0605812, -17.0629005, -17.0640736, -17.0635719, -17.0618267, -17.0629005, -17.0626659, -17.061224, -17.064518, -17.0660591
1566.8999999999746, -17.7614403, -17.7609768, -17.7617722, -17.762291, -17.7598324, -17.7604389, -17.7618008, -17.759428, -17.7624893, -17.7636261
1566.9999999999745, -17.0595455, -17.0560379, -17.0522881, -17.0488358, -17.048542, -17.0479527, -17.0476761, -17.0479927, -17.0478592, -17.0492458
1567.0999999999744, -18.0426483, -18.0488167, -18.0558453, -18.063549, -18.0688515, -18.0729275, -18.0762272, -18.0770473, -18.0779953, -18.0782948
1567.1999999999744, -17.0232639, -17.0295372, -17.0317764, -17.0331612, -17.0308075, -17.0295868, -17.0287838, -17.0276089, -17.0276146, -17.0281715
1567.2999999999743, -18.0173798, -18.0203018, -18.0199337, -18.0210018, -18.0214405, -18.0200787, -18.0208492, -18.0187092, -18.0164738, -18.015646
1567.3999999999742, -17.0477257, -17.0493565, -17.0497417, -17.0494766, -17.0494804, -17.0511017, -17.0530758, -17.0548458, -17.0541553, -17.0544567
1567.499999999974, -18.0322914, -18.0315361, -18.0310993, -18.0309086, -18.0315609, -18.0331192, -18.0339661, -18.0363445, -18.0353355, -18.0358486
1567.599999999974, -17.233078, -17.2317085, -17.2320786, -17.2318687, -17.2318859, -17.2311916, -17.2305984, -17.2309132, -17.2318478, -17.2306442
1567.699999999974, -18.0712605, -18.072403, -18.0736866, -18.0735836, -18.0735416, -18.0741196, -18.0752811, -18.0760155, -18.0771084, -18.0776157
1567.7999999999738, -17.2048111, -17.2047348, -17.20257, -17.2039471, -17.2028503, -17.2012043, -17.2030869, -17.2050095, -17.2053566, -17.2058334
1567.8999999999737, -18.0709476, -18.0673676, -18.0642605, -18.0590019, -18.053791, -18.0526028, -18.0516148, -18.0484753, -18.047121, -18.0489635
1567.9999999999736, -17.4526405, -17.468502, -17.4811859, -17.4923344, -17.5034027, -17.5165176, -17.5258026, -17.5337315, -17.5412254, -17.5443096
1568.0999999999735, -17.760191, -17.7540874, -17.7491322, -17.7456989, -17.7426968, -17.7383747, -17.734581, -17.7327843, -17.7304382, -17.7306442
1568.1999999999734, -18.0009518, -18.0025597, -18.005125, -18.0054722, -18.0067978, -18.0052185, -18.0050259, -18.0061817, -18.0066452, -18.0076408
1568.2999999999734, -17.4661865, -17.4642258, -17.4633675, -17.461998, -17.4595318, -17.4613819, -17.4624138, -17.4606514, -17.4576321, -17.4581699
1568.3999999999733, -18.148035, -18.1488895, -18.1512165, -18.150898, -18.1506004, -18.1508427, -18.1518688, -18.1490955, -18.1490974, -18.1492805
1568.4999999999732, -17.5504169, -17.5521526, -17.5520077, -17.5505333, -17.5486221, -17.551487, -17.5516644, -17.5528679, -17.5530243, -17.5515652
1568.599999999973, -18.2649918, -18.2630501, -18.2643948, -18.2638474, -18.2643394, -18.2638435, -18.2663059, -18.2682648, -18.267643, -18.2681026
1568.699999999973, -17.6153812, -17.6153927, -17.6151161, -17.6161594, -17.6164818, -17.6166744, -17.6157055, -17.6143818, -17.6137829, -17.611721
1568.799999999973, -18.2918472, -18.294838, -18.3002663, -18.299942, -18.3021507, -18.3042355, -18.3044701, -18.3062191, -18.3076477, -18.308197
1568.8999999999728, -17.4532566, -17.443121, -17.4379673, -17.4312572, -17.4248505, -17.4191246, -17.4146748, -17.4111176, -17.4121475, -17.4121876
1568.9999999999727, -18.5157871, -18.516386, -18.5146999, -18.5141907, -18.516592, -18.5172615, -18.5162773, -18.5165482, -18.5165482, -18.5176239
1569.0999999999726, -17.5220966, -17.5242691, -17.5219231, -17.5215168, -17.5217419, -17.5213413, -17.5211506, -17.5205936, -17.5189228, -17.5202007
1569.1999999999725, -18.5137272, -18.513937, -18.5146885, -18.5153179, -18.515276, -18.5141068, -18.5133305, -18.5129719, -18.5121593, -18.5119247
1569.2999999999724, -17.5924759, -17.5917645, -17.5921822, -17.593277, -17.5945911, -17.5945759, -17.5930996, -17.5920506, -17.5911503, -17.5938301
1569.3999999999724, -18.6196594, -18.619833, -18.6204815, -18.6227417, -18.6251163, -18.6244125, -18.6220951, -18.6251488, -18.6270275, -18.6262074
1569.4999999999723, -17.758522, -17.7591991, -17.7574005, -17.7572937, -17.7601795, -17.7602577, -17.7587967, -17.7592602, -17.7601852, -17.7593117
1569.5999999999722, -18.6879349, -18.6888428, -18.6877785, -18.6890469, -18.6876259, -18.6876755, -18.6878204, -18.6881962, -18.689291, -18.6877594
1569.699999999972, -17.7673397, -17.7693615, -17.7680016, -17.7700596, -17.7738075, -17.7839527, -17.8001289, -17.8117886, -17.8029156, -17.7928677
1569.799999999972, -18.559206, -18.5561543, -18.5698738, -18.5575066, -18.5469303, -18.5429802, -18.5384846, -18.5163651, -18.5088539, -18.5067425
1569.899999999972, -18.3374748, -18.3405285, -18.341959, -18.3437767, -18.3470688, -18.3479156, -18.3484898, -18.3497334, -18.3501034, -18.3504486
1569.9999999999718, -18.1488438, -18.149538, -18.1478405, -18.1483307, -18.1481895, -18.1459236, -18.1454906, -18.1459579, -18.1454659, -18.1455231
1570.0999999999717, -18.5793915, -18.5808487, -18.5814552, -18.5839024, -18.5879669, -18.5851517, -18.5814514, -18.5813293, -18.5817051, -18.5806541
1570.1999999999716, -18.0321636, -18.0316353, -18.0328789, -18.0320969, -18.0318642, -18.0315399, -18.0310593, -18.0308437, -18.0323391, -18.0319653
1570.2999999999715, -18.8226242, -18.8228245, -18.8251877, -18.8242283, -18.8235855, -18.8249035, -18.8246307, -18.8239613, -18.8260689, -18.8259068
1570.3999999999714, -18.1286564, -18.1300278, -18.1314278, -18.131012, -18.1303749, -18.1298332, -18.1290779, -18.1284275, -18.1286697, -18.1300583
1570.4999999999714, -18.8220768, -18.8189049, -18.8180542, -18.8176441, -18.8178406, -18.8176289, -18.817482, -18.8194313, -18.8213139, -18.8210316
1570.5999999999713, -18.0652027, -18.0600471, -18.0561638, -18.0526218, -18.0517063, -18.0521812, -18.0530396, -18.0547676, -18.0522251, -18.0518246
1570.6999999999712, -19.0264664, -19.0284042, -19.0292377, -19.031702, -19.0317898, -19.0347919, -19.033989, -19.0349312, -19.0351715, -19.0365772
1570.799999999971, -17.960947, -17.9601555, -17.9592018, -17.9585438, -17.9583607, -17.9586678, -17.9593849, -17.9580956, -17.9578228, -17.9589577
1570.899999999971, -19.0082436, -19.0061378, -19.0070076, -19.0086689, -19.0074444, -19.0076141, -19.0060196, -19.0070515, -19.007, -19.0061588
1570.999999999971, -18.0568428, -18.0571346, -18.054903, -18.0559483, -18.0550652, -18.0542049, -18.0538483, -18.0534153, -18.0531063, -18.052412
