wavelength_nm ,power_reading_0_dbm ,power_reading_1_dbm ,power_reading_2_dbm ,power_reading_3_dbm ,power_reading_4_dbm ,power_reading_5_dbm ,power_reading_6_dbm ,power_reading_7_dbm ,power_reading_8_dbm ,power_reading_9_dbm 
1529.0, -31.2449894, -31.2359486, -31.2277107, -31.2133827, -31.1991043, -31.1862469, -31.1685696, -31.1607246, -31.1359138, -31.1184292
1529.1, -36.1496162, -36.1449471, -36.1483307, -36.1524429, -36.1569443, -36.162735, -36.172657, -36.1758423, -36.1794319, -36.1788139
1529.1999999999998, -33.4425964, -33.4741669, -33.4636803, -33.4626083, -33.4407654, -33.499527, -33.593132, -33.4878311, -33.4050179, -33.4202309
1529.2999999999997, -35.5606117, -35.551918, -35.5485992, -35.5371284, -35.5373878, -35.5239716, -35.5218506, -35.5284538, -35.5311432, -35.5289497
1529.3999999999996, -34.7549515, -34.7517586, -34.7543068, -34.7498627, -34.7587509, -34.7640114, -34.7613373, -34.7649307, -34.7666931, -34.7689934
1529.4999999999995, -36.7258606, -36.7458878, -36.7387314, -36.7340279, -36.7323418, -36.7260056, -36.7266502, -36.7314148, -36.7345543, -36.7346077
1529.5999999999995, -30.4277916, -30.4200802, -30.4259682, -30.4287109, -30.4293537, -30.4342594, -30.433033, -30.4290257, -30.4269314, -30.4244804
1529.6999999999994, -37.5532913, -37.5709114, -37.5684662, -37.5663109, -37.5679512, -37.5642509, -37.5640869, -37.5638313, -37.5626755, -37.5640106
1529.7999999999993, -30.2432175, -30.2456551, -30.2481861, -30.2507076, -30.2536869, -30.2579346, -30.2511292, -30.2497196, -30.2479362, -30.2471142
1529.8999999999992, -37.792469, -37.7836189, -37.7831497, -37.7875633, -37.7896118, -37.7886353, -37.7916374, -37.7936668, -37.7983246, -37.7977524
1529.999999999999, -33.573616, -33.5861816, -33.589859, -33.585495, -33.5856934, -33.577095, -33.5716591, -33.5566292, -33.5465965, -33.5440598
1530.099999999999, -36.2936134, -36.2845535, -36.2764206, -36.2760048, -36.2784233, -36.2772217, -36.2825661, -36.2848396, -36.2888031, -36.2977715
1530.199999999999, -36.1882057, -36.1938095, -36.1922455, -36.1923904, -36.1961632, -36.1914635, -36.1904488, -36.1981697, -36.1972694, -36.1903267
1530.2999999999988, -36.7860641, -36.7782555, -36.7623711, -36.7556496, -36.751297, -36.7490883, -36.7445488, -36.7435646, -36.7398338, -36.7341576
1530.3999999999987, -33.9599342, -33.9859924, -34.0101776, -34.0483208, -34.044075, -34.0359917, -34.0400772, -34.0517426, -34.0452995, -34.0439606
1530.4999999999986, -38.3359604, -38.3353577, -38.3422852, -38.3407211, -38.3389854, -38.3406334, -38.332798, -38.3329239, -38.3295517, -38.3354034
1530.5999999999985, -30.7185097, -30.7201538, -30.7213936, -30.728054, -30.7304287, -30.7390785, -30.7390594, -30.7451057, -30.7408657, -30.7266369
1530.6999999999985, -39.0025749, -39.0007553, -38.993824, -38.9825935, -38.9758682, -38.9759903, -38.9759941, -38.9726524, -38.9735527, -38.9741364
1530.7999999999984, -33.6468658, -33.6496468, -33.6483307, -33.6465149, -33.6414452, -33.6426544, -33.6383896, -33.6389923, -33.6373291, -33.6387711
1530.8999999999983, -37.9474487, -37.9351883, -37.9305153, -37.931591, -37.9314117, -37.9369049, -37.9372635, -37.9344788, -37.9336624, -37.9373817
1530.9999999999982, -36.5877914, -36.589695, -36.5928955, -36.5938873, -36.5900421, -36.5900002, -36.5975838, -36.5960388, -36.5976486, -36.5969925
1531.099999999998, -37.1585083, -37.1486855, -37.1449738, -37.1402626, -37.1359596, -37.1280823, -37.1258392, -37.1302795, -37.1269493, -37.12257
1531.199999999998, -36.7913971, -36.793499, -36.8011513, -36.8099442, -36.8221626, -36.8433647, -36.8436852, -36.850029, -36.8609505, -36.878006
1531.299999999998, -39.43396, -39.4277687, -39.421814, -39.4147682, -39.4086838, -39.4064255, -39.407196, -39.4104195, -39.4002571, -39.39608
1531.3999999999978, -32.2548904, -32.2511864, -32.2525558, -32.2496262, -32.2542076, -32.2542801, -32.262043, -32.2597961, -32.2570686, -32.2625809
1531.4999999999977, -40.0403824, -40.0356102, -40.0332756, -40.0316887, -40.0317535, -40.0313492, -40.0303574, -40.0288811, -40.0301552, -40.0298004
1531.5999999999976, -33.2068253, -33.2225227, -33.2222214, -33.2107735, -33.2090187, -33.2150803, -33.2515144, -33.2519569, -33.2396927, -33.2156105
1531.6999999999975, -39.813652, -39.8111153, -39.8091431, -39.8060265, -39.8068428, -39.8028412, -39.7992287, -39.7984352, -39.8090096, -39.81353
1531.7999999999975, -36.5742188, -36.5782089, -36.5831604, -36.5815201, -36.5772133, -36.5796127, -36.5845985, -36.5793114, -36.5847931, -36.5761375
1531.8999999999974, -38.6777954, -38.6743851, -38.6735229, -38.6666489, -38.6625938, -38.6632957, -38.6611938, -38.6632538, -38.6685371, -38.6740303
1531.9999999999973, -38.3386002, -38.347702, -38.3512421, -38.3658676, -38.3629532, -38.3702698, -38.3821259, -38.3846703, -38.3813744, -38.3747482
1532.0999999999972, -39.8734093, -39.8730698, -39.8730507, -39.8777351, -39.8756332, -39.8727303, -39.8771744, -39.8717804, -39.861702, -39.8614235
1532.199999999997, -33.9161644, -33.9331512, -33.9490013, -33.9880791, -33.9812546, -33.9875107, -33.9900017, -33.9983215, -33.9822006, -33.9766464
1532.299999999997, -40.9275742, -40.9510841, -40.9542465, -40.9497452, -40.9492798, -40.946228, -40.949337, -40.9507484, -40.9485664, -40.947361
1532.399999999997, -32.7685547, -32.7765121, -32.7821465, -32.7795715, -32.7833633, -32.7834969, -32.7835464, -32.7828941, -32.7785454, -32.7782326
1532.4999999999968, -41.0006905, -40.9981575, -40.9965134, -40.9962044, -40.9944191, -40.9939537, -40.9954834, -40.9997444, -40.9984055, -41.0014305
1532.5999999999967, -36.6390724, -36.6457939, -36.6437798, -36.6402054, -36.6375999, -36.6349792, -36.6319923, -36.6204109, -36.6200066, -36.621212
1532.6999999999966, -40.1060905, -40.120472, -40.1695366, -40.1717262, -40.1551743, -40.1012764, -40.0950661, -40.0907516, -40.0896683, -40.1024895
1532.7999999999965, -39.1067085, -39.1067581, -39.1059685, -39.1070747, -39.111866, -39.1120224, -39.1092644, -39.1096039, -39.1053123, -39.1111031
1532.8999999999965, -40.6444588, -40.6434326, -40.6391029, -40.6351624, -40.6287766, -40.6274719, -40.62817, -40.627636, -40.6297569, -40.6299477
1532.9999999999964, -36.0684967, -36.1078033, -36.1266441, -36.1534233, -36.1624718, -36.1772232, -36.182972, -36.1716576, -36.1674271, -36.1789703
1533.0999999999963, -41.9403343, -41.9393616, -41.947319, -41.9428062, -41.9352875, -41.9360809, -41.937336, -41.9370956, -41.9317245, -41.9319839
1533.1999999999962, -32.7737007, -32.769268, -32.7695885, -32.7737694, -32.7734299, -32.7788963, -32.7903099, -32.7903519, -32.7852135, -32.7771835
1533.299999999996, -42.6579132, -42.6528931, -42.6514435, -42.6509857, -42.6498642, -42.6511497, -42.6505928, -42.6491852, -42.6485596, -42.6496506
1533.399999999996, -35.9162407, -35.9082375, -35.9093971, -35.9096794, -35.9044647, -35.8969307, -35.9178848, -35.9065514, -35.8864479, -35.8779755
1533.499999999996, -41.7121429, -41.7105026, -41.709671, -41.7150307, -41.7116928, -41.7108536, -41.7151222, -41.7160034, -41.7172699, -41.7184334
1533.5999999999958, -39.2100296, -39.2234001, -39.2405052, -39.2381516, -39.2379913, -39.2348137, -39.2520142, -39.2622375, -39.2553711, -39.2391281
1533.6999999999957, -41.4805603, -41.4767075, -41.4736519, -41.4712181, -41.4733276, -41.4688835, -41.4676971, -41.4663734, -41.4636955, -41.4664345
1533.7999999999956, -38.7899246, -38.8039703, -38.8304405, -38.8466187, -38.8478508, -38.8553619, -38.8603554, -38.8608208, -38.8647652, -38.866806
1533.8999999999955, -43.3905983, -43.3831215, -43.3758812, -43.3700714, -43.3659592, -43.3622169, -43.3621216, -43.3637238, -43.3570976, -43.3583145
1533.9999999999955, -33.8412628, -33.8432007, -33.8421669, -33.8413162, -33.8373451, -33.8377151, -33.8460732, -33.8497963, -33.8454475, -33.8468399
1534.0999999999954, -43.4525414, -43.4579697, -43.4559402, -43.4573517, -43.4572754, -43.4482536, -43.446209, -43.4454956, -43.4460449, -43.4452133
1534.1999999999953, -34.2382545, -34.2445335, -34.2462425, -34.2473297, -34.2501411, -34.2500343, -34.2500381, -34.2488708, -34.2452164, -34.2463417
1534.2999999999952, -43.9301109, -43.9356461, -43.9398727, -43.94133, -43.9396858, -43.9377937, -43.9376602, -43.9392052, -43.9413414, -43.9412994
1534.399999999995, -39.8128967, -39.8162575, -39.8162041, -39.8186989, -39.8158989, -39.8136978, -39.8156929, -39.8122673, -39.8105698, -39.8125877
1534.499999999995, -42.6586571, -42.6531525, -42.6588173, -42.6833611, -42.6920433, -42.6820564, -42.6744461, -42.6761742, -42.6809273, -42.6781235
1534.599999999995, -40.2896767, -40.2949181, -40.3005714, -40.3049164, -40.3092728, -40.3133354, -40.3174553, -40.316433, -40.3191795, -40.32407
1534.6999999999948, -44.7913895, -44.7862091, -44.7827339, -44.77565, -44.7694778, -44.7666016, -44.7682686, -44.7699547, -44.7680435, -44.7679405
1534.7999999999947, -34.9872932, -35.000206, -35.0044403, -35.0084991, -35.014183, -35.0079956, -35.0056534, -35.0103493, -35.0202827, -35.0114975
1534.8999999999946, -45.6243248, -45.6269722, -45.6294937, -45.6320305, -45.6330872, -45.6317558, -45.6331329, -45.6337471, -45.6350937, -45.6354332
1534.9999999999945, -34.1773911, -34.174057, -34.1764488, -34.1797867, -34.1774254, -34.1777306, -34.1769142, -34.1773796, -34.1762466, -34.1793213
1535.0999999999945, -45.532795, -45.5372391, -45.5393295, -45.5432587, -45.5429916, -45.5450668, -45.546463, -45.5455589, -45.5467491, -45.5461922
1535.1999999999944, -39.0036392, -39.0056, -39.0130463, -39.014492, -39.0144463, -39.0183144, -39.0195236, -39.0212669, -39.0185928, -39.0230331
1535.2999999999943, -45.4663277, -45.4685059, -45.4662361, -45.4682274, -45.4674492, -45.4682426, -45.4675446, -45.4684601, -45.4629822, -45.4667168
1535.3999999999942, -42.0969696, -42.115284, -42.1246719, -42.1313515, -42.121788, -42.1175957, -42.1172714, -42.1115074, -42.1072006, -42.1009979
1535.499999999994, -45.925705, -45.9238701, -45.9218636, -45.9194412, -45.9174042, -45.9157639, -45.9160233, -45.9189262, -45.9175758, -45.9164391
1535.599999999994, -36.6432419, -36.6646118, -36.6926994, -36.7194443, -36.7359657, -36.7633171, -36.772583, -36.7789536, -36.7929611, -36.8045654
1535.699999999994, -46.9337997, -46.9477921, -46.940506, -46.9449692, -46.9426956, -46.9440956, -46.9466553, -46.9435043, -46.9454956, -46.9432869
1535.7999999999938, -36.3060303, -36.3066444, -36.3084297, -36.3073463, -36.3063889, -36.3079453, -36.3078918, -36.3093872, -36.3092804, -36.3091316
1535.8999999999937, -47.4389381, -47.4416618, -47.4430084, -47.4446297, -47.4467926, -47.447506, -47.4469147, -47.4482193, -47.4489059, -47.4503555
1535.9999999999936, -38.4938049, -38.5054016, -38.5113182, -38.5149117, -38.5160942, -38.5197983, -38.5141373, -38.5081673, -38.5076714, -38.506916
1536.0999999999935, -47.1702042, -47.1724625, -47.1800079, -47.1677132, -47.1686363, -47.1738663, -47.1755753, -47.1732903, -47.1735916, -47.1740074
1536.1999999999935, -43.3393517, -43.3496399, -43.3638687, -43.3574333, -43.3679657, -43.3649025, -43.3619003, -43.3474312, -43.3528442, -43.349575
1536.2999999999934, -47.8434944, -47.8416634, -47.8425255, -47.8404541, -47.8397026, -47.8356667, -47.8346214, -47.8341904, -47.8322029, -47.8301086
1536.3999999999933, -40.3628311, -40.3883781, -40.4366417, -40.4772491, -40.51828, -40.5353699, -40.5531502, -40.5654869, -40.5689545, -40.5586243
1536.4999999999932, -48.8611488, -48.860981, -48.8653374, -48.8627815, -48.8580208, -48.8570709, -48.8582916, -48.861763, -48.8653717, -48.8626823
1536.599999999993, -37.8121872, -37.8070984, -37.806324, -37.8043823, -37.8056679, -37.8034248, -37.8056335, -37.8056641, -37.8038483, -37.7964668
1536.699999999993, -48.9715614, -48.9762764, -48.9751587, -48.9804382, -48.9784775, -48.9848099, -48.9884529, -48.9959946, -48.9904175, -48.9888382
1536.799999999993, -37.9891853, -37.9902344, -37.9940071, -37.997364, -37.9974899, -37.9996796, -37.9966278, -37.9969559, -37.9987602, -37.9999809
1536.8999999999928, -49.284893, -49.2890968, -49.2907104, -49.2925148, -49.2934914, -49.2960129, -49.2963486, -49.2977791, -49.2985687, -49.2967644
1536.9999999999927, -44.5467873, -44.5804596, -44.5737839, -44.5753059, -44.5772591, -44.5758896, -44.5594902, -44.5775261, -44.5603256, -44.5431099
1537.0999999999926, -49.2479858, -49.2508507, -49.2460518, -49.2440834, -49.2441559, -49.2446022, -49.2431183, -49.2450104, -49.2407379, -49.2507782
1537.1999999999925, -43.9501305, -43.9790688, -44.0136681, -44.0317268, -44.0429993, -44.0409584, -44.0415421, -44.0537834, -44.0494804, -44.0575409
1537.2999999999925, -50.6557579, -50.658329, -50.659977, -50.6610565, -50.6639404, -50.6855392, -50.6951828, -50.6785507, -50.671936, -50.6724548
1537.3999999999924, -40.7918015, -40.7791443, -40.7734871, -40.7676125, -40.7704544, -40.7756653, -40.774807, -40.7829399, -40.7897263, -40.7821617
1537.4999999999923, -50.7952614, -50.7987709, -50.8016396, -50.8048325, -50.8048859, -50.8053627, -50.8032341, -50.8070679, -50.8069611, -50.8054161
1537.5999999999922, -42.1272697, -42.1334457, -42.1257057, -42.1184883, -42.1147537, -42.1032104, -42.1118965, -42.1159248, -42.1092339, -42.1093521
1537.699999999992, -50.8585052, -50.8566704, -50.8587189, -50.8627663, -50.8603363, -50.8611984, -50.8614159, -50.8607674, -50.862278, -50.8631935
1537.799999999992, -44.6717987, -44.6787567, -44.6912956, -44.7011681, -44.6948814, -44.6926765, -44.6799126, -44.67136, -44.6743546, -44.6712151
1537.899999999992, -51.0046196, -51.0052338, -51.0052338, -51.0058479, -51.0080223, -51.0091934, -51.0073509, -51.0123215, -51.0091934, -51.0103111
1537.9999999999918, -47.9018936, -47.9081993, -47.9012947, -47.902359, -47.9061241, -47.9116707, -47.9138603, -47.9170647, -47.9197464, -47.9232292
1538.0999999999917, -51.4161491, -51.4210548, -51.4224052, -51.4268265, -51.4305763, -51.4345131, -51.4352493, -51.4370956, -51.4378357, -51.440239
1538.1999999999916, -45.4114876, -45.3685684, -45.3349304, -45.3033943, -45.2717438, -45.2562447, -45.2567329, -45.238903, -45.2158699, -45.210022
1538.2999999999915, -52.0539665, -52.0538979, -52.0521965, -52.0542526, -52.0526924, -52.0514145, -52.051487, -52.0500679, -52.0492172, -52.0523376
1538.3999999999915, -49.05793, -49.0652313, -49.0868988, -49.0940399, -49.1061516, -49.1075935, -49.1120262, -49.1036339, -49.0970535, -49.108387
1538.4999999999914, -51.7496834, -51.7549133, -51.7517357, -51.754715, -51.7535248, -51.7573662, -51.7537193, -51.7551765, -51.7519989, -51.7515373
1538.5999999999913, -43.9325142, -43.9294662, -43.9274673, -43.9271812, -43.9237976, -43.9246254, -43.9231644, -43.9254799, -43.9287872, -43.9300766
1538.6999999999912, -51.6516724, -51.6523857, -51.6519966, -51.6554909, -51.6542625, -51.6548424, -51.6549721, -51.6542625, -51.6552315, -51.6556854
1538.799999999991, -49.5380325, -49.5461922, -49.5535316, -49.5595627, -49.5564461, -49.5593224, -49.5657578, -49.5691605, -49.5661621, -49.5634804
1538.899999999991, -51.9147034, -51.9133987, -51.9079704, -51.9024162, -51.9050903, -51.9069405, -51.9057083, -51.9091415, -51.9046135, -51.9044037
1538.999999999991, -44.3925056, -44.3373947, -44.2445908, -44.1749039, -44.178318, -44.1350441, -44.0923004, -44.0806961, -44.0706902, -44.0673485
1539.0999999999908, -52.4814453, -52.4813652, -52.4856758, -52.4852066, -52.4865379, -52.4863815, -52.4834824, -52.4820709, -52.4839516, -52.4822273
1539.1999999999907, -49.7860413, -49.7797318, -49.7833061, -49.7867584, -49.7798157, -49.7769165, -49.7666779, -49.7691917, -49.7702827, -49.7793121
1539.2999999999906, -52.1941833, -52.1933022, -52.191761, -52.1954994, -52.1950607, -52.1932297, -52.1959419, -52.1960144, -52.1938896, -52.1929359
1539.3999999999905, -44.855217, -44.8358078, -44.8261375, -44.8207779, -44.8237038, -44.8268356, -44.8189774, -44.8121033, -44.8082466, -44.8010254
1539.4999999999905, -50.9934311, -50.989151, -50.9950981, -50.9950409, -50.9991074, -50.9983253, -50.998661, -50.996933, -50.9962692, -51.0012779
1539.5999999999904, -41.2161751, -41.2235565, -41.220047, -41.2280655, -41.2263985, -41.2170486, -41.2098045, -41.2000351, -41.1791916, -41.165905
1539.6999999999903, -50.7617645, -50.7613983, -50.7659874, -50.7674637, -50.7657204, -50.7676773, -50.7692604, -50.7695236, -50.7692604, -50.7690468
1539.7999999999902, -39.4242134, -39.4364815, -39.4470139, -39.4583855, -39.469017, -39.4801865, -39.4920578, -39.4983444, -39.5153809, -39.5260277
1539.89999999999, -49.8566284, -49.8560753, -49.8612518, -49.851326, -49.8516235, -49.8475227, -49.8456459, -49.8505135, -49.851368, -49.8490639
1539.99999999999, -45.4009247, -45.3847389, -45.3707619, -45.3524323, -45.3328323, -45.334919, -45.3352661, -45.3267212, -45.3223495, -45.3287277
1540.09999999999, -49.218811, -49.2226181, -49.2235069, -49.2235031, -49.2250977, -49.2293167, -49.2278366, -49.2283897, -49.2274284, -49.2275391
1540.1999999999898, -45.1492958, -45.1443024, -45.1390305, -45.1403427, -45.1459503, -45.1420364, -45.142395, -45.1449127, -45.1425552, -45.1382217
1540.2999999999897, -49.4490814, -49.4512253, -49.4543419, -49.4538765, -49.454071, -49.4557495, -49.4547348, -49.4542656, -49.4542656, -49.4546547
1540.3999999999896, -39.1411896, -39.1419106, -39.1411362, -39.1435966, -39.1413879, -39.143528, -39.1441154, -39.1509514, -39.1539116, -39.1471786
1540.4999999999895, -48.6076393, -48.6103058, -48.610466, -48.6108856, -48.6120071, -48.6132927, -48.6164093, -48.6165085, -48.6183739, -48.6155434
1540.5999999999894, -38.2390022, -38.2334442, -38.2331161, -38.2300034, -38.2335587, -38.2312241, -38.2317276, -38.2297859, -38.2291832, -38.2301254
1540.6999999999894, -49.019928, -49.0312347, -49.0379295, -49.0434608, -49.0432129, -49.0449524, -49.0411568, -49.0460167, -49.0494995, -49.0491447
1540.7999999999893, -43.8582611, -43.8685837, -43.858551, -43.8422356, -43.8343582, -43.8297157, -43.8339806, -43.8298988, -43.8329468, -43.8370743
1540.8999999999892, -47.1272163, -47.1301613, -47.1281281, -47.1289253, -47.1288109, -47.127739, -47.1315536, -47.136425, -47.1356239, -47.1360359
1540.999999999989, -44.7002258, -44.6988678, -44.6923904, -44.685894, -44.6827583, -44.6819, -44.6772995, -44.6807442, -44.6823311, -44.6816673
1541.099999999989, -47.4373665, -47.4354324, -47.4328346, -47.4366798, -47.4387894, -47.4353333, -47.4336929, -47.4360428, -47.4376869, -47.4354095
1541.199999999989, -42.547226, -42.5405273, -42.5328026, -42.5215187, -42.5138397, -42.516304, -42.5211372, -42.5269279, -42.518959, -42.5145035
1541.2999999999888, -47.2470932, -47.2479362, -47.247818, -47.2485466, -47.2513885, -47.251152, -47.2515755, -47.2518578, -47.2546768, -47.2568169
1541.3999999999887, -38.8194351, -38.8108749, -38.8060608, -38.8041344, -38.811821, -38.8120956, -38.8143539, -38.8126755, -38.8161049, -38.8152733
1541.4999999999886, -47.5505486, -47.5544281, -47.5255852, -47.4660721, -47.45998, -47.4532089, -47.4659729, -47.4597855, -47.4489784, -47.436142
1541.5999999999885, -43.6701889, -43.6632652, -43.6414108, -43.6321831, -43.6329498, -43.6252174, -43.6235771, -43.6220284, -43.6204414, -43.6242599
1541.6999999999884, -45.8264198, -45.8276215, -45.8338394, -45.8409462, -45.8437462, -45.8558083, -45.8590622, -45.8592987, -45.8614464, -45.861515
1541.7999999999884, -44.9382668, -44.9358292, -44.9476852, -44.9546661, -44.949482, -44.9431267, -44.9351807, -44.9350319, -44.9333076, -44.9356232
1541.8999999999883, -45.4498062, -45.4479904, -45.4508781, -45.4538727, -45.4554863, -45.455162, -45.4533768, -45.448967, -45.4536552, -45.4530334
1541.9999999999882, -44.1690445, -44.1676903, -44.1667786, -44.1531563, -44.1525116, -44.1532707, -44.1563683, -44.1559639, -44.1550217, -44.1634331
1542.099999999988, -45.7612724, -45.7592888, -45.7680931, -45.7749596, -45.7766991, -45.7759132, -45.7768135, -45.7752609, -45.7756119, -45.7722015
1542.199999999988, -41.3152466, -41.3109818, -41.3090553, -41.3067284, -41.3100052, -41.3065224, -41.3020935, -41.2967148, -41.2924843, -41.2885132
1542.299999999988, -46.0268173, -46.025238, -46.0192566, -46.0349922, -46.0318871, -46.0310173, -46.0221062, -46.0203018, -46.0147667, -46.012455
1542.3999999999878, -42.9124565, -42.9102173, -42.9050331, -42.8962173, -42.8914719, -42.8931427, -42.8981667, -42.9103279, -42.8962364, -42.8955307
1542.4999999999877, -44.0734901, -44.0859375, -44.0800858, -44.0778656, -44.0783501, -44.0815773, -44.0899963, -44.1174545, -44.1271095, -44.12854
1542.5999999999876, -45.1373558, -45.1333733, -45.1333885, -45.1319733, -45.1416855, -45.1418304, -45.1377449, -45.1412811, -45.1420631, -45.1356201
1542.6999999999875, -42.0572166, -42.058094, -42.058651, -42.0612373, -42.0601158, -42.061161, -42.0670509, -42.0630379, -42.0602417, -42.0635643
1542.7999999999874, -45.1795502, -45.178154, -45.1810379, -45.1839142, -45.184803, -45.186512, -45.1843796, -45.1862183, -45.1879425, -45.184948
1542.8999999999874, -43.8984566, -43.9062767, -43.908844, -43.9114571, -43.9134178, -43.9154549, -43.9202805, -43.9159012, -43.9207611, -43.9177437
1542.9999999999873, -42.9741783, -42.9705124, -42.9720726, -42.9679108, -42.9656868, -42.9650917, -42.9680977, -42.9704781, -42.9751358, -42.968586
1543.0999999999872, -44.14468, -44.1479454, -44.1473923, -44.1445084, -44.1391945, -44.1372681, -44.1309319, -44.1270523, -44.1377487, -44.1364861
1543.199999999987, -42.6935692, -42.6967087, -42.7113228, -42.713089, -42.7018509, -42.6954041, -42.6938591, -42.6964493, -42.6883774, -42.6859703
1543.299999999987, -42.8975029, -42.8902626, -42.8941078, -42.8990288, -42.9075394, -42.9067001, -42.9115143, -42.9109688, -42.9123268, -42.9168091
1543.399999999987, -45.1606293, -45.1789856, -45.1664085, -45.1427841, -45.1476746, -45.1398392, -45.1316566, -45.11129, -45.1066132, -45.1216202
1543.4999999999868, -39.1436844, -39.1433029, -39.1448555, -39.157238, -39.1575546, -39.1492767, -39.1528282, -39.1513824, -39.1526718, -39.1534348
1543.5999999999867, -45.1108017, -45.1144028, -45.1175079, -45.1111183, -45.1039467, -45.1087799, -45.1053391, -45.0990677, -45.1087952, -45.1133575
1543.6999999999866, -39.4306145, -39.4334984, -39.4326591, -39.4300537, -39.4308777, -39.4301949, -39.4292831, -39.4258194, -39.4271049, -39.4282684
1543.7999999999865, -44.6533585, -44.6520805, -44.6551018, -44.656044, -44.655014, -44.651886, -44.6533737, -44.6529198, -44.6536293, -44.6527405
1543.8999999999864, -41.7679176, -41.7699432, -41.7648659, -41.7606659, -41.7677116, -41.7751923, -41.772049, -41.7678452, -41.7640839, -41.7661285
1543.9999999999864, -43.3102798, -43.3032532, -43.2994576, -43.3049164, -43.3061218, -43.2999496, -43.293705, -43.3009338, -43.3035355, -43.3032227
1544.0999999999863, -40.925827, -40.9284668, -40.9339905, -40.9450302, -40.9455833, -40.9390717, -40.9384193, -40.9358177, -40.9286385, -40.9209099
1544.1999999999862, -45.0227013, -45.0253029, -45.0180893, -45.0164185, -45.0078926, -45.0058212, -45.0082436, -45.0089455, -45.0071373, -45.0140076
1544.299999999986, -37.3156319, -37.3130302, -37.3181152, -37.3265495, -37.3297272, -37.3324966, -37.332489, -37.33284, -37.3320847, -37.3288689
1544.399999999986, -44.81213, -44.7788277, -44.7833748, -44.7512512, -44.7583504, -44.7645187, -44.7841072, -44.774826, -44.7675285, -44.7575722
1544.499999999986, -37.0751686, -37.0780106, -37.0785561, -37.0781746, -37.0757866, -37.0785751, -37.0774498, -37.0702209, -37.0720177, -37.070118
1544.5999999999858, -44.7269783, -44.7305527, -44.7312508, -44.7305641, -44.7355766, -44.7379608, -44.7357864, -44.7337875, -44.7351799, -44.734642
1544.6999999999857, -38.1583977, -38.1577187, -38.1616478, -38.1532974, -38.1534195, -38.1553917, -38.1586876, -38.1619682, -38.1606483, -38.1591072
1544.7999999999856, -44.166008, -44.1644363, -44.1681213, -44.1690674, -44.1666985, -44.1670113, -44.1663055, -44.1691246, -44.1695976, -44.1704178
1544.8999999999855, -38.9941597, -39.0011597, -39.006855, -39.0074577, -39.0050697, -39.0018387, -39.0019035, -39.0035667, -39.0008049, -38.9934273
1544.9999999999854, -44.2469292, -44.2460709, -44.2435188, -44.2474022, -44.2450981, -44.2446861, -44.2433701, -44.2466469, -44.2470016, -44.2468109
1545.0999999999854, -37.1734352, -37.1788979, -37.1669235, -37.162014, -37.1620483, -37.1555443, -37.1481552, -37.1457901, -37.1446724, -37.1437416
1545.1999999999853, -44.5489006, -44.5468979, -44.5372581, -44.5287285, -44.532032, -44.5518303, -44.5649147, -44.5628433, -44.5540504, -44.547657
1545.2999999999852, -39.133152, -39.1346588, -39.1327209, -39.1299591, -39.1236382, -39.1224174, -39.1223946, -39.1159592, -39.1209297, -39.1166992
1545.399999999985, -44.166687, -44.1712151, -44.1633759, -44.1603088, -44.1608963, -44.1587296, -44.1631546, -44.1684761, -44.1681175, -44.1705093
1545.499999999985, -37.5934792, -37.5821915, -37.5834084, -37.5822258, -37.5860214, -37.5890427, -37.5925331, -37.5976562, -37.6015816, -37.5996361
1545.599999999985, -44.4956284, -44.4952927, -44.496212, -44.4962997, -44.4995003, -44.4999657, -44.5012589, -44.5003128, -44.5019836, -44.5006256
1545.6999999999848, -37.3386154, -37.3415642, -37.3420525, -37.3404655, -37.3417473, -37.3412666, -37.3374634, -37.3305092, -37.3297195, -37.3360558
1545.7999999999847, -44.3262405, -44.3263474, -44.327404, -44.3280869, -44.3307457, -44.3322105, -44.3333473, -44.3326187, -44.3333855, -44.3359413
1545.8999999999846, -37.894516, -37.912384, -37.9169731, -37.912384, -37.9118462, -37.9046173, -37.9019775, -37.9081612, -37.9091759, -37.9039803
1545.9999999999845, -43.4152603, -43.418232, -43.4239273, -43.4328804, -43.4384613, -43.4373093, -43.4433823, -43.4445572, -43.4395447, -43.4414406
1546.0999999999844, -40.9171066, -40.9184418, -40.9226837, -40.9332314, -40.9287987, -40.9132462, -40.916832, -40.8970375, -40.9043007, -40.9102287
1546.1999999999844, -42.9770126, -42.9800072, -42.9854584, -42.9872513, -42.9877625, -42.9851341, -42.9872513, -42.9875946, -42.9862404, -42.9835243
1546.2999999999843, -40.9139977, -40.9130554, -40.9121284, -40.9024696, -40.9008904, -40.9013748, -40.9030571, -40.8977509, -40.9002571, -40.8993416
1546.3999999999842, -43.2632866, -43.262291, -43.2640076, -43.2669258, -43.2648506, -43.2684174, -43.2689247, -43.2693558, -43.2692719, -43.2709427
1546.499999999984, -38.5384979, -38.5315208, -38.5414009, -38.5504723, -38.5401039, -38.5363579, -38.5396957, -38.5340424, -38.5322418, -38.5350189
1546.599999999984, -43.9584503, -43.9676743, -43.9761047, -43.9598618, -43.9653587, -43.9612923, -43.9750557, -43.9827614, -43.9737396, -43.9775314
1546.699999999984, -39.3854408, -39.3829346, -39.3738518, -39.3702507, -39.3637085, -39.3529549, -39.3446541, -39.355587, -39.3619156, -39.3599014
1546.7999999999838, -42.5007629, -42.4935799, -42.4998207, -42.5050774, -42.504509, -42.5062408, -42.5093918, -42.5098343, -42.5099144, -42.5131493
1546.8999999999837, -41.8010216, -41.7986908, -41.7916107, -41.7935143, -41.7944298, -41.796936, -41.7940025, -41.7981682, -41.7966194, -41.8001366
1546.9999999999836, -41.0895042, -41.0870361, -41.0830345, -41.0846329, -41.0879059, -41.0960503, -41.0980988, -41.0955658, -41.1004066, -41.1046371
1547.0999999999835, -42.6147041, -42.6160202, -42.6121521, -42.6158257, -42.6138229, -42.6158524, -42.612854, -42.6008186, -42.6022377, -42.5989304
1547.1999999999834, -41.2831383, -41.2813797, -41.2744446, -41.2723885, -41.2771378, -41.2727509, -41.2781296, -41.2767067, -41.2760925, -41.2756958
1547.2999999999834, -40.9257736, -40.9180832, -40.912159, -40.9185867, -40.9196053, -40.9305763, -40.9302063, -40.9295311, -40.9291573, -40.9327888
1547.3999999999833, -42.3600311, -42.3624077, -42.3580894, -42.3567657, -42.3538742, -42.347847, -42.3465347, -42.3454781, -42.3477402, -42.3450241
1547.4999999999832, -40.5310249, -40.5237579, -40.5102425, -40.5068817, -40.4924927, -40.5018387, -40.5027542, -40.503067, -40.4927635, -40.489994
1547.599999999983, -41.7939682, -41.7873878, -41.7974739, -41.8070641, -41.8109398, -41.8169174, -41.8116989, -41.8170815, -41.8188477, -41.8238792
1547.699999999983, -42.5901337, -42.5928192, -42.5803833, -42.5627594, -42.5432358, -42.5454369, -42.5486908, -42.545063, -42.5334702, -42.5301971
1547.799999999983, -38.4345741, -38.4402809, -38.445343, -38.4492912, -38.4494934, -38.4484901, -38.4421577, -38.4442368, -38.4414177, -38.4361916
1547.8999999999828, -42.9923935, -42.9918289, -42.9887466, -42.9930267, -42.993248, -42.9936981, -42.9903831, -42.993618, -42.9901924, -42.9956017
1547.9999999999827, -38.5645065, -38.5669365, -38.5707397, -38.5711784, -38.5681801, -38.5682793, -38.5699692, -38.5694427, -38.5672226, -38.5665016
1548.0999999999826, -42.8941956, -42.9081459, -42.9121094, -42.9099998, -42.9082909, -42.911869, -42.9073563, -42.9026527, -42.9098091, -42.8991737
1548.1999999999825, -39.4214401, -39.4221001, -39.4236526, -39.4294624, -39.4289703, -39.4272919, -39.4209633, -39.4195175, -39.4194183, -39.4171219
1548.2999999999824, -41.7977676, -41.790493, -41.7869759, -41.7920456, -41.801857, -41.7892838, -41.7749176, -41.7793655, -41.7942352, -41.7955933
1548.3999999999824, -40.4648895, -40.4666405, -40.4586639, -40.4562454, -40.4597549, -40.4549789, -40.4595261, -40.4626732, -40.461998, -40.4646072
1548.4999999999823, -43.1216202, -43.1260948, -43.1218338, -43.1182556, -43.1203918, -43.1225548, -43.1240158, -43.124054, -43.1283836, -43.1259575
1548.5999999999822, -36.9087296, -36.9071541, -36.9093857, -36.9123726, -36.9100723, -36.9039268, -36.9025917, -36.903141, -36.9072762, -36.9091225
1548.699999999982, -43.0728683, -43.070034, -43.069603, -43.072731, -43.0812416, -43.0832558, -43.0829124, -43.0808182, -43.0832787, -43.0659103
1548.799999999982, -37.0836258, -37.0853996, -37.0812988, -37.0635185, -37.0665016, -37.0705795, -37.0626564, -37.0639076, -37.0662422, -37.0720024
1548.899999999982, -43.1291199, -43.1299477, -43.1314697, -43.1299667, -43.1237602, -43.1241074, -43.1298409, -43.1282196, -43.1320572, -43.1327515
1548.9999999999818, -43.135643, -43.1334152, -43.1326218, -43.1327324, -43.1339073, -43.1297112, -43.1348076, -43.1348152, -43.1343613, -43.1351166
1549.0999999999817, -42.6157761, -42.6037979, -42.6157875, -42.6179504, -42.6145515, -42.6201019, -42.6242828, -42.627182, -42.6302528, -42.6277504
1549.1999999999816, -38.0363503, -38.0454216, -38.0606766, -38.0647163, -38.0757217, -38.0785294, -38.0794449, -38.0786438, -38.0782623, -38.0811272
1549.2999999999815, -42.8935661, -42.8895378, -42.8924713, -42.8952293, -42.8905869, -42.8868217, -42.8849106, -42.8806076, -42.8843536, -42.878643
1549.3999999999814, -37.3959465, -37.366806, -36.9464264, -37.0550804, -37.041954, -37.0143585, -37.1265144, -37.1624947, -37.229229, -37.3047295
1549.4999999999814, -42.6811066, -42.6792793, -42.6797218, -42.6857414, -42.6825905, -42.6801147, -42.6822853, -42.6797714, -42.6833038, -42.6851578
1549.5999999999813, -38.3171997, -38.3458176, -38.3504868, -38.3580551, -38.3464622, -38.3350067, -38.334568, -38.3312531, -38.3429146, -38.34618
1549.6999999999812, -42.7852707, -42.7811241, -42.7705498, -42.7737808, -42.7826538, -42.779808, -42.7802887, -42.782032, -42.7874069, -42.7837868
1549.799999999981, -39.2323837, -39.219944, -39.2354088, -39.2478714, -39.2458344, -39.2522469, -39.2483406, -39.2431297, -39.2365417, -39.2091751
1549.899999999981, -42.7363167, -42.7262535, -42.7266502, -42.7254295, -42.7269745, -42.7286072, -42.7247772, -42.7239914, -42.7279434, -42.7305031
1549.999999999981, -36.9902763, -36.9879837, -36.9827042, -36.9896164, -36.9967003, -37.0007973, -37.0023689, -36.9973755, -36.9964561, -37.0009193
1550.0999999999808, -42.8413696, -42.8382149, -42.8234978, -42.8319969, -42.813221, -42.8285065, -42.8441048, -42.8543129, -42.8550453, -42.8557892
1550.1999999999807, -38.2148323, -38.2221794, -38.221962, -38.2084351, -38.1825294, -38.1725273, -38.1889267, -38.1973495, -38.1840172, -38.1628036
1550.2999999999806, -42.4547768, -42.450985, -42.4458122, -42.4451294, -42.4561462, -42.4561615, -42.4542542, -42.4558983, -42.4538498, -42.4508247
1550.3999999999805, -40.4912529, -40.4872017, -40.4545822, -40.4591904, -40.4635277, -40.4564171, -40.4435959, -40.4492226, -40.4432526, -40.4492226
1550.4999999999804, -40.7130241, -40.7178345, -40.72258, -40.7220001, -40.7207146, -40.7205887, -40.7235298, -40.7265167, -40.7217598, -40.7213974
1550.5999999999804, -41.2377548, -41.2311478, -41.2333107, -41.2315598, -41.2366333, -41.2266426, -41.2224388, -41.2249947, -41.2260704, -41.2385559
1550.6999999999803, -41.8765488, -41.8902893, -41.901741, -41.9077568, -41.9071999, -41.9008713, -41.8957214, -41.9042587, -41.9049416, -41.9057999
1550.7999999999802, -40.3428612, -40.3413124, -40.3525429, -40.3656769, -40.3583069, -40.3450737, -40.3494225, -40.3595467, -40.3836288, -40.3768044
1550.89999999998, -41.6506119, -41.6541023, -41.6590576, -41.6667747, -41.6662483, -41.6646996, -41.6656265, -41.6639633, -41.6590309, -41.6618195
1550.99999999998, -38.9770927, -38.9737167, -38.9708405, -38.9645805, -38.9636154, -38.9587746, -38.9456558, -38.9501686, -38.9431343, -38.9361687
1551.09999999998, -42.3114204, -42.2970276, -42.3139458, -42.3245811, -42.3306427, -42.3261147, -42.3223381, -42.3320045, -42.3258934, -42.3094902
1551.1999999999798, -41.8994408, -41.9034119, -41.9000053, -41.887104, -41.8747826, -41.9016571, -41.8983498, -41.8728065, -41.8848495, -41.8975143
1551.2999999999797, -39.2121086, -39.2081299, -39.2292862, -39.2391167, -39.2303009, -39.2443619, -39.2529259, -39.2568626, -39.2633362, -39.2679176
1551.3999999999796, -41.9830055, -41.9818268, -41.9853859, -41.9864235, -41.9873581, -41.9609566, -41.9448395, -41.9407043, -41.9621162, -41.9654541
1551.4999999999795, -38.6559143, -38.6585426, -38.6612701, -38.6706009, -38.667408, -38.6716385, -38.6721382, -38.6740265, -38.6739731, -38.6739006
1551.5999999999794, -42.8566437, -42.8573532, -42.8575554, -42.8608551, -42.8507919, -42.8472939, -42.8452187, -42.8460617, -42.8371429, -42.819252
1551.6999999999794, -39.9401512, -39.9466286, -39.941864, -39.9466324, -39.968998, -39.9725761, -39.9618416, -39.9748497, -39.9731331, -39.9807281
1551.7999999999793, -40.938591, -40.9351654, -40.9309731, -40.9282494, -40.9196053, -40.8994598, -40.9021683, -40.8870277, -40.8726425, -40.8816223
1551.8999999999792, -40.5485306, -40.5643616, -40.5616226, -40.5676079, -40.5810242, -40.5872765, -40.587307, -40.5852089, -40.5877228, -40.5856934
1551.999999999979, -41.9702759, -41.9789848, -41.9687729, -41.9641418, -41.9753113, -41.982811, -41.977951, -41.9626999, -41.9651527, -41.9737015
1552.099999999979, -38.6061325, -38.5987473, -38.5925331, -38.5863342, -38.5826302, -38.5879707, -38.5834236, -38.5759087, -38.5658264, -38.5642319
1552.199999999979, -42.6821747, -42.6706314, -42.6525574, -42.6603622, -42.6689377, -42.6716766, -42.685955, -42.6944275, -42.6933327, -42.6814919
1552.2999999999788, -36.8305893, -36.83004, -36.8199577, -36.8091888, -36.8074036, -36.802742, -36.7972755, -36.79916, -36.7915649, -36.8052979
1552.3999999999787, -42.9508514, -42.9498138, -42.9308472, -42.9369659, -42.972908, -42.9771271, -42.9681358, -42.9692345, -42.9741859, -42.9753685
1552.4999999999786, -37.5863876, -37.5876389, -37.5889053, -37.5849075, -37.5935783, -37.590065, -37.5905991, -37.5941811, -37.5945206, -37.5964317
1552.5999999999785, -42.4251289, -42.556282, -42.5956535, -42.6315918, -42.6238861, -42.6022224, -42.6273537, -42.6341934, -42.6191864, -42.6133232
1552.6999999999784, -37.4478798, -37.4636726, -37.4662094, -37.4706993, -37.4740524, -37.476017, -37.472908, -37.4667587, -37.4652748, -37.4669304
1552.7999999999784, -42.5296173, -42.536869, -42.5520058, -42.5449371, -42.5335007, -42.5119934, -42.5043297, -42.5258675, -42.5422058, -42.5577965
1552.8999999999783, -37.5282402, -37.5300941, -37.5330124, -37.5189857, -37.5257568, -37.5225983, -37.5294189, -37.5122681, -37.5101089, -37.5108223
1552.9999999999782, -42.5777626, -42.5812531, -42.6027832, -42.6062889, -42.6085205, -42.6118774, -42.6266327, -42.6284294, -42.6173134, -42.6091423
1553.099999999978, -38.6221848, -38.6301918, -38.6318169, -38.6246071, -38.6215897, -38.6177177, -38.600338, -38.5893936, -38.5947838, -38.5962639
1553.199999999978, -41.5091591, -41.5030861, -41.4972382, -41.5028419, -41.5099258, -41.5137138, -41.5144043, -41.5247269, -41.5206451, -41.524437
1553.299999999978, -38.7057533, -38.7010269, -38.7127838, -38.7136421, -38.6810837, -38.6666718, -38.6823273, -38.6913261, -38.6986046, -38.6948586
1553.3999999999778, -42.6217384, -42.6385918, -42.6287041, -42.6306839, -42.6585236, -42.6648254, -42.6659966, -42.6585083, -42.6466789, -42.6498146
1553.4999999999777, -37.6719131, -37.6523933, -37.6515274, -37.6340179, -37.6305733, -37.6358604, -37.6296082, -37.6318932, -37.6350441, -37.6415215
1553.5999999999776, -41.8864937, -41.8835564, -41.9007263, -41.898098, -41.9000473, -41.9040909, -41.9084625, -41.9052696, -41.9008636, -41.878933
1553.6999999999775, -37.3353386, -37.3307762, -37.3135452, -37.2981606, -37.3166847, -37.3283997, -37.3212814, -37.32547, -37.3300629, -37.328537
1553.7999999999774, -42.1755257, -42.2183189, -42.2700844, -42.3432083, -42.3630104, -42.4037437, -42.404213, -42.4073677, -42.3912697, -42.3425674
1553.8999999999774, -40.2042885, -40.2079048, -40.1901398, -40.1798134, -40.1714859, -40.1539268, -40.1436958, -40.1541214, -40.1498032, -40.1583252
1553.9999999999773, -40.2181473, -40.2109871, -40.2111626, -40.2242165, -40.2264366, -40.22472, -40.21521, -40.2054749, -40.2071724, -40.1954155
1554.0999999999772, -40.3794327, -40.3718643, -40.3610229, -40.376606, -40.3791313, -40.3835831, -40.39188, -40.3912773, -40.3872643, -40.3781929
1554.199999999977, -40.1927567, -40.194313, -40.2012253, -40.2009926, -40.2002106, -40.1965485, -40.1987762, -40.200489, -40.2019234, -40.1990204
1554.299999999977, -40.6835709, -40.673069, -40.6982117, -40.6803932, -40.7082481, -40.7338486, -40.7472153, -40.7494965, -40.737854, -40.7382507
1554.399999999977, -41.069809, -41.0675545, -41.0588608, -40.9306297, -40.6376648, -40.5545769, -40.6847725, -40.8823662, -40.9848976, -40.9857559
1554.4999999999768, -39.0174866, -39.0228195, -39.0047379, -39.0230179, -39.0126534, -39.0187912, -39.0242462, -39.0225868, -39.0241699, -39.0262718
1554.5999999999767, -40.3285904, -40.3252487, -40.3165703, -40.3194542, -40.3278885, -40.3334465, -40.3332367, -40.3337135, -40.3247795, -40.332962
1554.6999999999766, -41.273716, -41.2895851, -41.2855148, -41.2734375, -41.2616119, -41.2785873, -41.3006058, -41.3012047, -41.3090591, -41.3091393
1554.7999999999765, -39.0212822, -39.0279884, -39.0203743, -39.0477104, -39.0526428, -39.0482025, -39.0403786, -39.0467415, -39.0464859, -39.0413322
1554.8999999999764, -41.6906548, -41.6896935, -41.6812439, -41.6596985, -41.6617851, -41.6596451, -41.6768684, -41.6744499, -41.6701012, -41.6802292
1554.9999999999764, -37.1580124, -37.1548462, -37.1533241, -37.171814, -37.1935921, -37.1945686, -37.1929932, -37.1884117, -37.1961708, -37.1939583
1555.0999999999763, -41.5466728, -41.5448799, -41.5483894, -41.549324, -41.5236168, -41.507988, -41.5204048, -41.5225143, -41.5317421, -41.5126305
1555.1999999999762, -38.8470573, -38.8251572, -38.7360153, -38.8150024, -38.8044891, -38.8555107, -38.8543015, -38.87994, -38.8843193, -38.8823242
1555.299999999976, -41.3454704, -41.342823, -41.343853, -41.3417549, -41.3225327, -41.2890434, -41.3002396, -41.2873611, -41.3040276, -41.3017006
1555.399999999976, -38.7998505, -38.8061523, -38.7925262, -38.8056602, -38.7806053, -38.7466545, -38.7540016, -38.6037979, -38.5893478, -38.6937561
1555.499999999976, -41.1719971, -41.1580315, -41.1842728, -41.1959267, -41.1911545, -41.1869278, -41.2008476, -41.2072792, -41.19981, -41.1908226
1555.5999999999758, -37.4217758, -37.3959351, -37.3931122, -37.3839645, -37.3813858, -37.3827133, -37.3813782, -37.3784904, -37.3799706, -37.3832321
1555.6999999999757, -42.1926079, -42.2293243, -42.247509, -42.2521057, -42.2854996, -42.2837029, -42.2565117, -42.264164, -42.2642174, -42.2824745
1555.7999999999756, -37.563755, -37.5575867, -37.5658035, -37.5588913, -37.5634651, -37.575943, -37.5709229, -37.5614662, -37.564537, -37.5785942
1555.8999999999755, -41.6701851, -41.6764412, -41.6716347, -41.679348, -41.6475105, -41.609684, -41.6114273, -41.6369247, -41.67062, -41.6802368
1555.9999999999754, -37.2725258, -37.2654877, -37.2720032, -37.2682037, -37.2631454, -37.2603035, -37.2731781, -37.2777977, -37.2809448, -37.2778053
1556.0999999999754, -42.0941353, -42.112278, -42.1092567, -42.0700264, -42.063549, -42.0652008, -42.0739403, -42.07621, -42.0795059, -42.0580139
1556.1999999999753, -37.5592079, -37.5625916, -37.5586472, -37.5705681, -37.5762939, -37.5759811, -37.5740662, -37.5685616, -37.566761, -37.561058
1556.2999999999752, -41.7345238, -41.7277946, -41.7086754, -41.7125511, -41.7099724, -41.7174683, -41.7208748, -41.7063179, -41.7097435, -41.7302094
1556.399999999975, -37.2137299, -37.2366943, -37.2624321, -37.2713013, -37.2716942, -37.2789116, -37.2747726, -37.2622414, -37.271431, -37.2659111
1556.499999999975, -41.8781891, -41.8695488, -41.8636284, -41.8730583, -41.8699036, -41.8622627, -41.8575706, -41.876049, -41.8766632, -41.8782768
1556.599999999975, -39.2548828, -39.2668114, -39.2551308, -39.2493591, -39.2506905, -39.2526245, -39.2529945, -39.2415009, -39.2345924, -39.2452354
1556.6999999999748, -41.0716248, -41.0677757, -41.0629272, -41.0550041, -41.0576553, -41.0655594, -41.0826263, -41.0971069, -41.0996857, -41.0937271
1556.7999999999747, -39.7385292, -39.7406197, -39.7477112, -39.736515, -39.7070198, -39.6910629, -39.688179, -39.6803017, -39.6941643, -39.7114372
1556.8999999999746, -40.9532776, -40.9675331, -40.9869766, -40.9869614, -40.9946251, -40.9811401, -40.9840508, -40.9980011, -40.9989395, -41.0030937
1556.9999999999745, -39.4362068, -39.429966, -39.4252281, -39.4180717, -39.4193535, -39.4176254, -39.3957748, -39.3743324, -39.3545647, -39.3721657
1557.0999999999744, -41.4277763, -41.4356422, -41.4267502, -41.447258, -41.4483337, -41.4473877, -41.4459267, -41.4529495, -41.4536018, -41.4377823
1557.1999999999744, -38.9782867, -38.9799728, -38.981411, -38.960022, -38.9587898, -38.9432945, -38.942318, -38.9283371, -38.9345131, -38.958828
1557.2999999999743, -40.2695427, -40.2406921, -40.2363815, -40.2186737, -40.2109909, -40.2146645, -40.2170906, -40.2150497, -40.206356, -40.1983833
1557.3999999999742, -41.077095, -41.0470085, -41.061039, -41.0828133, -41.1066818, -41.1132698, -41.117897, -41.1166382, -41.1295891, -41.1151276
1557.499999999974, -39.6816406, -39.6878052, -39.6816826, -39.6839294, -39.6866951, -39.6715088, -39.6711197, -39.6619759, -39.6605911, -39.6876335
1557.599999999974, -41.3682442, -41.3720207, -41.3829002, -41.3883705, -41.3901253, -41.3911667, -41.4099121, -41.3932571, -41.3987846, -41.3948479
1557.699999999974, -38.2583618, -38.2567291, -38.2497177, -38.2451668, -38.2445831, -38.2408981, -38.2300301, -38.2315903, -38.2446861, -38.2577362
1557.7999999999738, -41.2372475, -41.2347145, -41.2301064, -41.2568512, -41.2642784, -41.2609482, -41.2677574, -41.264019, -41.2381363, -41.2356606
1557.8999999999737, -39.8708649, -39.8578033, -39.8542099, -39.8522263, -39.8483047, -39.8624077, -39.8630791, -39.8686829, -39.8698845, -39.8689003
1557.9999999999736, -40.7274818, -40.7216911, -40.7184753, -40.7161064, -40.7232475, -40.7221565, -40.722805, -40.7256546, -40.7144737, -40.7096024
1558.0999999999735, -38.9178009, -38.9361954, -38.9426231, -38.9413147, -38.9469414, -38.9317665, -38.9317207, -38.9089661, -38.9094734, -38.9244041
1558.1999999999734, -40.4292068, -40.4459991, -40.6395187, -40.9101868, -41.0945778, -41.0933762, -41.1269341, -41.1880836, -41.2025642, -41.2383957
1558.2999999999734, -37.4204636, -37.4095116, -37.4141045, -37.4164352, -37.411869, -37.399189, -37.3961296, -37.3952827, -37.3935318, -37.3898239
1558.3999999999733, -42.2318192, -42.2675629, -42.2664146, -42.2666168, -42.2413025, -42.2708664, -42.2681198, -42.2698021, -42.270359, -42.2201157
1558.4999999999732, -37.550705, -37.5373306, -37.5520477, -37.5608902, -37.5515099, -37.5478477, -37.5526695, -37.5649338, -37.5608711, -37.5695381
1558.599999999973, -41.1932831, -41.1947899, -41.1853256, -41.1834526, -41.1929703, -41.1928482, -41.1761436, -41.1734886, -41.1819229, -41.1820412
1558.699999999973, -37.1680222, -37.1640244, -37.1593475, -37.1630821, -37.1648674, -37.1664238, -37.1703949, -37.1689758, -37.1641426, -37.168232
1558.799999999973, -41.7734947, -41.7788467, -41.7816582, -41.7834053, -41.7941017, -41.8008461, -41.8012428, -41.7870636, -41.7856522, -41.7918777
1558.8999999999728, -37.7475777, -37.7454147, -37.734417, -37.7378998, -37.7387733, -37.7437019, -37.7405586, -37.7444611, -37.7415619, -37.736187
1558.9999999999727, -41.1860313, -41.1962891, -41.2111359, -41.2200928, -41.2251167, -41.2208252, -41.2261963, -41.2156067, -41.2178154, -41.2022018
1559.0999999999726, -37.2580528, -37.2686996, -37.2908249, -37.3234482, -37.3278542, -37.3378983, -37.3481598, -37.3471184, -37.3512383, -37.3553352
1559.1999999999725, -40.9169083, -40.9164124, -40.9179382, -40.9111443, -40.9157257, -40.9258347, -40.932579, -40.9337158, -40.9202385, -40.9172859
1559.2999999999724, -39.226696, -39.2481956, -39.239315, -39.224659, -39.2264481, -39.2528992, -39.2235756, -39.223999, -39.2306328, -39.1942711
1559.3999999999724, -40.5984573, -40.5864067, -40.5861855, -40.571167, -40.5725479, -40.5846252, -40.5717621, -40.6068306, -40.615036, -40.6127586
1559.4999999999723, -39.0319824, -39.0342865, -39.0364037, -39.0338287, -39.0371094, -39.0305481, -39.0349808, -39.0243111, -38.9986, -38.9943771
1559.5999999999722, -40.3336639, -40.3614922, -40.3731537, -40.3691788, -40.3607559, -40.374897, -40.3839836, -40.3819656, -40.387928, -40.3960915
1559.699999999972, -38.7830544, -38.7846031, -38.7728004, -38.7701149, -38.774662, -38.7801628, -38.7714424, -38.7480888, -38.7653542, -38.7669373
1559.799999999972, -40.9179649, -40.9134521, -40.9097595, -40.9049034, -40.9139786, -40.9141312, -40.9166145, -40.9145622, -40.9214363, -40.9248962
1559.899999999972, -38.6295242, -38.6319771, -38.6423645, -38.6544838, -38.6516838, -38.6488075, -38.6439896, -38.6312675, -38.6436272, -38.634758
1559.9999999999718, -39.3908119, -39.3762283, -39.3348961, -39.3117943, -39.2994232, -39.3046303, -39.2802734, -39.2724724, -39.2662315, -39.2621346
1560.0999999999717, -40.6095428, -40.6160774, -40.611145, -40.6143646, -40.6103859, -40.6111946, -40.6157722, -40.610836, -40.606781, -40.6071014
1560.1999999999716, -38.6128159, -38.614399, -38.6166801, -38.6113701, -38.6008911, -38.607338, -38.6263962, -38.6243362, -38.6276436, -38.6314545
1560.2999999999715, -40.9664574, -40.9595566, -40.9683495, -40.9767799, -40.9692268, -40.969635, -40.9716835, -40.9554443, -40.9443588, -40.9559898
1560.3999999999714, -37.9849281, -37.9735222, -37.968895, -37.9731598, -37.9870262, -37.9837341, -37.986805, -37.9922562, -38.0015144, -38.0055313
1560.4999999999714, -40.53405, -40.5375137, -40.5330734, -40.5315819, -40.5311623, -40.5408707, -40.5209846, -40.5088615, -40.5146828, -40.5311089
1560.5999999999713, -38.8279572, -38.8280449, -38.8306541, -38.8290215, -38.8327408, -38.8345337, -38.8335228, -38.8315086, -38.8296623, -38.8408546
1560.6999999999712, -40.6649055, -40.6668015, -40.6660042, -40.6643639, -40.6580658, -40.6522789, -40.65522, -40.6371078, -40.6396446, -40.6519127
1560.799999999971, -38.0968781, -38.0701447, -38.0460052, -38.0475311, -38.0327644, -38.0090446, -37.9947014, -38.0090637, -38.010582, -38.0003815
1560.899999999971, -40.7678413, -40.7935791, -40.8054008, -40.8028793, -40.8017731, -40.8001404, -40.7890854, -40.7811813, -40.7717476, -40.7702217
1560.999999999971, -37.2915688, -37.2880478, -37.286087, -37.2942429, -37.2920609, -37.2831841, -37.2715607, -37.2714424, -37.2776566, -37.2883148
1561.0999999999708, -41.4818306, -41.4921761, -41.4997101, -41.4882889, -41.5065956, -41.5087204, -41.5127068, -41.5003471, -41.4914474, -41.5037804
1561.1999999999707, -37.6714172, -37.6690063, -37.6716423, -37.6649628, -37.6632805, -37.6654282, -37.6606598, -37.663887, -37.6606979, -37.6642342
1561.2999999999706, -40.678299, -40.6796112, -40.6629791, -40.6681824, -40.6695061, -40.6613731, -40.6638908, -40.6740112, -40.6574669, -40.6473579
1561.3999999999705, -37.2398605, -37.2340202, -37.2294044, -37.2257271, -37.2241554, -37.2269402, -37.2387924, -37.2339058, -37.2384453, -37.2365761
1561.4999999999704, -41.2420464, -41.2349777, -41.2137413, -41.2261467, -41.2253761, -41.2238922, -41.2249451, -41.229805, -41.2283936, -41.2216911
1561.5999999999704, -37.6573601, -37.6553154, -37.6527214, -37.6471252, -37.6550331, -37.6619415, -37.6545372, -37.651844, -37.6606216, -37.6613655
1561.6999999999703, -40.908741, -40.9050903, -40.905529, -40.9073448, -40.8925667, -40.8905525, -40.9012184, -40.9093246, -40.9042931, -40.901638
1561.7999999999702, -37.9429016, -37.9653397, -37.9794579, -38.0068932, -38.0189362, -38.04105, -38.0563126, -38.0767365, -38.0798988, -38.0738525
1561.89999999997, -40.0137024, -40.0126381, -40.0125084, -40.0149803, -40.012886, -40.007885, -39.9955444, -39.9860878, -39.994648, -39.9995995
1561.99999999997, -39.5945549, -39.5987015, -39.6047173, -39.6086502, -39.6210518, -39.6180267, -39.6091652, -39.6172752, -39.6243057, -39.6185951
1562.09999999997, -39.9009857, -39.9150162, -39.9156151, -39.9018517, -39.9053078, -39.8919907, -39.8857079, -39.8996506, -39.9112358, -39.9065971
1562.1999999999698, -39.3757324, -39.3526764, -39.3571205, -39.3652802, -39.3708382, -39.3688164, -39.3713684, -39.3774376, -39.3776588, -39.3709602
1562.2999999999697, -39.4094467, -39.4016113, -39.3995514, -39.3925247, -39.3917542, -39.3859024, -39.3873215, -39.3923454, -39.3785133, -39.3712769
1562.3999999999696, -39.2991142, -39.2986794, -39.2957191, -39.2982101, -39.2975731, -39.291832, -39.2949524, -39.2922401, -39.2971916, -39.2909126
1562.4999999999695, -40.0043526, -40.0057297, -40.0125313, -40.0163536, -40.0090141, -40.0079155, -40.0137329, -39.8778229, -39.9003754, -39.9544373
1562.5999999999694, -39.6755524, -39.6958351, -39.7306442, -39.7397728, -39.7546082, -39.7574921, -39.7750931, -39.7838097, -39.7916489, -39.7955551
1562.6999999999694, -38.2901382, -38.2761421, -38.2714806, -38.2620888, -38.2489319, -38.2425728, -38.2410545, -38.2279129, -38.2386055, -38.230217
1562.7999999999693, -40.5925407, -40.5928307, -40.5854454, -40.5773811, -40.5691376, -40.5809135, -40.5860977, -40.5854034, -40.5865021, -40.5900002
1562.8999999999692, -37.8976822, -37.8985138, -37.9021301, -37.9021912, -37.8963432, -37.9035492, -37.8987846, -37.894268, -37.8918343, -37.8915367
1562.999999999969, -41.0496941, -41.0435143, -41.0458946, -41.0405617, -41.0375557, -41.0495262, -41.046772, -41.0501595, -41.0455399, -41.0456848
1563.099999999969, -37.654541, -37.6513062, -37.6522751, -37.6566734, -37.6538467, -37.6482887, -37.6484528, -37.6391335, -37.6310692, -37.6404266
1563.199999999969, -40.4203262, -40.424118, -40.4154587, -40.4142609, -40.4229736, -40.4191475, -40.4124794, -40.4182968, -40.4190865, -40.4229622
1563.2999999999688, -37.9674568, -37.9655571, -37.9733467, -37.9707451, -37.9700851, -37.964489, -37.9668236, -37.9675407, -37.9683762, -37.9689064
1563.3999999999687, -40.874073, -40.8681221, -40.8760071, -40.8731155, -40.8769035, -40.8668365, -40.8663712, -40.8627396, -40.8697891, -40.8585358
1563.4999999999686, -37.4695663, -37.4603958, -37.4531937, -37.44561, -37.446312, -37.4470749, -37.4500237, -37.4511299, -37.4462433, -37.4513855
1563.5999999999685, -40.5021133, -40.500782, -40.5128937, -40.520916, -40.5230751, -40.5301018, -40.5265312, -40.5297813, -40.5283279, -40.5216331
1563.6999999999684, -37.7140808, -37.7155495, -37.7213135, -37.7222404, -37.7233162, -37.7245674, -37.7279434, -37.7254105, -37.7289124, -37.7216377
1563.7999999999683, -40.643734, -40.6467056, -40.6451874, -40.6458397, -40.6455917, -40.64291, -40.6417961, -40.6440544, -40.6463127, -40.6407204
1563.8999999999683, -38.6077843, -38.6049614, -38.605175, -38.6028824, -38.604969, -38.6033096, -38.6027451, -38.5985184, -38.5901184, -38.5865631
1563.9999999999682, -40.1149368, -40.1189537, -40.1189575, -40.1321793, -40.1244774, -40.1295891, -40.1318817, -40.1270943, -40.1250305, -40.123745
1564.099999999968, -37.7773094, -37.7774277, -37.7728424, -37.779644, -37.7792397, -37.7800903, -37.775383, -37.77005, -37.7707176, -37.7799911
1564.199999999968, -40.2907524, -40.2944984, -40.2890358, -40.2884674, -40.2805786, -40.2912941, -40.2880173, -40.2832909, -40.292717, -40.2908592
1564.299999999968, -38.6779442, -38.6850166, -38.6899605, -38.6918335, -38.6924591, -38.6941605, -38.6971474, -38.7014847, -38.6922798, -38.6962967
1564.3999999999678, -40.0065804, -39.9852791, -39.9670868, -39.9505463, -39.9462166, -39.9406509, -39.9370308, -39.9380684, -39.9368134, -39.9359932
1564.4999999999677, -39.1269913, -39.1512794, -39.1690941, -39.1773987, -39.2008781, -39.2011909, -39.2077293, -39.2103615, -39.2187653, -39.2167244
1564.5999999999676, -38.2223396, -38.216053, -38.2064323, -38.2080536, -38.2123871, -38.2187958, -38.2113495, -38.2162437, -38.2193947, -38.2223854
1564.6999999999675, -40.1402435, -40.1410751, -40.1402206, -40.1368523, -40.1378136, -40.1364708, -40.1385231, -40.1385269, -40.137394, -40.1332588
1564.7999999999674, -38.524868, -38.5186272, -38.5197029, -38.5116615, -38.5120888, -38.5199852, -38.5171776, -38.5130043, -38.5245209, -38.5226822
1564.8999999999673, -40.0960274, -40.0935326, -40.1044273, -40.1077766, -40.1091347, -40.1030655, -40.1087379, -40.1099243, -40.1024857, -40.1091995
1564.9999999999673, -38.1101685, -38.1144371, -38.1180038, -38.1170006, -38.1167793, -38.1202965, -38.1175728, -38.1110992, -38.112709, -38.1089897
1565.0999999999672, -39.5559731, -39.5588722, -39.5485344, -39.5455132, -39.5515556, -39.5524063, -39.5597343, -39.5532417, -39.5556602, -39.5548325
1565.199999999967, -38.4622765, -38.4608955, -38.4625893, -38.4605217, -38.4558907, -38.4544525, -38.4575233, -38.4610176, -38.4599075, -38.4627762
1565.299999999967, -40.6284981, -40.6551743, -40.6890717, -40.7112961, -40.7296066, -40.7356949, -40.7432709, -40.7429504, -40.7464104, -40.7474136
1565.399999999967, -37.368515, -37.3746758, -37.3795547, -37.3729057, -37.3712006, -37.374176, -37.3734856, -37.3720741, -37.3752365, -37.3712997
1565.4999999999668, -40.1092796, -40.1091652, -40.1075134, -40.1054916, -40.1102448, -40.1087875, -40.1068153, -40.1136932, -40.1044235, -40.1097755
1565.5999999999667, -37.4613686, -37.4571266, -37.4641457, -37.4621162, -37.4693832, -37.4720535, -37.4707832, -37.4723511, -37.4671364, -37.4619598
1565.6999999999666, -40.4105568, -40.4103584, -40.4247894, -40.427269, -40.4183655, -40.4089737, -40.4108429, -40.4115067, -40.4072952, -40.4099236
1565.7999999999665, -37.9266663, -37.924984, -37.9216957, -37.9217033, -37.9242096, -37.9265137, -37.9229164, -37.9231453, -37.9214935, -37.9191208
1565.8999999999664, -40.2041702, -40.206459, -40.1968193, -40.2036095, -40.2049446, -40.2047043, -40.2015266, -40.2004204, -40.2054138, -40.2024841
1565.9999999999663, -37.3311729, -37.332077, -37.3269844, -37.3243713, -37.3237495, -37.3233604, -37.3258972, -37.3320808, -37.3331451, -37.3301811
1566.0999999999663, -40.2026024, -40.206337, -40.2072105, -40.1983528, -40.2057953, -40.201149, -40.2000237, -40.1984024, -40.2000313, -40.20261
1566.1999999999662, -38.3092461, -38.3432159, -38.3748779, -38.3862991, -38.4012337, -38.4048462, -38.4138641, -38.4198761, -38.4288559, -38.4340591
1566.299999999966, -39.5835495, -39.5706673, -39.5496712, -39.5403938, -39.5386047, -39.5285072, -39.5182228, -39.5150986, -39.5132256, -39.5139008
1566.399999999966, -39.1264839, -39.1222496, -39.1217918, -39.1262589, -39.1258202, -39.125206, -39.1203613, -39.1280022, -39.1287231, -39.1255264
1566.499999999966, -38.7286949, -38.7208061, -38.724411, -38.7220459, -38.7256584, -38.7213821, -38.7204018, -38.7182274, -38.7210846, -38.7170029
1566.5999999999658, -39.6622086, -39.6596527, -39.655117, -39.656662, -39.6504669, -39.6503983, -39.6497459, -39.6526375, -39.6487389, -39.6482239
1566.6999999999657, -38.4829445, -38.4823875, -38.4863434, -38.4835167, -38.4909058, -38.4908485, -38.4886589, -38.4879684, -38.4937172, -38.491951
1566.7999999999656, -39.2627144, -39.2587738, -39.2483559, -39.2507362, -39.2467308, -39.2424507, -39.2458344, -39.2493973, -39.2431564, -39.2397041
1566.8999999999655, -38.7500954, -38.7558746, -38.753849, -38.7574158, -38.7564125, -38.7605858, -38.7589417, -38.7604828, -38.7551155, -38.7559013
1566.9999999999654, -39.6221542, -39.6176758, -39.6181946, -39.6265068, -39.6164474, -39.6158791, -39.6252365, -39.622818, -39.6169281, -39.6178551
1567.0999999999653, -38.1870956, -38.1616631, -38.1215363, -38.0929413, -38.0806122, -38.0641365, -38.0553017, -38.0834579, -38.0724411, -38.0488396
1567.1999999999653, -39.8708572, -39.8866653, -39.8914757, -39.8962212, -39.8993187, -39.8958855, -39.8943672, -39.8941002, -39.8900833, -39.8931122
1567.2999999999652, -37.0922623, -37.088459, -37.0894012, -37.0914307, -37.0935402, -37.0897751, -37.0918312, -37.0934334, -37.0918846, -37.0954018
1567.399999999965, -40.0597878, -40.0581665, -40.0645676, -40.0623589, -40.0556908, -40.0642891, -40.0590515, -40.0618019, -40.0567474, -40.0606689
1567.499999999965, -37.747261, -37.7358246, -37.741806, -37.7407227, -37.7390404, -37.7356415, -37.7336426, -37.7351761, -37.7348061, -37.7374725
1567.599999999965, -40.098732, -40.1001625, -40.0976944, -40.1027412, -40.1042175, -40.0979271, -40.097126, -40.0991516, -40.1009636, -40.0969467
1567.6999999999648, -37.0963478, -37.0969467, -37.0990219, -37.1041718, -37.1050072, -37.0989571, -37.0932236, -37.096489, -37.095108, -37.0925903
1567.7999999999647, -39.5674934, -39.5712585, -39.5753288, -39.5789223, -39.5782318, -39.5706749, -39.5720787, -39.5716324, -39.5810089, -39.5749969
1567.8999999999646, -37.6160507, -37.6045876, -37.6052094, -37.6169624, -37.6203537, -37.6123161, -37.6026802, -37.6027794, -37.599205, -37.6028366
1567.9999999999645, -40.222477, -40.2059631, -40.1915436, -40.1771698, -40.1747742, -40.163517, -40.1520042, -40.1417427, -40.1336746, -40.1259384
1568.0999999999644, -38.3066559, -38.3099594, -38.3123589, -38.3386574, -38.3455315, -38.3504829, -38.3489037, -38.3566666, -38.3600388, -38.3636284
1568.1999999999643, -38.6514473, -38.6517982, -38.6515541, -38.6621132, -38.6618843, -38.6654778, -38.6583481, -38.6550789, -38.6516953, -38.6575508
1568.2999999999643, -38.3873444, -38.3948708, -38.4165115, -38.4198265, -38.4166908, -38.4070511, -38.392746, -38.3874969, -38.3917847, -38.3916397
1568.3999999999642, -38.6717415, -38.6748962, -38.6742859, -38.6728477, -38.6732635, -38.6741753, -38.6779366, -38.6771469, -38.6902046, -38.6871452
1568.499999999964, -39.5801239, -39.5853348, -39.5822716, -39.574173, -39.5797234, -39.5814018, -39.577137, -39.5805321, -39.589901, -39.5861244
1568.599999999964, -38.7671738, -38.7680244, -38.770443, -38.760994, -38.7599525, -38.7662811, -38.7612839, -38.7646599, -38.7613945, -38.7610931
1568.699999999964, -38.3649445, -38.3645439, -38.3632812, -38.3591881, -38.36726, -38.3717499, -38.3737907, -38.3664322, -38.3667679, -38.3604736
1568.7999999999638, -38.3445435, -38.3429604, -38.3393288, -38.3390808, -38.330307, -38.3179207, -38.3093071, -38.3101234, -38.3115005, -38.3123627
1568.8999999999637, -39.7094803, -39.7161827, -39.7196808, -39.7329636, -39.7432327, -39.7520943, -39.7758179, -39.7708549, -39.7811813, -39.7894783
1568.9999999999636, -38.0469093, -38.0361557, -38.0378036, -38.0308266, -38.0309944, -38.0215302, -38.0221367, -38.0214767, -38.0192986, -38.01754
1569.0999999999635, -39.9855652, -39.9907799, -39.9892998, -39.9853439, -39.9873772, -39.9856949, -39.9979668, -40.0047073, -40.0105476, -40.0265427
1569.1999999999634, -37.1436462, -37.1482964, -37.1552467, -37.154068, -37.1374207, -37.1425133, -37.1504784, -37.1449776, -37.1345139, -37.1395531
1569.2999999999633, -39.5281296, -39.5176239, -39.5385666, -39.5396614, -39.5418854, -39.530735, -39.5359344, -39.5437088, -39.5371742, -39.5548363
1569.3999999999633, -37.8664093, -37.8713341, -37.8693619, -37.8789825, -37.8801994, -37.8754807, -37.887146, -37.8843765, -37.8855553, -37.8881874
1569.4999999999632, -40.332962, -40.3406677, -40.3385429, -40.3369598, -40.3374252, -40.3343582, -40.3288727, -40.3281746, -40.330986, -40.3323021
1569.599999999963, -37.5771446, -37.5714951, -37.5792923, -37.5712852, -37.5687141, -37.5645523, -37.5659523, -37.5672493, -37.5748177, -37.5684814
1569.699999999963, -39.5652084, -39.5728798, -39.5750008, -39.5881042, -39.593174, -39.5920715, -39.5835495, -39.5823936, -39.5702744, -39.5597839
1569.799999999963, -37.8024025, -37.7887535, -37.790451, -37.8011398, -37.8265152, -37.8339233, -37.8479691, -37.853878, -37.856636, -37.8646812
1569.8999999999628, -39.5836716, -39.5662842, -39.5483513, -39.5472794, -39.5374107, -39.525177, -39.5137711, -39.5080032, -39.5128975, -39.5140038
1569.9999999999627, -38.9174538, -38.9219017, -38.9172211, -38.9208145, -38.9165688, -38.9256096, -38.9358749, -38.941452, -38.9440613, -38.9377747
1570.0999999999626, -39.2522202, -39.249733, -39.2476845, -39.2445068, -39.2427139, -39.2397461, -39.2358932, -39.2359161, -39.2392845, -39.2378235
1570.1999999999625, -38.73452, -38.726078, -38.7258072, -38.723175, -38.7354584, -38.7538986, -38.7553062, -38.7483368, -38.7475815, -38.7576637
1570.2999999999624, -38.736908, -38.7592239, -38.744957, -38.7352905, -38.7294235, -38.72089, -38.7180977, -38.7188797, -38.723835, -38.7204781
1570.3999999999623, -39.2160797, -39.2000847, -39.1951065, -39.1939812, -39.1919136, -39.1885452, -39.1878433, -39.188961, -39.1948509, -39.1977615
1570.4999999999623, -39.072464, -39.0783043, -39.0739059, -39.0715408, -39.0685349, -39.0754128, -39.0843086, -39.0746384, -39.072731, -39.0702972
1570.5999999999622, -39.297966, -39.2912865, -39.2867165, -39.2855339, -39.2825775, -39.2929382, -39.3010483, -39.2812653, -39.2864456, -39.2846565
1570.699999999962, -38.3368721, -38.3047638, -38.2805481, -38.2713699, -38.2741623, -38.2750854, -38.2775345, -38.2745628, -38.2780533, -38.2781372
1570.799999999962, -39.8643112, -39.8559227, -39.8670235, -39.8602409, -39.868618, -39.8299484, -39.8246613, -39.8307495, -39.8209038, -39.8126907
1570.899999999962, -37.7468872, -37.7520256, -37.7388916, -37.7380447, -37.7402496, -37.7365494, -37.746891, -37.7537384, -37.7677536, -37.7710152
1570.9999999999618, -40.0484734, -40.0492477, -40.063694, -40.060936, -40.0665436, -40.0615082, -40.0616493, -40.0662498, -40.0585556, -40.0575256
