wavelength_nm ,power_reading_0_dbm ,power_reading_1_dbm ,power_reading_2_dbm ,power_reading_3_dbm ,power_reading_4_dbm ,power_reading_5_dbm ,power_reading_6_dbm ,power_reading_7_dbm ,power_reading_8_dbm ,power_reading_9_dbm 
1539.0, -17.5651379, -17.5660954, -17.5651951, -17.5634041, -17.561348, -17.5629711, -17.5692558, -17.5726719, -17.5737514, -17.5739746
1539.1, -18.8038921, -18.8040962, -18.8024597, -18.8035774, -18.8032722, -18.8031521, -18.8035736, -18.8044853, -18.8071785, -18.8062992
1539.1999999999998, -17.542984, -17.5418129, -17.5410671, -17.5419884, -17.5405121, -17.5405655, -17.5411987, -17.5406971, -17.5402775, -17.5396271
1539.2999999999997, -18.6646385, -18.6653843, -18.66535, -18.6664371, -18.6669464, -18.6675625, -18.6673241, -18.6682472, -18.6672058, -18.6672935
1539.3999999999996, -17.5817966, -17.579483, -17.5797901, -17.5796471, -17.580513, -17.5813694, -17.5811729, -17.5803413, -17.5803738, -17.5819798
1539.4999999999995, -18.9734173, -18.9725914, -18.9735527, -18.9744167, -18.9749413, -18.9734135, -18.974577, -18.9747124, -18.9741268, -18.9753075
1539.5999999999995, -17.6303062, -17.6332016, -17.636795, -17.6325779, -17.6359749, -17.6322098, -17.6320782, -17.6300011, -17.6307964, -17.6313496
1539.6999999999994, -18.7480373, -18.7491379, -18.747551, -18.7475224, -18.7499046, -18.7496262, -18.7485428, -18.7494659, -18.7495251, -18.7504616
1539.7999999999993, -17.8304749, -17.8284073, -17.8276348, -17.8274174, -17.8322945, -17.8311672, -17.8313541, -17.83251, -17.8341351, -17.8365536
1539.8999999999992, -19.0121574, -19.0119591, -19.0126534, -19.0123177, -19.0122528, -19.0125923, -19.0108833, -19.0107002, -19.0107098, -19.0107994
1539.999999999999, -17.6631317, -17.6599293, -17.6591148, -17.6576138, -17.6585732, -17.6583996, -17.6573162, -17.6566544, -17.6571751, -17.6572762
1540.099999999999, -18.7043324, -18.7039337, -18.7061501, -18.7054405, -18.704195, -18.7043571, -18.7034168, -18.7022591, -18.7038078, -18.7041454
1540.199999999999, -17.7896118, -17.7888927, -17.7894669, -17.7880936, -17.7877178, -17.7869167, -17.7845936, -17.7854443, -17.785347, -17.7865582
1540.2999999999988, -18.9918938, -18.9911766, -18.9922104, -18.9924717, -18.9936771, -18.9930649, -18.9919701, -18.9922371, -18.9916935, -18.9905739
1540.3999999999987, -17.7024231, -17.7034054, -17.7045364, -17.7022285, -17.7035809, -17.7046318, -17.7033749, -17.7027397, -17.7039394, -17.7029705
1540.4999999999986, -18.8518486, -18.8527641, -18.8529301, -18.8523731, -18.8521652, -18.8538475, -18.8529873, -18.8525486, -18.852541, -18.8530979
1540.5999999999985, -17.561821, -17.561161, -17.5614376, -17.5620956, -17.5619488, -17.5603085, -17.5625801, -17.5602436, -17.5607204, -17.5609913
1540.6999999999985, -18.9448013, -18.9453659, -18.9440594, -18.9440861, -18.9433689, -18.942646, -18.943346, -18.9441566, -18.9435673, -18.9453869
1540.7999999999984, -17.6314049, -17.6331863, -17.630146, -17.6294918, -17.6290493, -17.6288052, -17.6294441, -17.6301365, -17.6284351, -17.6295357
1540.8999999999983, -18.8451595, -18.8447323, -18.84585, -18.8433838, -18.8436699, -18.8444138, -18.8458805, -18.8463383, -18.8489571, -18.8514252
1540.9999999999982, -17.7853355, -17.7846584, -17.7851601, -17.7860432, -17.7857742, -17.7853336, -17.785841, -17.7846966, -17.785717, -17.7867279
1541.099999999998, -18.5213585, -18.5220661, -18.5233212, -18.5231152, -18.5253124, -18.5227489, -18.5226803, -18.5221519, -18.5213871, -18.5232296
1541.199999999998, -17.7167015, -17.7156887, -17.7166729, -17.7157345, -17.7154007, -17.7154026, -17.7146034, -17.7158775, -17.7159157, -17.7149258
1541.299999999998, -18.9572525, -18.9572372, -18.9564991, -18.9563389, -18.9570599, -18.9577541, -18.955862, -18.9553547, -18.9567604, -18.957468
1541.3999999999978, -17.4156952, -17.4150887, -17.4160194, -17.4159565, -17.4160557, -17.4180183, -17.4180279, -17.4149227, -17.4144382, -17.4133949
1541.4999999999977, -18.6346588, -18.6350822, -18.63521, -18.6352673, -18.6343861, -18.6331367, -18.6336803, -18.6333714, -18.6346207, -18.63447
1541.5999999999976, -17.3543816, -17.3555374, -17.3519497, -17.3526363, -17.3553295, -17.3542671, -17.3540382, -17.3541412, -17.3558941, -17.3621712
1541.6999999999975, -18.9005833, -18.8968449, -18.8963509, -18.8923512, -18.8901348, -18.89114, -18.8899937, -18.8901386, -18.8902454, -18.8911533
1541.7999999999975, -17.7555866, -17.7526608, -17.7507973, -17.7507114, -17.7506809, -17.7501144, -17.7461128, -17.7446537, -17.7467175, -17.7458706
1541.8999999999974, -18.3022175, -18.3017654, -18.3003635, -18.2965603, -18.2961826, -18.2983322, -18.2969017, -18.2977581, -18.2997055, -18.3009281
1541.9999999999973, -17.7307072, -17.729763, -17.7282887, -17.7282066, -17.7271957, -17.727478, -17.7265644, -17.7261868, -17.7241154, -17.7242374
1542.0999999999972, -18.563385, -18.5644722, -18.5655861, -18.5633297, -18.5656815, -18.5663013, -18.5651054, -18.5652618, -18.5644169, -18.5650368
1542.199999999997, -17.4399834, -17.4423466, -17.4401436, -17.4410152, -17.4376907, -17.4383278, -17.440134, -17.4399548, -17.4397449, -17.441288
1542.299999999997, -18.5575066, -18.5570812, -18.5572548, -18.5573292, -18.5572472, -18.558342, -18.5575104, -18.5569878, -18.5579357, -18.5577393
1542.399999999997, -17.1595078, -17.1629448, -17.1589413, -17.1610451, -17.1600494, -17.1603317, -17.1608601, -17.164196, -17.2221699, -17.2088032
1542.4999999999968, -18.7077866, -18.7076111, -18.7077942, -18.708456, -18.7096901, -18.7098427, -18.710537, -18.7106743, -18.7104664, -18.709734
1542.5999999999967, -17.6481667, -17.6649456, -17.6833172, -17.6647835, -17.6592846, -17.6578541, -17.6596107, -17.6600533, -17.6669178, -17.6803684
1542.6999999999966, -18.2851086, -18.2875652, -18.2891273, -18.290144, -18.2890148, -18.2884541, -18.282692, -18.2824383, -18.2817554, -18.283226
1542.7999999999965, -17.8633976, -17.8617115, -17.8617439, -17.8608704, -17.8600597, -17.8599567, -17.8607807, -17.8611355, -17.8611336, -17.8607979
1542.8999999999965, -18.0121498, -18.0104618, -18.0117435, -18.0110531, -18.013279, -18.0137177, -18.0106812, -18.0123215, -18.0143013, -18.0120087
1542.9999999999964, -17.6669292, -17.6673222, -17.6665535, -17.6663094, -17.6684856, -17.6678505, -17.6689568, -17.668766, -17.6660099, -17.6676464
1543.0999999999963, -18.6294708, -18.6302891, -18.6315289, -18.6311302, -18.6309795, -18.6321468, -18.6317196, -18.6309795, -18.6318645, -18.6325912
1543.1999999999962, -17.2310371, -17.2343159, -17.2365055, -17.2347755, -17.2324696, -17.2312832, -17.2323017, -17.2374401, -17.2349243, -17.2355938
1543.299999999996, -18.4967403, -18.4974995, -18.4964886, -18.498064, -18.4983883, -18.4993973, -18.5001221, -18.5021477, -18.5027523, -18.5026875
1543.399999999996, -17.3967552, -17.4032955, -17.4102917, -17.4134941, -17.4134922, -17.4146709, -17.4160652, -17.4186172, -17.4187756, -17.4185371
1543.499999999996, -18.2510929, -18.2478199, -18.2469501, -18.2495995, -18.2487392, -18.2456017, -18.2452335, -18.2447929, -18.2442894, -18.2444115
1543.5999999999958, -18.1779041, -18.177702, -18.1793976, -18.1774483, -18.1800575, -18.1792278, -18.1790791, -18.1762924, -18.1787415, -18.1777859
1543.6999999999957, -17.7916279, -17.7894077, -17.7894077, -17.7902889, -17.7904015, -17.7904091, -17.7882175, -17.7868366, -17.789772, -17.7919502
1543.7999999999956, -18.086338, -18.0873241, -18.086689, -18.086607, -18.0857773, -18.0846977, -18.0823784, -18.0828972, -18.0825806, -18.0827751
1543.8999999999955, -18.0844975, -18.0856857, -18.0840511, -18.0853024, -18.0852127, -18.0835781, -18.083807, -18.0828075, -18.0830708, -18.0847912
1543.9999999999955, -17.6567154, -17.6555614, -17.6582813, -17.6581974, -17.657959, -17.6590843, -17.6566639, -17.6562939, -17.6573086, -17.6561966
1544.0999999999954, -18.4706268, -18.4716206, -18.4710064, -18.4708767, -18.4727268, -18.4728737, -18.4709244, -18.4676762, -18.4679661, -18.4667606
1544.1999999999953, -17.4526272, -17.4494419, -17.44664, -17.4445095, -17.4451427, -17.4472637, -17.4493637, -17.4470367, -17.4481583, -17.4490356
1544.2999999999952, -18.1791134, -18.1561546, -18.140358, -18.1254673, -18.1117725, -18.1010742, -18.0942535, -18.0879154, -18.0864601, -18.0849266
1544.399999999995, -18.5172501, -18.51931, -18.5201569, -18.5171719, -18.5169334, -18.5173759, -18.5171261, -18.5172329, -18.5193672, -18.5182667
1544.499999999995, -17.8445358, -17.8454647, -17.8454475, -17.8455658, -17.844759, -17.8452759, -17.8460674, -17.8492355, -17.8472729, -17.8464642
1544.599999999995, -18.4376049, -18.4371853, -18.4366932, -18.4383545, -18.4371738, -18.4370174, -18.4368095, -18.4366589, -18.4354763, -18.4338932
1544.6999999999948, -17.6786022, -17.6822071, -17.6763973, -17.6759148, -17.6790981, -17.6771297, -17.6768494, -17.6779861, -17.6761436, -17.6780128
1544.7999999999947, -18.2602062, -18.2572136, -18.2583008, -18.2573013, -18.2560234, -18.2556553, -18.256115, -18.2568588, -18.2595329, -18.2594852
1544.8999999999946, -18.5607605, -18.5585251, -18.5608387, -18.5582275, -18.5579014, -18.5577393, -18.5570107, -18.5560551, -18.5572834, -18.5559177
1544.9999999999945, -17.7432747, -17.7445679, -17.7445717, -17.741333, -17.7405949, -17.7413044, -17.7422352, -17.7418537, -17.7403011, -17.7409058
1545.0999999999945, -18.2515602, -18.2579308, -18.2519016, -18.2517281, -18.2544765, -18.253624, -18.2523479, -18.2521839, -18.2509308, -18.2517014
1545.1999999999944, -18.4790955, -18.4938107, -18.509531, -18.5152626, -18.5230465, -18.5250683, -18.5277386, -18.5257072, -18.526823, -18.5264549
1545.2999999999943, -17.623518, -17.6277523, -17.633894, -17.6303482, -17.6291523, -17.6286602, -17.6299362, -17.6310215, -17.6301098, -17.6317425
1545.3999999999942, -18.9140148, -18.9137878, -18.9142265, -18.914072, -18.9128609, -18.9142227, -18.9137859, -18.9134674, -18.9130783, -18.9136524
1545.499999999994, -17.5704918, -17.5684795, -17.5729065, -17.5696678, -17.5729561, -17.5826435, -17.5787201, -17.5804577, -17.5750008, -17.571722
1545.599999999994, -18.6445808, -18.6452446, -18.6447124, -18.6447582, -18.6450825, -18.6453972, -18.6461296, -18.6470547, -18.6455536, -18.6456661
1545.699999999994, -17.9967594, -17.9961662, -17.9964466, -17.9985409, -17.9973679, -17.9985027, -17.9942913, -18.0009937, -18.0016956, -17.9962196
1545.7999999999938, -18.3858967, -18.3849392, -18.3865166, -18.3869419, -18.384449, -18.385397, -18.3850441, -18.3829422, -18.3845806, -18.3843231
1545.8999999999937, -18.3727283, -18.3702888, -18.372015, -18.3733692, -18.3750687, -18.3747139, -18.3719254, -18.3735237, -18.3778477, -18.3753376
1545.9999999999936, -18.4251614, -18.4362965, -18.4438095, -18.4482059, -18.4517384, -18.4550304, -18.4587898, -18.4581738, -18.4576836, -18.4596901
1546.0999999999935, -17.5987091, -17.5889549, -17.5809994, -17.581707, -17.5782776, -17.580843, -17.5802078, -17.5808125, -17.5842323, -17.580761
1546.1999999999935, -19.1741943, -19.1732349, -19.1742306, -19.1730976, -19.1733818, -19.1729965, -19.1737747, -19.1748924, -19.1750984, -19.1739597
1546.2999999999934, -17.6597633, -17.664835, -17.6612778, -17.6632404, -17.6623135, -17.6612949, -17.6603031, -17.6579247, -17.6615982, -17.6608849
1546.3999999999933, -18.9372807, -18.9361038, -18.9365387, -18.9368973, -18.9363556, -18.9356022, -18.9349022, -18.9365788, -18.9370785, -18.9371834
1546.4999999999932, -17.5957203, -17.5949097, -17.5958061, -17.5957413, -17.593977, -17.5918941, -17.5924969, -17.594553, -17.594408, -17.5923557
1546.599999999993, -18.9342098, -18.9360523, -18.9328079, -18.9335003, -18.9330597, -18.9323196, -18.9321728, -18.9339485, -18.9356213, -18.937458
1546.699999999993, -18.2522316, -18.2527447, -18.2555981, -18.2566662, -18.2578144, -18.2532902, -18.2532692, -18.2520218, -18.2531204, -18.2572899
1546.799999999993, -18.6783276, -18.6764889, -18.6760101, -18.6765938, -18.6732445, -18.672184, -18.6716537, -18.6722622, -18.6712952, -18.6698608
1546.8999999999928, -17.6610088, -17.64785, -17.636013, -17.6297779, -17.6274796, -17.6247616, -17.6213017, -17.614336, -17.6156998, -17.6175041
1546.9999999999927, -19.0953655, -19.0946045, -19.0940819, -19.0961838, -19.0968781, -19.0973186, -19.0945969, -19.0938416, -19.094965, -19.0941277
1547.0999999999926, -17.6670418, -17.6680489, -17.6690731, -17.6677113, -17.6756573, -17.6714973, -17.673645, -17.670475, -17.6668129, -17.666502
1547.1999999999925, -19.2362137, -19.2365017, -19.2375851, -19.2376671, -19.2368736, -19.2371559, -19.2371845, -19.2358112, -19.2368317, -19.237627
1547.2999999999925, -17.5974503, -17.5951939, -17.5954266, -17.5956726, -17.5944462, -17.5957146, -17.5961704, -17.5980854, -17.595293, -17.592802
1547.3999999999924, -18.982666, -18.9826794, -18.9805069, -18.981554, -18.980648, -18.9811954, -18.9808521, -18.9845543, -18.9813538, -18.9815063
1547.4999999999923, -17.6918011, -17.6877079, -17.687006, -17.6894379, -17.6892567, -17.6907692, -17.6883106, -17.6912727, -17.6892967, -17.687624
1547.5999999999922, -19.0289917, -19.0286694, -19.0258675, -19.0267467, -19.0265522, -19.0265999, -19.0252304, -19.0251446, -19.0270538, -19.0262203
1547.699999999992, -17.8463726, -17.8406429, -17.8396759, -17.8434677, -17.8441658, -17.8458977, -17.8447208, -17.8432808, -17.8459759, -17.8449936
1547.799999999992, -19.0078468, -19.0072002, -19.00634, -19.0055332, -19.0033779, -19.002079, -19.0056477, -19.0049076, -19.0058975, -19.0027294
1547.899999999992, -17.7136593, -17.7132435, -17.7122288, -17.7090015, -17.7076664, -17.7094784, -17.7129879, -17.7097645, -17.7129555, -17.7097187
1547.9999999999918, -18.912672, -18.9130573, -18.9138794, -18.9143219, -18.916172, -18.9139385, -18.9143486, -18.9149017, -18.9159451, -18.9134121
1548.0999999999917, -17.8480206, -17.8502636, -17.8434753, -17.8446865, -17.8430538, -17.8422718, -17.8428402, -17.8473072, -17.8442879, -17.846241
1548.1999999999916, -18.9614601, -18.9612331, -18.9584026, -18.9596272, -18.9587822, -18.9587593, -18.9582729, -18.9587498, -18.9587269, -18.9572105
1548.2999999999915, -17.4331493, -17.4361191, -17.4338074, -17.436533, -17.4362831, -17.4300709, -17.4278641, -17.4297237, -17.4340744, -17.4355659
1548.3999999999915, -19.0803795, -19.0817814, -19.0824642, -19.0830841, -19.0841713, -19.0826321, -19.0833778, -19.0828629, -19.0840607, -19.0826836
1548.4999999999914, -17.6959972, -17.7017212, -17.6972923, -17.6986485, -17.6985321, -17.6976395, -17.6971836, -17.696207, -17.698328, -17.6992989
1548.5999999999913, -19.1202221, -19.1216774, -19.1239471, -19.1255074, -19.127634, -19.1283188, -19.1283817, -19.1278114, -19.1269913, -19.1273746
1548.6999999999912, -17.6812401, -17.6985798, -17.7091198, -17.7164192, -17.723547, -17.7261829, -17.7294788, -17.7319317, -17.7338219, -17.7308273
1548.799999999991, -18.4237099, -18.4254704, -18.4255714, -18.4273319, -18.4244614, -18.4276619, -18.4265327, -18.4300346, -18.4246044, -18.4259243
1548.899999999991, -18.1311874, -18.1302738, -18.1306515, -18.1288109, -18.1302185, -18.1326714, -18.1298771, -18.1287327, -18.1324005, -18.1318836
1548.999999999991, -18.6641541, -18.6648483, -18.6665535, -18.6676826, -18.667717, -18.6672516, -18.6664829, -18.6697445, -18.6668949, -18.6656132
1549.0999999999908, -17.8083305, -17.8107719, -17.8115921, -17.8108654, -17.8089333, -17.807333, -17.8093567, -17.813879, -17.8129921, -17.8111191
1549.1999999999907, -18.751133, -18.7521839, -18.7515297, -18.7512093, -18.7499924, -18.7484932, -18.7490635, -18.7487526, -18.7475243, -18.7481632
1549.2999999999906, -17.4801064, -17.4782257, -17.4837265, -17.4816494, -17.4769936, -17.4786892, -17.4819527, -17.4884605, -17.4836273, -17.4803963
1549.3999999999905, -19.1814842, -19.1793385, -19.1813831, -19.1822319, -19.1820564, -19.1815586, -19.1832218, -19.1848564, -19.1845398, -19.1835709
1549.4999999999905, -17.6397762, -17.6595211, -17.6772957, -17.6851482, -17.6928272, -17.7083282, -17.7088165, -17.7146549, -17.7173443, -17.7208843
1549.5999999999904, -18.3932152, -18.3845387, -18.3796062, -18.3738937, -18.3700027, -18.368206, -18.3676224, -18.3657093, -18.3661118, -18.3664284
1549.6999999999903, -18.3595409, -18.3548279, -18.3628616, -18.3604927, -18.3528423, -18.3511887, -18.3501797, -18.3521309, -18.3521633, -18.3519821
1549.7999999999902, -18.0647907, -18.0663719, -18.0706444, -18.0733242, -18.0728512, -18.0741043, -18.0726528, -18.0717144, -18.0720444, -18.0711422
1549.89999999999, -18.6461411, -18.6419144, -18.640646, -18.6395493, -18.6399593, -18.6459064, -18.6522503, -18.6437435, -18.6416225, -18.641613
1549.99999999999, -18.5596752, -18.5599842, -18.5580215, -18.557045, -18.5598545, -18.5624275, -18.5620098, -18.5589848, -18.557991, -18.5566883
1550.09999999999, -17.9662533, -17.9662933, -17.967392, -17.9656487, -17.967617, -17.9666805, -17.9680271, -17.9684811, -17.968359, -17.9697647
1550.1999999999898, -18.9342365, -18.9367771, -18.9380798, -18.9406281, -18.9421806, -18.9430447, -18.9442635, -18.9443493, -18.9433651, -18.9440136
1550.2999999999897, -18.0203514, -18.0177345, -18.0199032, -18.0187244, -18.015049, -18.0161762, -18.0198078, -18.0171165, -18.0187531, -18.0162964
1550.3999999999896, -18.8854961, -18.8640747, -18.8376961, -18.8139381, -18.789196, -18.7698498, -18.7448826, -18.7285328, -18.7145729, -18.7127056
1550.4999999999895, -18.7538319, -18.7624054, -18.7667618, -18.770153, -18.7721443, -18.775877, -18.77775, -18.7771053, -18.7783337, -18.7815914
1550.5999999999894, -17.8842545, -17.8883896, -17.8849144, -17.8852005, -17.8853168, -17.8840847, -17.8851585, -17.8902893, -17.8883152, -17.8908386
1550.6999999999894, -19.1942043, -19.1931839, -19.1899529, -19.1907349, -19.1871948, -19.187027, -19.1869183, -19.1859169, -19.1842022, -19.1871452
1550.7999999999893, -18.2072716, -18.2045574, -18.2030945, -18.2064648, -18.2053623, -18.2048893, -18.2033443, -18.2038651, -18.2060947, -18.206358
1550.8999999999892, -18.9798775, -18.9833679, -18.9842224, -18.9820919, -18.9818611, -18.9795723, -18.9811497, -18.9800472, -18.9818478, -18.982214
1550.999999999989, -18.5968685, -18.5956936, -18.5999088, -18.597887, -18.6003113, -18.5998173, -18.5993805, -18.5986099, -18.597847, -18.5969219
1551.099999999989, -18.6496849, -18.6504536, -18.6536064, -18.6505585, -18.6484661, -18.6463833, -18.6469269, -18.6483307, -18.647625, -18.6454945
1551.199999999989, -19.0044537, -18.997385, -18.9945488, -18.9935493, -18.9924221, -18.9906902, -18.9904633, -18.9883785, -18.9871044, -18.9883156
1551.2999999999888, -19.3290939, -19.3611336, -19.3847198, -19.4016228, -19.4191494, -19.4333286, -19.4373207, -19.4466839, -19.449398, -19.4529743
1551.3999999999887, -18.1419449, -18.1442566, -18.144516, -18.1443291, -18.1411514, -18.1429691, -18.1458511, -18.1475906, -18.1422539, -18.1423359
1551.4999999999886, -19.4387722, -19.4376698, -19.436245, -19.4379425, -19.4354706, -19.4373989, -19.4374599, -19.4333649, -19.4325752, -19.4328575
1551.5999999999885, -18.0063572, -18.0055943, -18.0059261, -18.0052681, -18.0070724, -18.009182, -18.0068684, -18.0120487, -18.0140896, -18.0108833
1551.6999999999884, -19.822588, -19.8217182, -19.8214512, -19.8230076, -19.8233414, -19.8217239, -19.8217812, -19.8239117, -19.8238354, -19.8238182
1551.7999999999884, -18.5307598, -18.5279045, -18.5281162, -18.5288277, -18.5324097, -18.5276642, -18.5296326, -18.5296612, -18.527153, -18.5259285
1551.8999999999883, -19.2539692, -19.251688, -19.2480068, -19.245966, -19.2484245, -19.2507133, -19.2512112, -19.2502403, -19.2532196, -19.2492027
1551.9999999999882, -18.7165775, -18.7175045, -18.7185802, -18.7191143, -18.7173786, -18.7182751, -18.7224083, -18.7246914, -18.7220249, -18.7195988
1552.099999999988, -19.5930653, -19.6065388, -19.6281967, -19.642704, -19.6549377, -19.6599617, -19.6663895, -19.667675, -19.668972, -19.6668205
1552.199999999988, -18.3629932, -18.3473091, -18.3341694, -18.328907, -18.3278656, -18.3266182, -18.3239346, -18.3198738, -18.3169937, -18.3160286
1552.299999999988, -19.785677, -19.7865772, -19.7873497, -19.7903175, -19.7891636, -19.790266, -19.7898388, -19.7886581, -19.7903862, -19.7934914
1552.3999999999878, -18.2053242, -18.2046127, -18.2026901, -18.2047424, -18.2004604, -18.2001247, -18.1984119, -18.202179, -18.2053986, -18.2016487
1552.4999999999877, -19.7776794, -19.7814903, -19.7819405, -19.7820835, -19.7802486, -19.7799835, -19.7820358, -19.781744, -19.7813644, -19.781023
1552.5999999999876, -18.3044453, -18.3114815, -18.3072414, -18.3034153, -18.3038235, -18.306879, -18.3058529, -18.306776, -18.3018169, -18.3010082
1552.6999999999875, -19.8804569, -19.8797302, -19.8798027, -19.8808975, -19.8825817, -19.879715, -19.879446, -19.8820038, -19.8823872, -19.8808937
1552.7999999999874, -18.3410168, -18.3428345, -18.3460827, -18.3400631, -18.345686, -18.3421116, -18.3400841, -18.3369637, -18.3379097, -18.3384514
1552.8999999999874, -19.7248745, -19.7266712, -19.7254028, -19.7238846, -19.7238083, -19.7303543, -19.7269382, -19.7216396, -19.7204914, -19.7224274
1552.9999999999873, -18.262167, -18.2567844, -18.2477512, -18.2367229, -18.232172, -18.231432, -18.2304897, -18.232626, -18.2300205, -18.2283497
1553.0999999999872, -19.8472366, -19.8398514, -19.837883, -19.8286114, -19.8268356, -19.8272362, -19.8252983, -19.8234444, -19.8226986, -19.8202362
1553.199999999987, -18.5909004, -18.601675, -18.5969124, -18.5893707, -18.5933723, -18.5896244, -18.585928, -18.5902195, -18.5942745, -18.5885563
1553.299999999987, -19.4250183, -19.425581, -19.4250813, -19.4237938, -19.4235096, -19.4224968, -19.4235668, -19.4224091, -19.4228706, -19.4221611
1553.399999999987, -18.5955524, -18.590477, -18.5909348, -18.5903492, -18.5880222, -18.5890865, -18.5874043, -18.5891266, -18.5891247, -18.5879307
1553.4999999999868, -19.7465382, -19.7492619, -19.7490196, -19.7498741, -19.7483673, -19.7482376, -19.7512627, -19.7520199, -19.749939, -19.7470551
1553.5999999999867, -18.343689, -18.3446674, -18.3428249, -18.3491154, -18.3487244, -18.3483105, -18.3528652, -18.3440666, -18.3454418, -18.3503704
1553.6999999999866, -19.7095013, -19.7083607, -19.7103443, -19.7099476, -19.7087746, -19.7091026, -19.7105732, -19.7112064, -19.7096558, -19.7082996
1553.7999999999865, -18.1486034, -18.1416073, -18.1452999, -18.1464787, -18.1448383, -18.1449337, -18.1477394, -18.1458244, -18.1473446, -18.1414051
1553.8999999999864, -19.6201553, -19.6049652, -19.5802822, -19.551487, -19.5320435, -19.510376, -19.4902058, -19.4842415, -19.4828167, -19.4724808
1553.9999999999864, -18.9472828, -18.9528027, -18.9584923, -18.9543266, -18.9563961, -18.957468, -18.9583054, -18.9582119, -18.9576054, -18.9568806
1554.0999999999863, -19.1592827, -19.1601982, -19.1596203, -19.1626225, -19.1650238, -19.1703434, -19.1712532, -19.1711521, -19.1716003, -19.1727448
1554.1999999999862, -19.0351124, -19.0328884, -19.0324802, -19.0368729, -19.0329208, -19.0391903, -19.0387211, -19.0344963, -19.0355701, -19.0339394
1554.299999999986, -18.9186954, -18.9180393, -18.9195175, -18.9220009, -18.9216518, -18.9214725, -18.9205303, -18.9225006, -18.9231339, -18.9246025
1554.399999999986, -18.918745, -18.9160709, -18.9182644, -18.9183006, -18.9182415, -18.9172211, -18.917654, -18.9165096, -18.9167595, -18.9202557
1554.499999999986, -19.647871, -19.6499691, -19.6499367, -19.6485176, -19.6476974, -19.6468487, -19.647419, -19.6465454, -19.6452332, -19.6461582
1554.5999999999858, -18.3858166, -18.3881741, -18.3862095, -18.3829441, -18.3829708, -18.3858624, -18.385704, -18.3936329, -18.3862076, -18.3823795
1554.6999999999857, -19.3674603, -19.3628349, -19.3560276, -19.3537216, -19.3543301, -19.3526859, -19.3513126, -19.3516407, -19.3519001, -19.3490467
1554.7999999999856, -19.0754566, -19.1009884, -19.1282425, -19.1465187, -19.1741753, -19.1953945, -19.2114143, -19.2231426, -19.2297382, -19.2357025
1554.8999999999855, -18.5816021, -18.5826321, -18.5835285, -18.5822315, -18.5805988, -18.5793324, -18.580471, -18.5813599, -18.5811768, -18.5801144
1554.9999999999854, -19.7096138, -19.7100887, -19.7090797, -19.7089901, -19.7118568, -19.7098618, -19.710104, -19.7090492, -19.708971, -19.7070999
1555.0999999999854, -18.4365845, -18.4400234, -18.4399872, -18.4376507, -18.439188, -18.4366875, -18.4352226, -18.4362335, -18.4390354, -18.4406109
1555.1999999999853, -19.55797, -19.5591412, -19.5594864, -19.5585384, -19.5568047, -19.5580864, -19.5618744, -19.5608311, -19.5587463, -19.5626793
1555.2999999999852, -18.6917667, -18.6900291, -18.6889286, -18.6876755, -18.689167, -18.6901684, -18.6924095, -18.6913624, -18.6910954, -18.6918125
1555.399999999985, -19.2701225, -19.2718849, -19.2806797, -19.2733154, -19.2688618, -19.2660847, -19.2718353, -19.2723083, -19.2701607, -19.2726307
1555.499999999985, -19.275629, -19.2770233, -19.2787189, -19.2807941, -19.2818527, -19.2817802, -19.2813873, -19.2832203, -19.2862473, -19.2860298
1555.599999999985, -19.0662384, -19.0810642, -19.097641, -19.104866, -19.1174393, -19.1195354, -19.1260376, -19.1339607, -19.1392574, -19.140564
1555.6999999999848, -18.4603577, -18.4403057, -18.4092884, -18.3828125, -18.3642216, -18.3543854, -18.3448086, -18.3391037, -18.3380547, -18.3355789
1555.7999999999847, -19.9328728, -19.9327259, -19.9339542, -19.9354687, -19.9358902, -19.9350166, -19.9344845, -19.9350071, -19.9345551, -19.9352875
1555.8999999999846, -18.4143791, -18.4155903, -18.4147511, -18.4124298, -18.4131413, -18.4130936, -18.4104004, -18.411684, -18.4116783, -18.4103661
1555.9999999999845, -20.0021477, -20.000782, -20.0009098, -20.0011616, -19.9993591, -19.9987698, -20.0006237, -19.998518, -19.9988785, -19.9987431
1556.0999999999844, -18.2793846, -18.2766933, -18.2796116, -18.2803707, -18.2776031, -18.2765751, -18.2768402, -18.277853, -18.2795811, -18.2791405
1556.1999999999844, -19.959507, -19.9581375, -19.9590664, -19.9578114, -19.9612904, -19.961935, -19.9592171, -19.9582806, -19.9571953, -19.9569206
1556.2999999999843, -18.7119808, -18.7120857, -18.7122955, -18.7096348, -18.7105236, -18.7113228, -18.7127495, -18.7126446, -18.7109814, -18.7111988
1556.3999999999842, -19.8533535, -19.8507156, -19.8538475, -19.8526268, -19.8465881, -19.8438931, -19.8450623, -19.8430939, -19.8479958, -19.8463173
1556.499999999984, -18.5189476, -18.5120068, -18.4994583, -18.4833565, -18.4694214, -18.4512291, -18.438961, -18.4355049, -18.43256, -18.4291363
1556.599999999984, -19.9481773, -19.9429512, -19.9388981, -19.9349823, -19.9294243, -19.9266796, -19.9226856, -19.9192944, -19.9171219, -19.9147949
1556.699999999984, -18.6592274, -18.6558075, -18.6576176, -18.6586399, -18.6601467, -18.6577473, -18.6586761, -18.6646252, -18.6600094, -18.6586952
1556.7999999999838, -20.1262836, -20.1268063, -20.1259689, -20.1258049, -20.1265011, -20.1285191, -20.130579, -20.1286411, -20.1262226, -20.1268196
1556.8999999999837, -18.7906799, -18.7914639, -18.7930698, -18.7906799, -18.7902203, -18.7904606, -18.7905312, -18.7891541, -18.7899952, -18.7904949
1556.9999999999836, -19.8923206, -19.8897018, -19.8924007, -19.8937244, -19.89217, -19.890049, -19.8922424, -19.8912888, -19.8895988, -19.8885784
1557.0999999999835, -18.6496925, -18.650095, -18.6517563, -18.6534462, -18.6561661, -18.6507282, -18.6506386, -18.6532154, -18.6510162, -18.6510181
1557.1999999999834, -20.3572102, -20.3576508, -20.3576241, -20.3581867, -20.3597088, -20.3601036, -20.3585949, -20.360178, -20.3594437, -20.3597813
1557.2999999999834, -18.7090874, -18.7082214, -18.7083931, -18.7068329, -18.7058697, -18.7055492, -18.7059746, -18.7065411, -18.7086487, -18.7094116
1557.3999999999833, -20.0903358, -20.0821724, -20.064846, -20.0481224, -20.0367508, -20.0167332, -20.0027523, -19.9925594, -19.989069, -19.9901371
1557.4999999999832, -19.242754, -19.248106, -19.2523518, -19.2587757, -19.264286, -19.2637367, -19.2679462, -19.2672386, -19.2695465, -19.2695332
1557.599999999983, -19.6341724, -19.633152, -19.6314678, -19.6293468, -19.628418, -19.6293011, -19.6294365, -19.6280231, -19.6284313, -19.6294689
1557.699999999983, -19.7265759, -19.7294483, -19.7284718, -19.7261715, -19.7267628, -19.7259007, -19.7265415, -19.7259502, -19.7241879, -19.724884
1557.799999999983, -19.8011799, -19.8018799, -19.8018646, -19.800005, -19.8024406, -19.802206, -19.8019772, -19.803194, -19.802536, -19.803791
1557.8999999999828, -19.4783859, -19.4773216, -19.4804211, -19.478611, -19.4823761, -19.4786072, -19.4786282, -19.4767361, -19.4750957, -19.4774361
1557.9999999999827, -19.9587727, -19.9592876, -19.9608612, -19.9639664, -19.9641266, -19.9623203, -19.9626923, -19.9616795, -19.9615593, -19.9611378
1558.0999999999826, -19.2426739, -19.2400703, -19.2432003, -19.2427616, -19.2411537, -19.2378674, -19.2367249, -19.2406006, -19.2419205, -19.23773
1558.1999999999825, -20.4116039, -20.4064999, -20.4024887, -20.4005966, -20.4025841, -20.4034042, -20.4012146, -20.4025784, -20.4020042, -20.4002323
1558.2999999999824, -19.7223988, -19.7426949, -19.7954025, -19.8370647, -19.8756676, -19.9022465, -19.9236069, -19.9396992, -19.9599571, -19.9630394
1558.3999999999824, -19.2848873, -19.2774544, -19.2746105, -19.2728519, -19.271925, -19.2724972, -19.2712555, -19.2709751, -19.2709312, -19.270422
1558.4999999999823, -20.4272461, -20.4277325, -20.4290771, -20.429163, -20.4268513, -20.4255219, -20.4290047, -20.4283733, -20.4277153, -20.4286289
1558.5999999999822, -19.3104515, -19.3087368, -19.307745, -19.310236, -19.3103657, -19.3081264, -19.308569, -19.3074799, -19.3080063, -19.3098717
1558.699999999982, -20.6971588, -20.6954079, -20.6951256, -20.694746, -20.6946087, -20.6966267, -20.6993542, -20.6984558, -20.7014637, -20.70294
1558.799999999982, -19.2960548, -19.2983932, -19.2959995, -19.2971554, -19.2941151, -19.2938118, -19.2953453, -19.2982006, -19.2968788, -19.2960129
1558.899999999982, -20.2346382, -20.2356243, -20.2337952, -20.2341175, -20.2338181, -20.2364864, -20.2376995, -20.2344398, -20.23176, -20.2354641
1558.9999999999818, -19.8382339, -19.8412056, -19.843874, -19.8447475, -19.8459892, -19.8517818, -19.8520031, -19.852438, -19.8520069, -19.8534851
1559.0999999999817, -20.2828083, -20.2892284, -20.2974606, -20.3084755, -20.3170757, -20.3237648, -20.3290215, -20.3348083, -20.3351345, -20.3349609
1559.1999999999816, -19.4265766, -19.4057713, -19.3822613, -19.3639278, -19.3423672, -19.3289223, -19.3205585, -19.3144894, -19.3078346, -19.3011017
1559.2999999999815, -20.6898708, -20.6906948, -20.690136, -20.6894932, -20.6896305, -20.690731, -20.6928768, -20.6910076, -20.6924305, -20.6928082
1559.3999999999814, -19.164463, -19.1655922, -19.1630516, -19.1643028, -19.1616478, -19.1603832, -19.160635, -19.1606388, -19.1608315, -19.1622543
1559.4999999999814, -20.930748, -20.9307137, -20.9325047, -20.9315586, -20.9293137, -20.9294796, -20.9314537, -20.9339828, -20.9312649, -20.9296379
1559.5999999999813, -19.3054676, -19.3049221, -19.3060112, -19.3049374, -19.3050842, -19.3031654, -19.3024635, -19.3042393, -19.3031673, -19.3016071
1559.6999999999812, -20.8102322, -20.8097115, -20.8106956, -20.8160934, -20.81703, -20.8106441, -20.8119335, -20.8095608, -20.810564, -20.8117504
1559.799999999981, -19.1515579, -19.1499786, -19.1516933, -19.1506958, -19.1496239, -19.151371, -19.1508369, -19.1518192, -19.1508751, -19.1503201
1559.899999999981, -20.8389111, -20.8386497, -20.838583, -20.8380871, -20.8363819, -20.8384304, -20.8406448, -20.839735, -20.8379173, -20.8391953
1559.999999999981, -19.2558537, -19.248642, -19.247982, -19.2443619, -19.2419529, -19.2394123, -19.2395344, -19.2325344, -19.2370567, -19.233036
1560.0999999999808, -20.8970528, -20.8916016, -20.8844128, -20.8740578, -20.8608208, -20.851532, -20.8453255, -20.8397617, -20.8398399, -20.836113
1560.1999999999807, -19.5898914, -19.5938129, -19.5980682, -19.5985584, -19.5973301, -19.6003704, -19.600174, -19.5971832, -19.5959091, -19.595396
1560.2999999999806, -20.3309021, -20.3296413, -20.3291206, -20.3297424, -20.3301716, -20.3327808, -20.3317451, -20.3315182, -20.3322296, -20.3322258
1560.3999999999805, -19.8540535, -19.8507881, -19.8507538, -19.8531246, -19.8534241, -19.8569508, -19.8586464, -19.853302, -19.853838, -19.8534889
1560.4999999999804, -20.4611053, -20.460701, -20.4586868, -20.457737, -20.4586048, -20.4594231, -20.4585209, -20.4592266, -20.4596863, -20.4595757
1560.5999999999804, -19.693079, -19.6941204, -19.6918659, -19.6895161, -19.6909504, -19.6911335, -19.6914272, -19.6940136, -19.6938343, -19.6932144
1560.6999999999803, -20.5167484, -20.5171757, -20.5177326, -20.5170479, -20.5171318, -20.5166454, -20.5177402, -20.5163116, -20.5158863, -20.515789
1560.7999999999802, -19.4346447, -19.4329967, -19.4296074, -19.4294071, -19.4325924, -19.4310246, -19.4302197, -19.432312, -19.4287415, -19.4311905
1560.89999999998, -20.6216183, -20.6180134, -20.6013451, -20.5867004, -20.5680561, -20.5479794, -20.5255318, -20.5045834, -20.4880943, -20.4798889
1560.99999999998, -20.1647816, -20.1898556, -20.2191772, -20.2458, -20.266901, -20.2779045, -20.2873173, -20.292326, -20.2938099, -20.2990608
1561.09999999998, -19.814291, -19.814394, -19.8140392, -19.8138466, -19.8138561, -19.8134289, -19.8130913, -19.8155098, -19.8161964, -19.8158798
1561.1999999999798, -20.3894844, -20.3882275, -20.3869972, -20.3893738, -20.3856392, -20.3846149, -20.3848057, -20.3840199, -20.3881073, -20.3845615
1561.2999999999797, -19.4892178, -19.4918137, -19.4924507, -19.4946308, -19.4949818, -19.4935818, -19.4939861, -19.4951935, -19.4961128, -19.4960098
1561.3999999999796, -20.6721954, -20.6710072, -20.6686535, -20.6682472, -20.6706963, -20.6684322, -20.6673603, -20.6680031, -20.6711044, -20.6704521
1561.4999999999795, -19.8371449, -19.8379059, -19.8390846, -19.836834, -19.8378201, -19.8381863, -19.8397446, -19.8378658, -19.83922, -19.8393192
1561.5999999999794, -20.1412201, -20.1363449, -20.1359444, -20.1370811, -20.1362076, -20.1342392, -20.1390057, -20.1366177, -20.1338062, -20.1338558
1561.6999999999794, -19.996954, -19.997261, -19.9979, -19.9976921, -19.9971161, -20.0000763, -19.9985466, -19.9993801, -19.9989624, -19.9976578
1561.7999999999793, -20.602087, -20.5986328, -20.6080875, -20.6215839, -20.6371841, -20.6521149, -20.6725254, -20.695776, -20.7154369, -20.7216663
1561.8999999999792, -19.5297318, -19.5217228, -19.5125275, -19.5013218, -19.4909286, -19.4809837, -19.4726868, -19.4728794, -19.4714928, -19.4654884
1561.999999999979, -21.0120564, -21.0167427, -21.0169048, -21.0161858, -21.0176697, -21.0253487, -21.0206623, -21.0180454, -21.0162086, -21.0183258
1562.099999999979, -19.2894402, -19.2894135, -19.289011, -19.290287, -19.2894173, -19.2908421, -19.2880154, -19.2906399, -19.2902279, -19.2892532
1562.199999999979, -20.9715939, -20.9700985, -20.9699841, -20.9739609, -20.9733105, -20.9704494, -20.971365, -20.97155, -20.9729443, -20.9721909
1562.2999999999788, -19.3874454, -19.3868999, -19.3863106, -19.3848038, -19.385376, -19.3845005, -19.3861198, -19.3847313, -19.3844547, -19.3845615
1562.3999999999787, -21.1625767, -21.1658764, -21.1624889, -21.1603775, -21.1629982, -21.1648808, -21.1627235, -21.1651096, -21.1633015, -21.1634426
1562.4999999999786, -19.5055733, -19.5041771, -19.5040035, -19.5040512, -19.5055618, -19.5057144, -19.5066452, -19.5053005, -19.5045948, -19.5065994
1562.5999999999785, -21.0522995, -21.0550385, -21.055912, -21.0564594, -21.0582008, -21.0583286, -21.0588703, -21.0613213, -21.0634518, -21.0617466
1562.6999999999784, -19.589426, -19.592453, -19.5964985, -19.6016502, -19.6060562, -19.6122532, -19.6198196, -19.6277981, -19.6345272, -19.6362057
1562.7999999999784, -21.2461414, -21.2412338, -21.23699, -21.2329845, -21.2295494, -21.2254715, -21.2237988, -21.2234497, -21.2223625, -21.2232876
1562.8999999999783, -20.0604916, -20.0613594, -20.0634327, -20.0629234, -20.0640259, -20.0661583, -20.0614262, -20.0642223, -20.0637779, -20.0644684
1562.9999999999782, -21.0067768, -21.0035381, -21.0044994, -21.0039291, -21.0072021, -21.0075836, -21.0075493, -21.0085239, -21.0081501, -21.0086403
1563.099999999978, -20.2271271, -20.2277222, -20.2317162, -20.2318993, -20.2307911, -20.2319851, -20.2343121, -20.2351093, -20.236105, -20.2347679
1563.199999999978, -21.0571098, -21.0552597, -21.0572319, -21.0552711, -21.0551014, -21.0555515, -21.0557632, -21.0557232, -21.0557842, -21.0564804
1563.299999999978, -20.2779884, -20.2723923, -20.2737865, -20.2750111, -20.2741261, -20.2733345, -20.2719688, -20.2717514, -20.2710438, -20.2721786
1563.3999999999778, -21.3703175, -21.3715191, -21.3713112, -21.3779259, -21.3785534, -21.3783512, -21.3759594, -21.3782139, -21.3801212, -21.3774757
1563.4999999999777, -20.2332191, -20.2389164, -20.2497807, -20.2554703, -20.2598133, -20.2661896, -20.2686329, -20.2705708, -20.2711086, -20.2733364
1563.5999999999776, -21.0199604, -20.9962597, -20.9758854, -20.9429455, -20.913065, -20.8888626, -20.8688927, -20.8554668, -20.8481293, -20.8464718
1563.6999999999775, -21.1106567, -21.1182938, -21.1268425, -21.1363106, -21.1410046, -21.1443996, -21.1469345, -21.1505566, -21.1506615, -21.151638
1563.7999999999774, -20.7660618, -20.7609673, -20.7604313, -20.7600193, -20.7593918, -20.7578411, -20.7588711, -20.7574501, -20.7571907, -20.7580662
1563.8999999999774, -21.4406605, -21.4424171, -21.4409752, -21.4401665, -21.4385433, -21.4390488, -21.438343, -21.4372177, -21.4366283, -21.4366875
1563.9999999999773, -20.42803, -20.4282722, -20.4268074, -20.4266262, -20.4280643, -20.427906, -20.4277382, -20.4261818, -20.4269619, -20.4277096
1564.0999999999772, -21.5497055, -21.5489693, -21.549118, -21.550312, -21.5510159, -21.5494423, -21.5489368, -21.5496559, -21.5502739, -21.5501232
1564.199999999977, -20.753788, -20.7559338, -20.7567749, -20.7557983, -20.7531033, -20.7528286, -20.7526112, -20.7533989, -20.7547913, -20.7575245
1564.299999999977, -21.6232243, -21.6215363, -21.6181068, -21.6178722, -21.6148319, -21.6142044, -21.6144142, -21.6156044, -21.6134892, -21.6143379
1564.399999999977, -20.6894817, -20.6875687, -20.6815033, -20.6721554, -20.6652946, -20.6574535, -20.6513844, -20.6464157, -20.6393471, -20.6349659
1564.4999999999768, -21.7445908, -21.7512226, -21.7570095, -21.7652874, -21.7705936, -21.77355, -21.7805233, -21.786541, -21.7886696, -21.7896767
1564.5999999999767, -20.2681026, -20.2645626, -20.2645111, -20.2642174, -20.2609901, -20.2593956, -20.2608395, -20.2600899, -20.2580891, -20.2582588
1564.6999999999766, -22.1083946, -22.108942, -22.1100845, -22.1103325, -22.1091175, -22.1093254, -22.1085434, -22.1115189, -22.1103039, -22.112505
1564.7999999999765, -20.4312954, -20.4297314, -20.4284744, -20.4289761, -20.429882, -20.4296455, -20.4289894, -20.4283161, -20.4314671, -20.4304504
1564.8999999999764, -21.8694363, -21.8703213, -21.870121, -21.871088, -21.8716736, -21.8696575, -21.8698997, -21.8706112, -21.8702545, -21.8706341
1564.9999999999764, -20.3853302, -20.3839436, -20.3822155, -20.3827419, -20.3829975, -20.3845768, -20.3827267, -20.3821583, -20.3830471, -20.3827209
1565.0999999999763, -22.1765347, -22.1764565, -22.1766243, -22.1775246, -22.1773014, -22.1762714, -22.1768322, -22.1775169, -22.1764374, -22.1754627
1565.1999999999762, -20.5200443, -20.5208225, -20.5197239, -20.5181389, -20.5199852, -20.5192566, -20.5187607, -20.5187988, -20.5191536, -20.5192833
1565.299999999976, -22.0703506, -22.0702171, -22.0713558, -22.074213, -22.0721321, -22.0745926, -22.0764389, -22.0767956, -22.0745659, -22.0739117
1565.399999999976, -20.5189762, -20.5256481, -20.5411472, -20.5550137, -20.5679302, -20.5815163, -20.5974464, -20.611866, -20.621172, -20.6251316
1565.499999999976, -21.7152119, -21.7099648, -21.707468, -21.7047634, -21.701664, -21.6990356, -21.6960316, -21.6932907, -21.6924534, -21.6910038
1565.5999999999758, -21.1483898, -21.1506481, -21.151226, -21.1499271, -21.1505356, -21.1507511, -21.1510735, -21.151701, -21.1518154, -21.1500416
1565.6999999999757, -21.638979, -21.637764, -21.6373882, -21.636179, -21.6359062, -21.6354294, -21.6341934, -21.6335258, -21.6343403, -21.6366501
1565.7999999999756, -21.2036686, -21.2059917, -21.2048969, -21.2017689, -21.2006931, -21.2031956, -21.200922, -21.2023335, -21.2030125, -21.2025242
1565.8999999999755, -21.349205, -21.3493156, -21.3506279, -21.3514748, -21.3528748, -21.3535061, -21.3531952, -21.3526955, -21.3538818, -21.3528309
1565.9999999999754, -21.3484535, -21.3450127, -21.3444118, -21.3457317, -21.3448868, -21.3437519, -21.3439884, -21.3446617, -21.3454285, -21.3438759
1566.0999999999754, -21.7685394, -21.7719269, -21.7749672, -21.7755795, -21.7785568, -21.7787151, -21.7792282, -21.7795372, -21.7798004, -21.7793083
1566.1999999999753, -21.3400383, -21.3408089, -21.3471127, -21.3593655, -21.3661041, -21.368557, -21.3723469, -21.3779678, -21.3820286, -21.3860416
1566.2999999999752, -21.152935, -21.1401329, -21.115345, -21.0975418, -21.0807247, -21.0646687, -21.0507545, -21.0387135, -21.0308189, -21.0261936
1566.399999999975, -21.8881645, -21.8902149, -21.8941708, -21.8977032, -21.899826, -21.900116, -21.9011593, -21.902998, -21.9064255, -21.907135
1566.499999999975, -20.7219639, -20.7189846, -20.7194767, -20.7201977, -20.7215576, -20.7218971, -20.7216663, -20.7204189, -20.7222748, -20.7217903
1566.599999999975, -22.1480217, -22.1487579, -22.1486931, -22.1485291, -22.1486206, -22.1471958, -22.1461029, -22.1485081, -22.1483288, -22.1466465
1566.6999999999748, -20.696991, -20.6963863, -20.6974506, -20.6979637, -20.698288, -20.6966839, -20.6987896, -20.6987343, -20.6974316, -20.6978874
1566.7999999999747, -22.065937, -22.0672989, -22.067215, -22.066391, -22.0656548, -22.0654945, -22.0662251, -22.0672302, -22.0666866, -22.0686779
1566.8999999999746, -20.6371365, -20.6368427, -20.6374817, -20.634697, -20.6354885, -20.6348133, -20.6354141, -20.6348591, -20.6343727, -20.6333618
1566.9999999999745, -22.219223, -22.2188816, -22.2188435, -22.2179928, -22.2183285, -22.2192383, -22.2193546, -22.2244167, -22.2229347, -22.2219086
1567.0999999999744, -20.8149796, -20.814455, -20.8066406, -20.7998657, -20.7918491, -20.7853031, -20.7821655, -20.7795467, -20.7771645, -20.7732601
1567.1999999999744, -22.2774487, -22.2808933, -22.2831688, -22.2836552, -22.2829914, -22.2813301, -22.2785702, -22.2787704, -22.276535, -22.275259
1567.2999999999743, -20.588932, -20.5920773, -20.5931969, -20.5948639, -20.5961571, -20.5963268, -20.5971031, -20.5974178, -20.5974808, -20.5967121
1567.3999999999742, -22.13521, -22.1369724, -22.1361237, -22.1365166, -22.1360092, -22.1363659, -22.1383648, -22.138731, -22.13731, -22.1358452
1567.499999999974, -20.8377438, -20.8359966, -20.8341656, -20.8338795, -20.833334, -20.8321648, -20.8317108, -20.8290462, -20.8283329, -20.8292484
1567.599999999974, -22.2201385, -22.2204685, -22.2215824, -22.2219906, -22.2230225, -22.2221947, -22.2216396, -22.2212982, -22.2210369, -22.2192745
1567.699999999974, -20.9086189, -20.9091244, -20.909523, -20.9097862, -20.9103851, -20.9111919, -20.9126568, -20.9102497, -20.9104061, -20.9109497
1567.7999999999738, -22.02911, -22.0295639, -22.0328121, -22.0329075, -22.0341911, -22.0353432, -22.0357132, -22.0346241, -22.0340385, -22.0358315
1567.8999999999737, -20.9488125, -20.9514484, -20.952837, -20.9542446, -20.9552917, -20.9558926, -20.9593201, -20.9594727, -20.9586143, -20.9600334
1567.9999999999736, -22.2928905, -22.2923889, -22.2866707, -22.2777729, -22.2680607, -22.2588787, -22.2507343, -22.2446308, -22.2405643, -22.2340584
1568.0999999999735, -21.4621201, -21.4787025, -21.4989586, -21.5198841, -21.5317287, -21.5450115, -21.5543499, -21.5640259, -21.5701084, -21.5763245
1568.1999999999734, -21.4624023, -21.4590569, -21.4538441, -21.4490623, -21.4447479, -21.4426785, -21.4406948, -21.4367733, -21.4355831, -21.4334679
1568.2999999999734, -21.9474792, -21.9452858, -21.9461613, -21.9460163, -21.9467258, -21.9454975, -21.9454498, -21.945797, -21.9459743, -21.9470158
1568.3999999999733, -21.4474831, -21.4479713, -21.4456997, -21.4469967, -21.4467716, -21.4467602, -21.4468384, -21.4448776, -21.4473267, -21.4485283
1568.4999999999732, -22.2124157, -22.213913, -22.2144299, -22.2132225, -22.2149315, -22.2148514, -22.2146339, -22.214859, -22.2146549, -22.2171936
1568.599999999973, -21.3548603, -21.3542042, -21.3552494, -21.3561192, -21.3566074, -21.3532085, -21.3524208, -21.3516407, -21.3517017, -21.351593
1568.699999999973, -22.1741085, -22.174469, -22.1762486, -22.1758442, -22.1763153, -22.1778774, -22.1781445, -22.1766949, -22.1790619, -22.1761913
1568.799999999973, -21.4139442, -21.41539, -21.4132843, -21.4136848, -21.412693, -21.409956, -21.4091225, -21.403944, -21.4004288, -21.4005737
1568.8999999999728, -22.4732456, -22.4808979, -22.4968109, -22.5118179, -22.5263538, -22.5396538, -22.5470314, -22.5527191, -22.5581684, -22.5621128
1568.9999999999727, -21.2300816, -21.2206917, -21.2107906, -21.2032261, -21.2018318, -21.1987133, -21.1955204, -21.194128, -21.1938076, -21.1925678
1569.0999999999726, -22.7002048, -22.701767, -22.7010517, -22.7019939, -22.7020435, -22.7036457, -22.7030525, -22.7025967, -22.7024841, -22.7028732
1569.1999999999725, -21.034584, -21.0351238, -21.035614, -21.0335884, -21.0369282, -21.0343914, -21.0351715, -21.0370026, -21.0368614, -21.0364037
1569.2999999999724, -22.9295769, -22.9299011, -22.9296875, -22.9299374, -22.930357, -22.9305878, -22.9306412, -22.9316082, -22.9316006, -22.9306908
1569.3999999999724, -21.2961388, -21.2978344, -21.2975521, -21.2970276, -21.2986221, -21.3002491, -21.30056, -21.2988949, -21.2969112, -21.2981758
1569.4999999999723, -23.0516415, -23.0523357, -23.0521698, -23.0533524, -23.0532894, -23.0550098, -23.0545063, -23.0553284, -23.0559177, -23.0555382
1569.5999999999722, -21.2955513, -21.289156, -21.2919464, -21.291769, -21.2925587, -21.2904053, -21.288332, -21.2883797, -21.2901535, -21.2896309
1569.699999999972, -23.0202408, -23.0200176, -23.0195923, -23.0200729, -23.0191021, -23.0177021, -23.0172215, -23.0168953, -23.0163631, -23.0160236
1569.799999999972, -21.5390205, -21.5426369, -21.5510845, -21.5619869, -21.5706596, -21.5818882, -21.5898151, -21.5950241, -21.5991631, -21.5999126
1569.899999999972, -23.0079784, -22.9971523, -22.9864578, -22.9728012, -22.9647388, -22.9600945, -22.9552555, -22.9507904, -22.9480267, -22.9445934
1569.9999999999718, -22.1462307, -22.1504059, -22.1515007, -22.154232, -22.156105, -22.1574306, -22.1588459, -22.1602726, -22.1610565, -22.1611919
1570.0999999999717, -22.4805584, -22.4800243, -22.4823132, -22.48382, -22.4844303, -22.4849434, -22.4909496, -22.4930038, -22.4936848, -22.4944839
1570.1999999999716, -22.5283012, -22.530941, -22.5295734, -22.5297852, -22.5304031, -22.5319958, -22.5322323, -22.5329361, -22.5323505, -22.5330925
1570.2999999999715, -22.60816, -22.6047382, -22.6082077, -22.60882, -22.6100311, -22.6096821, -22.6094036, -22.6070881, -22.6103668, -22.6099205
1570.3999999999714, -22.8295708, -22.8294697, -22.8294449, -22.8280888, -22.8290443, -22.8277454, -22.8272171, -22.8265915, -22.826582, -22.8268414
1570.4999999999714, -22.4796829, -22.4843769, -22.4846478, -22.487318, -22.48913, -22.4855385, -22.4849873, -22.4851894, -22.4843693, -22.486536
1570.5999999999713, -22.7995472, -22.8012447, -22.8051395, -22.8079395, -22.8113079, -22.8143463, -22.8167171, -22.818079, -22.8183193, -22.8186531
1570.6999999999712, -22.3853855, -22.3758011, -22.3586235, -22.3427868, -22.3282795, -22.316927, -22.3104935, -22.3079224, -22.3047066, -22.3038177
1570.799999999971, -23.3939362, -23.4018135, -23.4098377, -23.4163246, -23.4191055, -23.4211693, -23.4250946, -23.428978, -23.4309311, -23.4300251
1570.899999999971, -22.0866756, -22.0836754, -22.0825119, -22.0806713, -22.0822163, -22.0849457, -22.0855312, -22.0852089, -22.080574, -22.0797997
1570.999999999971, -23.5262451, -23.5261269, -23.527504, -23.525753, -23.5245438, -23.5227566, -23.5233746, -23.524229, -23.5242977, -23.5243187
