wavelength_nm ,power_reading_0_dbm ,power_reading_1_dbm ,power_reading_2_dbm ,power_reading_3_dbm ,power_reading_4_dbm ,power_reading_5_dbm ,power_reading_6_dbm ,power_reading_7_dbm ,power_reading_8_dbm ,power_reading_9_dbm 
1539.0, -16.7916126, -16.7960854, -16.7919369, -16.7998543, -16.7997379, -16.8023396, -16.7982998, -16.799284, -16.8071079, -16.8105125
1539.1, -17.8065014, -17.804491, -17.8098831, -17.8134518, -17.810997, -17.807394, -17.8072147, -17.8090286, -17.8056602, -17.8050957
1539.1999999999998, -16.4708176, -16.4675713, -16.4702358, -16.4736423, -16.468708, -16.4721146, -16.4666672, -16.4712334, -16.4704895, -16.4687672
1539.2999999999997, -17.8046227, -17.8057308, -17.806818, -17.8085938, -17.809391, -17.8089676, -17.8098774, -17.8069248, -17.8093376, -17.807457
1539.3999999999996, -16.6438084, -16.6417522, -16.6447773, -16.6422462, -16.6398525, -16.6402512, -16.6407413, -16.6434746, -16.6404743, -16.6400471
1539.4999999999995, -17.9140739, -17.9018517, -17.9030113, -17.9015999, -17.9014988, -17.9032974, -17.9048252, -17.9044762, -17.9041786, -17.8997593
1539.5999999999995, -16.7524681, -16.7547398, -16.7550812, -16.7551479, -16.7532234, -16.7578259, -16.756567, -16.7528629, -16.7534657, -16.7549305
1539.6999999999994, -17.6796875, -17.6794586, -17.6882553, -17.6849232, -17.6787376, -17.676403, -17.6772442, -17.6796017, -17.6801701, -17.6791496
1539.7999999999993, -17.1655293, -17.1691017, -17.1668587, -17.1725483, -17.1685619, -17.1664333, -17.1659412, -17.1688919, -17.1686935, -17.1760044
1539.8999999999992, -17.8216953, -17.8250065, -17.8201866, -17.8186531, -17.8166046, -17.8159523, -17.823267, -17.8174267, -17.813139, -17.8145084
1539.999999999999, -16.6766663, -16.6795654, -16.6756706, -16.6751442, -16.6749077, -16.6724434, -16.6767712, -16.6764545, -16.6770573, -16.6793022
1540.099999999999, -17.8693752, -17.8704224, -17.8718109, -17.8716946, -17.875494, -17.87253, -17.8699627, -17.8694038, -17.8688068, -17.8690224
1540.199999999999, -16.7055664, -16.7049809, -16.7044754, -16.7105064, -16.7057838, -16.705492, -16.7045059, -16.7059593, -16.7064705, -16.7044945
1540.2999999999988, -18.0998383, -18.1033993, -18.1008663, -18.0991077, -18.1003075, -18.099514, -18.1001358, -18.1009502, -18.1032543, -18.1053619
1540.3999999999987, -16.7775517, -16.7763729, -16.7769833, -16.7770538, -16.7764835, -16.775425, -16.7802467, -16.7778778, -16.777441, -16.7777939
1540.4999999999986, -17.9048328, -17.9033451, -17.9082222, -17.9068356, -17.9103565, -17.91012, -17.9062042, -17.906395, -17.9043312, -17.9057961
1540.5999999999985, -16.8068047, -16.8061962, -16.8041039, -16.803688, -16.8039818, -16.8051262, -16.8021927, -16.8009624, -16.8036232, -16.801754
1540.6999999999985, -17.8624802, -17.8638592, -17.8613453, -17.8654022, -17.861515, -17.8601665, -17.8597507, -17.8612728, -17.8630943, -17.8629131
1540.7999999999984, -16.865633, -16.8674049, -16.860199, -16.8628387, -16.8591862, -16.8598995, -16.8617744, -16.8604298, -16.8582344, -16.858902
1540.8999999999983, -17.952858, -17.9520149, -17.9572945, -17.9537773, -17.9553871, -17.9523754, -17.9498196, -17.9508629, -17.9515343, -17.9513264
1540.9999999999982, -16.7247181, -16.7221527, -16.7217731, -16.7214527, -16.723093, -16.7236347, -16.7210598, -16.7204285, -16.7222481, -16.7222881
1541.099999999998, -17.8042831, -17.7992744, -17.8021259, -17.7996426, -17.7937508, -17.7998791, -17.794136, -17.7952938, -17.802021, -17.7952404
1541.199999999998, -16.7709045, -16.7710133, -16.773098, -16.773735, -16.7681751, -16.7720757, -16.774044, -16.7688942, -16.7700787, -16.7701321
1541.299999999998, -17.9820824, -17.9784756, -17.9765377, -17.9781895, -17.9795818, -17.9840508, -17.9795074, -17.9784336, -17.9777889, -17.9799156
1541.3999999999978, -16.5832863, -16.5838909, -16.5851707, -16.5860443, -16.5847282, -16.5870495, -16.5832939, -16.5876446, -16.5849819, -16.597187
1541.4999999999977, -17.6877995, -17.6868973, -17.6852741, -17.6807079, -17.6768894, -17.6801815, -17.6795444, -17.6807308, -17.687809, -17.6834126
1541.5999999999976, -16.7313061, -16.7299957, -16.7271347, -16.7282429, -16.730442, -16.7294674, -16.7258186, -16.7268505, -16.7306023, -16.7267799
1541.6999999999975, -17.957655, -17.9590359, -17.9640675, -17.9617748, -17.9596748, -17.963232, -17.9656601, -17.9580746, -17.9554024, -17.9542313
1541.7999999999975, -16.7154655, -16.7177525, -16.7197838, -16.7103653, -16.7093086, -16.7092171, -16.7125664, -16.7112732, -16.7095985, -16.7069874
1541.8999999999974, -17.5689507, -17.568922, -17.5679188, -17.5681477, -17.5687275, -17.5683365, -17.5694523, -17.572298, -17.5696907, -17.574995
1541.9999999999973, -16.697979, -16.6951103, -16.6928482, -16.691555, -16.694706, -16.6965504, -16.6911774, -16.6917229, -16.6949768, -16.6954098
1542.0999999999972, -17.7917576, -17.7973423, -17.7977028, -17.7962074, -17.796566, -17.7990112, -17.797226, -17.799633, -17.7979851, -17.7982121
1542.199999999997, -16.5622559, -16.5635185, -16.5648804, -16.566246, -16.5631866, -16.5626106, -16.5661201, -16.5644703, -16.5709114, -16.5743103
1542.299999999997, -17.6745472, -17.6750412, -17.6707935, -17.6696072, -17.6746597, -17.6736126, -17.6756153, -17.6750431, -17.675436, -17.6737251
1542.399999999997, -16.3946247, -16.3965664, -16.3964005, -16.3944836, -16.3939953, -16.3939972, -16.3944759, -16.3942051, -16.3958893, -16.3955231
1542.4999999999968, -17.8041077, -17.812933, -17.8072777, -17.8096943, -17.8109264, -17.8058338, -17.807415, -17.8051434, -17.8124485, -17.809103
1542.5999999999967, -16.6212978, -16.6191978, -16.6210899, -16.6226349, -16.6237011, -16.6245632, -16.6276016, -16.6264248, -16.6271019, -16.6256447
1542.6999999999966, -17.522049, -17.5237617, -17.5259418, -17.5270195, -17.5278282, -17.5315666, -17.5269356, -17.5256958, -17.5248623, -17.5249519
1542.7999999999965, -16.8278809, -16.8322353, -16.8296127, -16.832098, -16.8299923, -16.8310032, -16.8274288, -16.8289604, -16.8291416, -16.8328762
1542.8999999999965, -17.3472366, -17.3520947, -17.34618, -17.3456783, -17.347393, -17.3473892, -17.350853, -17.3485737, -17.3457069, -17.3507385
1542.9999999999964, -16.7153759, -16.7108536, -16.7092381, -16.7093658, -16.7098713, -16.7147026, -16.7112598, -16.7092743, -16.7106647, -16.7099838
1543.0999999999963, -17.7099571, -17.7096748, -17.7105408, -17.7145901, -17.7139549, -17.7136116, -17.7122841, -17.7129803, -17.7135906, -17.7124481
1543.1999999999962, -16.3865585, -16.3861275, -16.3854485, -16.3849335, -16.3840256, -16.3853302, -16.3846893, -16.3871384, -16.3881931, -16.3867054
1543.299999999996, -17.6578236, -17.6598701, -17.6586876, -17.6589546, -17.660223, -17.6581917, -17.6655331, -17.6599903, -17.6587925, -17.6620464
1543.399999999996, -16.4926834, -16.4946709, -16.4930038, -16.4952049, -16.4957886, -16.4917488, -16.4914036, -16.4918613, -16.492569, -16.498539
1543.499999999996, -17.5973892, -17.5895081, -17.5863705, -17.586977, -17.5856113, -17.5870304, -17.5866375, -17.587616, -17.5898075, -17.5898266
1543.5999999999958, -17.1068668, -17.1058273, -17.1020699, -17.1022701, -17.1022167, -17.1014919, -17.1027374, -17.1050453, -17.1036205, -17.1057816
1543.6999999999957, -17.130373, -17.1290226, -17.1298199, -17.1290741, -17.1331024, -17.1340122, -17.1318245, -17.132061, -17.1307335, -17.1304169
1543.7999999999956, -17.0744743, -17.0730534, -17.0729027, -17.0729332, -17.0734158, -17.0720387, -17.0726242, -17.0712318, -17.071455, -17.0762482
1543.8999999999955, -17.0708199, -17.0706978, -17.0686378, -17.0692196, -17.0716076, -17.0717049, -17.0694275, -17.0687447, -17.0717869, -17.0741787
1543.9999999999955, -16.7517338, -16.7511234, -16.7505875, -16.7521553, -16.7557087, -16.7568073, -16.7568035, -16.7672672, -16.7718678, -16.7653522
1544.0999999999954, -17.6841278, -17.6848965, -17.6844044, -17.6859779, -17.6894245, -17.689537, -17.6849194, -17.6852665, -17.6836567, -17.6859341
1544.1999999999953, -16.5410786, -16.5379391, -16.5391827, -16.5381107, -16.5377998, -16.5348454, -16.5348721, -16.5365734, -16.5379086, -16.5373859
1544.2999999999952, -17.7037582, -17.6885719, -17.6771049, -17.6671696, -17.6615086, -17.6635933, -17.6571102, -17.6543674, -17.6496716, -17.6457672
1544.399999999995, -17.4018898, -17.4061871, -17.405529, -17.4071426, -17.4056206, -17.406292, -17.4054642, -17.4062824, -17.4046116, -17.4041157
1544.499999999995, -17.2017479, -17.202446, -17.2011051, -17.2045708, -17.2020874, -17.2022495, -17.1992474, -17.1993999, -17.1997395, -17.2018356
1544.599999999995, -17.5047417, -17.498312, -17.5038071, -17.5006084, -17.4961414, -17.4978676, -17.5050411, -17.5009136, -17.5070038, -17.5054722
1544.6999999999948, -17.0942707, -17.0951233, -17.0970097, -17.0958633, -17.0952168, -17.0956116, -17.0964127, -17.0965576, -17.0943813, -17.0937195
1544.7999999999947, -17.3317184, -17.3305874, -17.3287277, -17.3316078, -17.3314953, -17.3302212, -17.3323593, -17.3313942, -17.3308182, -17.3298492
1544.8999999999946, -17.7886105, -17.7892437, -17.7895889, -17.7865086, -17.7874641, -17.7864208, -17.7868805, -17.7863922, -17.7893734, -17.7886333
1544.9999999999945, -16.9085751, -16.9058895, -16.9035492, -16.90555, -16.9074726, -16.9070072, -16.9051208, -16.9036026, -16.9058685, -16.9068375
1545.0999999999945, -17.6985283, -17.7007294, -17.7042274, -17.7082958, -17.7092571, -17.7099724, -17.7092686, -17.7105656, -17.7113438, -17.7113495
1545.1999999999944, -17.4210129, -17.4545937, -17.4695415, -17.4834366, -17.4904156, -17.4924011, -17.4986572, -17.5035191, -17.5022545, -17.5107594
1545.2999999999943, -17.1901054, -17.1911259, -17.1898975, -17.1911812, -17.1923485, -17.1915874, -17.1916237, -17.191967, -17.1903267, -17.190403
1545.3999999999942, -17.9482994, -17.9488068, -17.9455223, -17.9461594, -17.9500828, -17.947794, -17.9487362, -17.9475727, -17.9469757, -17.9440346
1545.499999999994, -17.0108986, -17.0109596, -17.0102615, -17.0116043, -17.0120106, -17.0118904, -17.010891, -17.0105591, -17.0127945, -17.0141296
1545.599999999994, -17.7946529, -17.7941799, -17.7946415, -17.791935, -17.7933903, -17.7931156, -17.7959805, -17.7971935, -17.7941513, -17.7956657
1545.699999999994, -17.4924908, -17.4917107, -17.4944115, -17.4931774, -17.4937992, -17.4935303, -17.4924259, -17.4948864, -17.4935169, -17.4924068
1545.7999999999938, -17.5046959, -17.5048733, -17.5042801, -17.5044498, -17.5039043, -17.5044785, -17.5053635, -17.5049496, -17.5050411, -17.5046844
1545.8999999999937, -17.7941532, -17.7941704, -17.7999573, -17.7986565, -17.7994938, -17.7977028, -17.7970123, -17.7980709, -17.8009415, -17.7981014
1545.9999999999936, -17.4606552, -17.464159, -17.4682846, -17.467123, -17.4677563, -17.4691792, -17.4703064, -17.4731064, -17.4724121, -17.4716682
1546.0999999999935, -17.175848, -17.1702633, -17.1599388, -17.1602421, -17.1575737, -17.1534042, -17.1519661, -17.1488495, -17.1487122, -17.1487312
1546.1999999999935, -18.2837849, -18.2827873, -18.2795753, -18.2839832, -18.2831078, -18.2804623, -18.2780762, -18.2790871, -18.2804565, -18.2807598
1546.2999999999934, -17.0689545, -17.0691833, -17.0678253, -17.0678673, -17.0680466, -17.0697155, -17.0681553, -17.0680408, -17.0686512, -17.0687561
1546.3999999999933, -18.1279049, -18.1278362, -18.125988, -18.1275654, -18.1291389, -18.1285648, -18.1327, -18.1292744, -18.1258831, -18.1264896
1546.4999999999932, -17.0444984, -17.0432968, -17.0461655, -17.0465355, -17.0471382, -17.0444698, -17.0452614, -17.04562, -17.0469589, -17.0458107
1546.599999999993, -18.0402164, -18.0423908, -18.0423126, -18.0411797, -18.0408421, -18.0417652, -18.0421352, -18.0422802, -18.0435715, -18.0434551
1546.699999999993, -17.6352577, -17.6365356, -17.6373882, -17.637413, -17.6383533, -17.6387749, -17.6372356, -17.6392593, -17.6396332, -17.637743
1546.799999999993, -17.7524662, -17.7515678, -17.7527332, -17.7514629, -17.752779, -17.7499523, -17.749197, -17.7519608, -17.7506123, -17.7510643
1546.8999999999928, -17.2200527, -17.2026672, -17.1927834, -17.1850719, -17.1799965, -17.1704617, -17.168541, -17.1676922, -17.1652508, -17.1664658
1546.9999999999927, -18.3171539, -18.3144913, -18.3159122, -18.3147068, -18.3141537, -18.315836, -18.3167381, -18.3176022, -18.3170547, -18.3145905
1547.0999999999926, -17.0455933, -17.0461102, -17.0483379, -17.0461693, -17.0449543, -17.0475845, -17.0479107, -17.0467052, -17.0465832, -17.047348
1547.1999999999925, -18.3526783, -18.3534775, -18.3558292, -18.3600388, -18.3544102, -18.3556423, -18.3585854, -18.3568344, -18.3541985, -18.3566189
1547.2999999999925, -16.9524746, -16.9502392, -16.9505024, -16.9497757, -16.9499302, -16.9501553, -16.9496346, -16.9491425, -16.9491959, -16.9506149
1547.3999999999924, -18.1734104, -18.17449, -18.1750031, -18.1741905, -18.1744747, -18.1757622, -18.1741238, -18.1744804, -18.1754475, -18.174757
1547.4999999999923, -17.1960316, -17.1978188, -17.1973228, -17.1959629, -17.1963787, -17.1968937, -17.1969261, -17.1973896, -17.1968098, -17.1978207
1547.5999999999922, -18.0731354, -18.0741234, -18.0683517, -18.0648289, -18.0622826, -18.0644913, -18.0669212, -18.068697, -18.0631695, -18.0609322
1547.699999999992, -17.3147449, -17.3146877, -17.3158779, -17.3166466, -17.3167076, -17.3175011, -17.3181763, -17.3191242, -17.3189278, -17.3184032
1547.799999999992, -18.1767654, -18.1826935, -18.1923313, -18.2006035, -18.2044201, -18.2063999, -18.2073154, -18.2084408, -18.2095356, -18.2125778
1547.899999999992, -16.9656811, -16.9676094, -16.9641418, -16.9642391, -16.963129, -16.963459, -16.9639091, -16.9634113, -16.9636784, -16.9635677
1547.9999999999918, -18.2298164, -18.2295818, -18.2295685, -18.2298298, -18.2277126, -18.2310638, -18.2313862, -18.2303085, -18.2297955, -18.2294178
1548.0999999999917, -17.1230412, -17.1230392, -17.1208515, -17.1243496, -17.1210022, -17.1216259, -17.1216373, -17.1210747, -17.1227417, -17.1214752
1548.1999999999916, -18.1969452, -18.2002945, -18.1968822, -18.196785, -18.196413, -18.1973877, -18.1981544, -18.1986942, -18.1977711, -18.1974449
1548.2999999999915, -16.8339882, -16.8340721, -16.8330307, -16.8328724, -16.8320999, -16.832468, -16.8330555, -16.8334427, -16.8329525, -16.8330116
1548.3999999999915, -18.2668858, -18.2673969, -18.2697849, -18.2703362, -18.2714558, -18.2677536, -18.2677212, -18.2669983, -18.2679482, -18.2679558
1548.4999999999914, -17.1644897, -17.1655617, -17.1647625, -17.1662006, -17.1656513, -17.167345, -17.169054, -17.169796, -17.1681175, -17.1686916
1548.5999999999913, -18.2912807, -18.2935028, -18.2942104, -18.2958202, -18.2943077, -18.2964745, -18.2947979, -18.2990742, -18.3037205, -18.2968864
1548.6999999999912, -16.9358807, -16.947197, -16.9549561, -16.9609241, -16.966423, -16.9688606, -16.9738216, -16.9758911, -16.9780636, -16.9772797
1548.799999999991, -17.8864021, -17.8870888, -17.8851376, -17.8864117, -17.8857002, -17.885128, -17.8845329, -17.8852577, -17.884861, -17.8857727
1548.899999999991, -17.328846, -17.3286667, -17.3267612, -17.3284035, -17.3285084, -17.3268604, -17.3280048, -17.3274384, -17.3299427, -17.3283291
1548.999999999991, -17.9891872, -17.9869556, -17.9861221, -17.9864902, -17.9878368, -17.988306, -17.9861698, -17.9849892, -17.9867592, -17.9885483
1549.0999999999908, -17.2010841, -17.201952, -17.2003479, -17.2013168, -17.2000294, -17.2002811, -17.2013035, -17.2013264, -17.2016201, -17.2023621
1549.1999999999907, -18.0909595, -18.0902958, -18.0908508, -18.0911789, -18.0915756, -18.0914268, -18.0898724, -18.0906639, -18.0904636, -18.091362
1549.2999999999906, -16.9600677, -16.9619789, -16.9605827, -16.9605961, -16.958992, -16.9600525, -16.96101, -16.9610901, -16.9600315, -16.9614429
1549.3999999999905, -18.3629417, -18.3653946, -18.3647556, -18.3646564, -18.3664036, -18.3662796, -18.3668213, -18.3651199, -18.366869, -18.3676224
1549.4999999999905, -17.0557785, -17.0590553, -17.062254, -17.0649681, -17.0684433, -17.0693665, -17.0724049, -17.0750637, -17.0758419, -17.0735321
1549.5999999999904, -17.9407921, -17.9310551, -17.9231224, -17.915369, -17.9103832, -17.909132, -17.9085827, -17.9040298, -17.9032841, -17.9020634
1549.6999999999903, -17.6028328, -17.6024246, -17.6036072, -17.6024647, -17.6016445, -17.5962543, -17.5964088, -17.5968914, -17.5960712, -17.5954151
1549.7999999999902, -17.6458874, -17.6475563, -17.649559, -17.6524677, -17.6535969, -17.6555595, -17.6543808, -17.6544533, -17.6543465, -17.6554089
1549.89999999999, -17.8356857, -17.8367195, -17.8385181, -17.8374863, -17.8372402, -17.8361816, -17.8349628, -17.8366375, -17.8363132, -17.8359165
1549.99999999999, -17.9560375, -17.9570274, -17.9601364, -17.9606724, -17.9595146, -17.958271, -17.9573421, -17.958313, -17.9562149, -17.9561424
1550.09999999999, -17.3756847, -17.3764763, -17.3722553, -17.3713665, -17.3740482, -17.3722687, -17.3730755, -17.3740292, -17.3730354, -17.3731499
1550.1999999999898, -18.3557339, -18.3577061, -18.359705, -18.3570709, -18.3558636, -18.357399, -18.3585663, -18.3575859, -18.3577728, -18.3564701
1550.2999999999897, -17.3705025, -17.3683186, -17.3682022, -17.3683491, -17.3675709, -17.3681393, -17.3673401, -17.3671856, -17.3668633, -17.3673172
1550.3999999999896, -18.343853, -18.3328438, -18.3121376, -18.2918205, -18.2749596, -18.2577591, -18.2490692, -18.2432957, -18.2410069, -18.2366734
1550.4999999999895, -17.9694061, -17.9840145, -17.9946289, -17.9991913, -18.0012569, -18.0051823, -18.0079594, -18.0105324, -18.0119286, -18.0111694
1550.5999999999894, -17.4997253, -17.4980183, -17.4994278, -17.4995842, -17.5001202, -17.5003319, -17.4996433, -17.5006332, -17.5007801, -17.4991226
1550.6999999999894, -18.4197426, -18.4180889, -18.4176922, -18.4185715, -18.419569, -18.4179707, -18.4168949, -18.4171982, -18.4160938, -18.4148941
1550.7999999999893, -17.6870499, -17.689785, -17.6910381, -17.6929016, -17.6927223, -17.6953716, -17.6951084, -17.6950226, -17.6954441, -17.6965351
1550.8999999999892, -18.287674, -18.2880459, -18.2880726, -18.2852478, -18.2860718, -18.2843456, -18.2848606, -18.2858295, -18.2868767, -18.2889538
1550.999999999989, -18.0675316, -18.0700512, -18.0713291, -18.0690975, -18.0688305, -18.0693283, -18.066679, -18.0668221, -18.0668125, -18.0674534
1551.099999999989, -17.9501724, -17.9504871, -17.9504204, -17.9514618, -17.950016, -17.9508457, -17.9512615, -17.9497662, -17.9520779, -17.952549
1551.199999999989, -18.4527683, -18.4526424, -18.4555187, -18.4581356, -18.4592819, -18.4601097, -18.4591904, -18.4589252, -18.459568, -18.4604683
1551.2999999999888, -18.4164581, -18.4392776, -18.4635715, -18.4916325, -18.515728, -18.539814, -18.5567722, -18.5685616, -18.5733414, -18.5745506
1551.3999999999887, -17.6811428, -17.6781578, -17.6746674, -17.6739597, -17.6750927, -17.6740894, -17.6727238, -17.6690044, -17.6718597, -17.6707516
1551.4999999999886, -18.708353, -18.7078381, -18.7074642, -18.7082653, -18.7096939, -18.7096157, -18.7086258, -18.7087364, -18.7078552, -18.7086754
1551.5999999999885, -17.5719872, -17.5704422, -17.5700016, -17.5699615, -17.5697956, -17.5701904, -17.5688477, -17.5678196, -17.5635166, -17.5638561
1551.6999999999884, -18.9541168, -18.95508, -18.9566441, -18.9551353, -18.9537048, -18.9535503, -18.9568119, -18.9546871, -18.9579086, -18.9542961
1551.7999999999884, -17.9559498, -17.9598713, -17.9574814, -17.9560356, -17.9559841, -17.9542561, -17.9593239, -17.9591312, -17.956995, -17.9561787
1551.8999999999883, -18.5334415, -18.5304508, -18.5320644, -18.5321331, -18.5306168, -18.5305939, -18.5304451, -18.5276985, -18.5306778, -18.5306625
1551.9999999999882, -18.2528992, -18.2546883, -18.256382, -18.2574577, -18.2598228, -18.2602654, -18.2617893, -18.2608891, -18.2610722, -18.2572861
1552.099999999988, -18.7050934, -18.70994, -18.7169857, -18.7196083, -18.7207584, -18.7239532, -18.7265854, -18.7271309, -18.724987, -18.7245235
1552.199999999988, -17.950573, -17.9346867, -17.9183731, -17.8928947, -17.8807392, -17.8710518, -17.8622646, -17.8597088, -17.8528919, -17.8523998
1552.299999999988, -19.0567722, -19.0556355, -19.056118, -19.0551624, -19.0557594, -19.0547943, -19.0557137, -19.0561008, -19.0575676, -19.0564346
1552.3999999999878, -17.6462879, -17.643137, -17.6446228, -17.6443405, -17.6427345, -17.6438332, -17.6441898, -17.6462059, -17.6445637, -17.6440678
1552.4999999999877, -19.0908833, -19.0902176, -19.0905895, -19.0914116, -19.0925236, -19.0927181, -19.0920944, -19.0909367, -19.0912895, -19.0922718
1552.5999999999876, -17.7904987, -17.7879715, -17.7903557, -17.7904472, -17.7895737, -17.7907715, -17.7892094, -17.7927971, -17.790947, -17.7913589
1552.6999999999875, -19.1298809, -19.1312981, -19.1311302, -19.1318722, -19.1309471, -19.131176, -19.1311703, -19.1298027, -19.1312828, -19.1317825
1552.7999999999874, -17.8484917, -17.8510723, -17.8495731, -17.8497391, -17.8511887, -17.8533649, -17.8533211, -17.8503151, -17.849556, -17.8477211
1552.8999999999874, -18.97756, -18.9769974, -18.9771881, -18.9771576, -18.9759769, -18.9757347, -18.9752274, -18.9763622, -18.9765778, -18.9763565
1552.9999999999873, -17.8614788, -17.8530331, -17.8400173, -17.82337, -17.8107586, -17.8019543, -17.7979774, -17.7924557, -17.7919197, -17.7880917
1553.0999999999872, -19.1045074, -19.0984325, -19.0933781, -19.0915813, -19.0887604, -19.0858574, -19.0850372, -19.0823135, -19.0780468, -19.0786457
1553.199999999987, -18.0163155, -18.0167751, -18.0196514, -18.0189075, -18.0165901, -18.0156555, -18.0155411, -18.0147839, -18.0151234, -18.0144672
1553.299999999987, -18.8602486, -18.8598061, -18.8597908, -18.8594933, -18.8589802, -18.8594933, -18.8595238, -18.8597012, -18.8588638, -18.8600559
1553.399999999987, -17.9830933, -17.9832764, -17.9807034, -17.9815807, -17.9830875, -17.9812927, -17.9818573, -17.9819946, -17.9796066, -17.9807167
1553.4999999999868, -19.0325737, -19.0328712, -19.0341339, -19.0349789, -19.0341969, -19.0339088, -19.033165, -19.0351772, -19.0369053, -19.0367966
1553.5999999999867, -17.8611336, -17.8658886, -17.8649178, -17.867136, -17.8635807, -17.8655529, -17.86656, -17.866745, -17.8661766, -17.8677235
1553.6999999999866, -19.0720482, -19.0729904, -19.0741425, -19.0754337, -19.0740662, -19.073967, -19.0736351, -19.0742664, -19.0752201, -19.0754166
1553.7999999999865, -17.6678867, -17.6691933, -17.6677113, -17.6644821, -17.6602936, -17.6671486, -17.6678066, -17.6674595, -17.6665554, -17.6636868
1553.8999999999864, -19.0527802, -19.0403099, -19.025692, -19.0056419, -18.9896259, -18.9788342, -18.971756, -18.9618568, -18.9553204, -18.9523315
1553.9999999999864, -18.1592865, -18.1697674, -18.173481, -18.1790161, -18.1816349, -18.1831436, -18.1847534, -18.185585, -18.1860771, -18.1877804
1554.0999999999863, -18.6224957, -18.6216755, -18.6224785, -18.6253319, -18.6260872, -18.6267014, -18.626997, -18.6291485, -18.6273918, -18.6263218
1554.1999999999862, -18.4004726, -18.4000244, -18.3989029, -18.3978729, -18.3981056, -18.393631, -18.3926888, -18.3932743, -18.3945122, -18.391716
1554.299999999986, -18.3905468, -18.3911591, -18.3936939, -18.3926086, -18.3938122, -18.3958321, -18.3969975, -18.3959618, -18.3934517, -18.3961906
1554.399999999986, -18.2859192, -18.2873535, -18.2900734, -18.2897606, -18.2896137, -18.2903671, -18.2912197, -18.2912006, -18.2893391, -18.2881107
1554.499999999986, -18.9439335, -18.9454269, -18.9453316, -18.9452648, -18.943985, -18.9438686, -18.9439049, -18.9422646, -18.9401283, -18.9383507
1554.5999999999858, -17.8615799, -17.8608055, -17.8570213, -17.8583221, -17.8587666, -17.8595047, -17.8579617, -17.8557758, -17.8584595, -17.860157
1554.6999999999857, -18.8252754, -18.8237514, -18.8220501, -18.8149014, -18.8137913, -18.8136883, -18.8135147, -18.8146191, -18.8131332, -18.8148785
1554.7999999999856, -18.2458496, -18.2884541, -18.3277206, -18.3753357, -18.4085712, -18.4307594, -18.4457645, -18.4556313, -18.4616756, -18.4653168
1554.8999999999855, -18.1372528, -18.1288929, -18.1265907, -18.1281624, -18.1268158, -18.1251659, -18.1233444, -18.1235161, -18.1256237, -18.1245251
1554.9999999999854, -18.9740715, -18.9716911, -18.9742966, -18.974575, -18.9747772, -18.9751453, -18.9730549, -18.9721336, -18.9731827, -18.9695873
1555.0999999999854, -17.949707, -17.9486294, -17.950304, -17.9484634, -17.9483376, -17.9489346, -17.9498196, -17.9495869, -17.948103, -17.9450493
1555.1999999999853, -18.858532, -18.8603592, -18.8658047, -18.8652992, -18.8654404, -18.8650799, -18.864212, -18.8643017, -18.8623447, -18.8636742
1555.2999999999852, -18.1437283, -18.1453552, -18.1423073, -18.1427135, -18.1446724, -18.1462097, -18.1467113, -18.1486244, -18.1464329, -18.1470947
1555.399999999985, -18.6273632, -18.6265564, -18.6253548, -18.6251373, -18.6251488, -18.6270809, -18.6266499, -18.6284637, -18.6289806, -18.628582
1555.499999999985, -18.6738873, -18.6736565, -18.6739693, -18.6755581, -18.6744766, -18.6738186, -18.6749172, -18.6727848, -18.6725426, -18.6746006
1555.599999999985, -18.3614349, -18.3636799, -18.3624821, -18.3653889, -18.3679085, -18.3685627, -18.369606, -18.3710213, -18.3681812, -18.3732033
1555.6999999999848, -18.070507, -18.0387764, -18.0109177, -17.9825745, -17.962286, -17.9495411, -17.9372311, -17.9273815, -17.9214954, -17.9198208
1555.7999999999847, -19.1256256, -19.1287708, -19.1293278, -19.1288834, -19.1273022, -19.1277447, -19.1271, -19.1279335, -19.1276379, -19.1268978
1555.8999999999846, -17.9336815, -17.9305897, -17.9269257, -17.9290295, -17.9274197, -17.9264355, -17.9271393, -17.9271755, -17.9285336, -17.9280643
1555.9999999999845, -19.3183231, -19.3196888, -19.3193645, -19.3179607, -19.3156185, -19.3193913, -19.3186855, -19.3194256, -19.3181171, -19.31814
1556.0999999999844, -17.746294, -17.7454185, -17.7453079, -17.7498741, -17.7502594, -17.7512665, -17.750639, -17.7509232, -17.749897, -17.7471123
1556.1999999999844, -19.2012634, -19.20187, -19.2019138, -19.2018738, -19.202198, -19.2024155, -19.2020035, -19.2016659, -19.2012272, -19.2004642
1556.2999999999843, -18.1450005, -18.1395607, -18.1372585, -18.1427574, -18.138216, -18.1448784, -18.1415215, -18.1434517, -18.1428089, -18.1446495
1556.3999999999842, -19.1821346, -19.1793137, -19.1778851, -19.1766243, -19.1800022, -19.1783962, -19.177248, -19.1791401, -19.178791, -19.181469
1556.499999999984, -18.0396919, -18.0381889, -18.0296421, -18.0223598, -18.0174294, -18.008173, -17.9996357, -17.9960575, -17.9892654, -17.9894638
1556.599999999984, -19.2844486, -19.2836227, -19.2788906, -19.2766762, -19.2709103, -19.2674141, -19.2659779, -19.2610607, -19.2625809, -19.2618008
1556.699999999984, -18.0443802, -18.0449181, -18.0432911, -18.0419559, -18.0393238, -18.0424385, -18.0364838, -18.0419655, -18.0431385, -18.0422249
1556.7999999999838, -19.3824615, -19.3826141, -19.3830185, -19.3823147, -19.3805084, -19.3822422, -19.3813896, -19.3840904, -19.3830242, -19.3821659
1556.8999999999837, -18.2770729, -18.269413, -18.276022, -18.2583733, -18.2481613, -18.2654953, -18.2668343, -18.2545223, -18.2749748, -18.2734585
1556.9999999999836, -19.2533169, -19.2538776, -19.2581348, -19.2598133, -19.2596111, -19.2617683, -19.2615585, -19.2613888, -19.2602272, -19.2588196
1557.0999999999835, -18.0743237, -18.0791664, -18.0799885, -18.0810452, -18.0822182, -18.0774307, -18.0734501, -18.0791969, -18.0783443, -18.0808926
1557.1999999999834, -19.5628929, -19.5639668, -19.5638237, -19.5644798, -19.5618591, -19.5633984, -19.5631294, -19.5629349, -19.5649471, -19.565239
1557.2999999999834, -18.2459431, -18.2463074, -18.2466278, -18.2408886, -18.2427845, -18.2451019, -18.2448444, -18.241703, -18.2442493, -18.2431927
1557.3999999999833, -19.5174026, -19.5166454, -19.5115147, -19.5052853, -19.4898682, -19.4819107, -19.4641953, -19.4630413, -19.454422, -19.4587688
1557.4999999999832, -18.5932636, -18.6062851, -18.6141052, -18.6216621, -18.6274433, -18.632906, -18.6361961, -18.6389084, -18.6400757, -18.6402149
1557.599999999983, -19.0986595, -19.0965157, -19.0988178, -19.0979137, -19.0955963, -19.0976372, -19.0989323, -19.0982876, -19.0974255, -19.0977592
1557.699999999983, -19.0969849, -19.0984821, -19.1007957, -19.1019669, -19.1013699, -19.1025333, -19.1013718, -19.100647, -19.0990982, -19.1017799
1557.799999999983, -19.231329, -19.2310009, -19.2342377, -19.2331867, -19.2329807, -19.2326488, -19.2352791, -19.2321873, -19.2330265, -19.2315044
1557.8999999999828, -18.9359512, -18.9421272, -18.9437504, -18.942831, -18.9359379, -18.9412003, -18.9306984, -18.9382153, -18.9368992, -18.9421062
1557.9999999999827, -19.3455391, -19.3432407, -19.3454056, -19.3444977, -19.3453255, -19.3431797, -19.3429031, -19.3428764, -19.3436508, -19.3435326
1558.0999999999826, -18.6527672, -18.6529598, -18.6488438, -18.6444683, -18.6441135, -18.6492062, -18.6462135, -18.6493359, -18.6444244, -18.649292
1558.1999999999825, -19.7620792, -19.760313, -19.7650089, -19.7664356, -19.7687531, -19.7711029, -19.7720585, -19.7716846, -19.7704544, -19.7667065
1558.2999999999824, -19.0117607, -19.0293121, -19.0583096, -19.0935001, -19.1276722, -19.1602898, -19.1931877, -19.2223606, -19.2428665, -19.2567501
1558.3999999999824, -18.8204479, -18.8120823, -18.8108139, -18.804781, -18.8040142, -18.7994175, -18.7969303, -18.7953568, -18.7940807, -18.7902374
1558.4999999999823, -19.7481861, -19.7474613, -19.7457809, -19.7465725, -19.7418976, -19.7431183, -19.7476711, -19.7469921, -19.7476234, -19.7472286
1558.5999999999822, -18.773468, -18.7719707, -18.7722797, -18.7728043, -18.7728996, -18.7721367, -18.7694244, -18.7699852, -18.773737, -18.7712631
1558.699999999982, -20.0179024, -20.018631, -20.0133591, -20.0164871, -20.0165443, -20.0175743, -20.0163879, -20.0166759, -20.0153351, -20.0172997
1558.799999999982, -18.728447, -18.730938, -18.7304153, -18.7266617, -18.7280693, -18.7271461, -18.7275715, -18.7238312, -18.722538, -18.7249203
1558.899999999982, -19.6056938, -19.6052475, -19.6033382, -19.6000004, -19.6016045, -19.6028633, -19.604475, -19.5988731, -19.5980682, -19.6010323
1558.9999999999818, -19.1904697, -19.1952877, -19.1965942, -19.1981106, -19.1972237, -19.1979618, -19.1975803, -19.1967659, -19.1966915, -19.1966743
1559.0999999999817, -19.6158142, -19.6161442, -19.616272, -19.6146965, -19.6167545, -19.6153259, -19.6155815, -19.6206951, -19.6182079, -19.6190357
1559.1999999999816, -18.9031315, -18.8893776, -18.8675995, -18.8458271, -18.8315811, -18.8185863, -18.8004303, -18.7916355, -18.7841167, -18.7797832
1559.2999999999815, -19.9762764, -19.9754162, -19.9755955, -19.9759235, -19.9808979, -19.9798813, -19.9794674, -19.9792633, -19.979969, -19.9800129
1559.3999999999814, -18.5701313, -18.5706425, -18.5705929, -18.5722637, -18.571661, -18.5689716, -18.5648212, -18.566433, -18.5707989, -18.5664082
1559.4999999999814, -20.147625, -20.1465816, -20.147789, -20.1479321, -20.1487408, -20.1492138, -20.1492195, -20.1469746, -20.1485596, -20.1483307
1559.5999999999813, -18.7333145, -18.7356262, -18.7365551, -18.7359219, -18.7331867, -18.7328377, -18.7293243, -18.7314911, -18.7320461, -18.7355938
1559.6999999999812, -20.1237812, -20.1250744, -20.1250134, -20.1254673, -20.1251392, -20.1236916, -20.1234818, -20.1260815, -20.1270142, -20.1264629
1559.799999999981, -18.5181103, -18.5144176, -18.5157814, -18.5115814, -18.517128, -18.5158005, -18.515564, -18.5179996, -18.5175133, -18.5159302
1559.899999999981, -20.0334511, -20.0338116, -20.0279198, -20.02742, -20.0292549, -20.0298767, -20.0308475, -20.0285263, -20.0281487, -20.0265388
1559.999999999981, -18.6809807, -18.6802826, -18.6803379, -18.677351, -18.6705189, -18.6727486, -18.6637821, -18.6657104, -18.6729908, -18.6732159
1560.0999999999808, -20.2066441, -20.2008114, -20.1974468, -20.1878719, -20.1831245, -20.167841, -20.1594486, -20.1499786, -20.1508961, -20.1482258
1560.1999999999807, -18.9007912, -18.9033585, -18.9082603, -18.90872, -18.9115982, -18.9160767, -18.9118576, -18.9160156, -18.9045029, -18.9026699
1560.2999999999806, -19.6605797, -19.6525154, -19.6575756, -19.654253, -19.6540298, -19.6577415, -19.6587582, -19.6589489, -19.6613884, -19.6541901
1560.3999999999805, -19.0512505, -19.0586777, -19.0730896, -19.0610542, -19.0601406, -19.0497837, -19.0627728, -19.0745831, -19.0717411, -19.0726376
1560.4999999999804, -19.6898937, -19.6942635, -19.6945915, -19.6950989, -19.6950397, -19.6943207, -19.6959801, -19.6966476, -19.6975365, -19.6964188
1560.5999999999804, -19.1145668, -19.1150379, -19.1156082, -19.1180668, -19.1162167, -19.1197586, -19.1153049, -19.11936, -19.1191597, -19.1194992
1560.6999999999803, -19.7935982, -19.7945328, -19.7932873, -19.792902, -19.7934093, -19.7820625, -19.7776241, -19.7682819, -19.7815056, -19.792326
1560.7999999999802, -18.7225571, -18.7135086, -18.7154446, -18.7158337, -18.7144585, -18.7147198, -18.7130241, -18.7122631, -18.7120438, -18.7117329
1560.89999999998, -19.8639698, -19.8590717, -19.851738, -19.8365822, -19.8250465, -19.8125381, -19.8048229, -19.7996674, -19.7919064, -19.7869644
1560.99999999998, -19.4758148, -19.497757, -19.5189934, -19.5405617, -19.5577717, -19.5677204, -19.5740471, -19.5837212, -19.5907688, -19.5903854
1561.09999999998, -19.1810875, -19.1833782, -19.1811752, -19.1812038, -19.1763287, -19.1740284, -19.1721802, -19.1710606, -19.1762352, -19.1782494
1561.1999999999798, -19.6815815, -19.6811218, -19.6804771, -19.6773453, -19.6804371, -19.6777515, -19.6764355, -19.6809044, -19.6817188, -19.6790581
1561.2999999999797, -18.8570671, -18.8578491, -18.8564796, -18.8534374, -18.851675, -18.854105, -18.8576832, -18.8592415, -18.8575764, -18.8563519
1561.3999999999796, -19.8629589, -19.8573475, -19.8604202, -19.8573399, -19.8595047, -19.8596344, -19.8624172, -19.8622894, -19.8607426, -19.8570061
1561.4999999999795, -19.122118, -19.1185188, -19.1156788, -19.124239, -19.1245842, -19.1320686, -19.1315403, -19.1298561, -19.1291103, -19.1327457
1561.5999999999794, -19.5320396, -19.5309181, -19.5321331, -19.5319481, -19.5284824, -19.5304165, -19.5264645, -19.5256538, -19.5294228, -19.5290661
1561.6999999999794, -19.361227, -19.3629665, -19.361805, -19.3621845, -19.3598919, -19.3606796, -19.3624363, -19.359436, -19.358429, -19.3624477
1561.7999999999793, -19.7487297, -19.7427082, -19.7512436, -19.7666607, -19.7725754, -19.7870941, -19.7983398, -19.8070068, -19.8149471, -19.8183918
1561.8999999999792, -18.9219818, -18.9094925, -18.8930225, -18.8840466, -18.8758316, -18.8667698, -18.8605843, -18.8553677, -18.8519115, -18.847229
1561.999999999979, -20.3381729, -20.3376484, -20.3390274, -20.3395519, -20.3379498, -20.3395367, -20.3398666, -20.3401775, -20.3384743, -20.3370724
1562.099999999979, -18.6306877, -18.6392536, -18.6341934, -18.6404953, -18.6390705, -18.6388187, -18.6391754, -18.6401119, -18.6345329, -18.6378307
1562.199999999979, -20.2969418, -20.2949886, -20.2980824, -20.3000469, -20.3005676, -20.2984715, -20.2986679, -20.2955513, -20.300972, -20.3016949
1562.2999999999788, -18.7061424, -18.7108383, -18.7091904, -18.7077866, -18.7076836, -18.7011604, -18.7025185, -18.7050476, -18.7066727, -18.709816
1562.3999999999787, -20.4646053, -20.4675522, -20.4674263, -20.4658051, -20.4619198, -20.4653683, -20.4655437, -20.464592, -20.4619675, -20.463192
1562.4999999999786, -18.8243217, -18.8208103, -18.8189201, -18.8231487, -18.8266411, -18.8217278, -18.8231468, -18.8225536, -18.8244839, -18.8246536
1562.5999999999785, -20.3713322, -20.368166, -20.3741856, -20.3725243, -20.3727264, -20.3701324, -20.3691597, -20.3741417, -20.3757229, -20.3724747
1562.6999999999784, -18.8935452, -18.888689, -18.8941994, -18.901104, -18.9015121, -18.9035015, -18.9079208, -18.9069672, -18.9151325, -18.917635
1562.7999999999784, -20.4779587, -20.4739056, -20.4700527, -20.4636631, -20.4582729, -20.4525051, -20.4514732, -20.4466553, -20.445116, -20.4436989
1562.8999999999783, -19.4076862, -19.4070587, -19.4048748, -19.4066772, -19.4066849, -19.4043503, -19.4046745, -19.404253, -19.4085522, -19.4062061
1562.9999999999782, -20.316988, -20.3165779, -20.319025, -20.3138657, -20.3159065, -20.3148785, -20.3163376, -20.3163052, -20.3163147, -20.3151779
1563.099999999978, -19.5196819, -19.5148354, -19.5220242, -19.5193729, -19.5119228, -19.5213985, -19.5231762, -19.5204659, -19.5157051, -19.5149994
1563.199999999978, -20.2852879, -20.284523, -20.2845097, -20.2838421, -20.2834034, -20.2856331, -20.2858391, -20.2868919, -20.28512, -20.28512
1563.299999999978, -19.617424, -19.6254749, -19.6202202, -19.6254177, -19.6284981, -19.625164, -19.6212234, -19.6139946, -19.6195621, -19.6203613
1563.3999999999778, -20.6408653, -20.6430264, -20.6426277, -20.6414413, -20.6396809, -20.6385593, -20.6382961, -20.6382999, -20.6388721, -20.6415291
1563.4999999999777, -19.4721451, -19.475769, -19.4824848, -19.4807472, -19.4750557, -19.491993, -19.4939518, -19.4951515, -19.49366, -19.4975624
1563.5999999999776, -20.2918625, -20.2893791, -20.2768059, -20.2613564, -20.2480087, -20.2268162, -20.2093697, -20.1917076, -20.1767654, -20.1671009
1563.6999999999775, -20.310173, -20.3215771, -20.3274059, -20.3341427, -20.3388386, -20.3459816, -20.3498077, -20.3477783, -20.3510017, -20.3539982
1563.7999999999774, -19.9810886, -19.9805946, -19.9760399, -19.9764156, -19.9753914, -19.9751987, -19.9724312, -19.9712029, -19.972023, -19.970089
1563.8999999999774, -20.72896, -20.7319927, -20.7325935, -20.7299633, -20.7251263, -20.7325459, -20.7292728, -20.7312603, -20.7350388, -20.7308693
1563.9999999999773, -19.6599331, -19.6602039, -19.661478, -19.6622505, -19.6609058, -19.6619949, -19.6615601, -19.6613789, -19.6606445, -19.6597347
1564.0999999999772, -20.7285233, -20.7291107, -20.7281361, -20.7261429, -20.7197227, -20.7230072, -20.7219849, -20.7239609, -20.7250786, -20.7244873
1564.199999999977, -19.9119492, -19.9132137, -19.9141846, -19.9141331, -19.9161549, -19.9176769, -19.9161034, -19.9159451, -19.914484, -19.9118996
1564.299999999977, -20.9492626, -20.9487152, -20.9492397, -20.9471722, -20.9471664, -20.9474545, -20.9489117, -20.9434719, -20.9445686, -20.9485035
1564.399999999977, -19.9240894, -19.9243279, -19.920229, -19.915905, -19.9110184, -19.9065552, -19.9049969, -19.9021702, -19.8984318, -19.8949318
1564.4999999999768, -20.9290924, -20.9355946, -20.9425373, -20.9505463, -20.9594669, -20.9648571, -20.9684563, -20.9746265, -20.9757137, -20.979166
1564.5999999999767, -19.4751663, -19.4721584, -19.4687805, -19.4652691, -19.4669933, -19.4643097, -19.4613628, -19.4592762, -19.4578247, -19.460535
1564.6999999999766, -21.3125782, -21.3135567, -21.3138161, -21.3115902, -21.3113537, -21.3072414, -21.3094463, -21.3128071, -21.3118954, -21.3139458
1564.7999999999765, -19.6468868, -19.644207, -19.6458549, -19.6474075, -19.6439934, -19.6470814, -19.6481972, -19.6468925, -19.6467514, -19.6474762
1564.8999999999764, -21.1541271, -21.1511898, -21.1555634, -21.1502838, -21.1486626, -21.1541138, -21.1557732, -21.1575298, -21.1563263, -21.1527557
1564.9999999999764, -19.5435867, -19.5390491, -19.5378876, -19.5344391, -19.5430927, -19.5406685, -19.5433617, -19.5394783, -19.5387001, -19.5339298
1565.0999999999763, -21.3005486, -21.3005428, -21.3047371, -21.3050156, -21.3043365, -21.3037357, -21.3043842, -21.3019409, -21.3032608, -21.3031483
1565.1999999999762, -19.7515583, -19.7521763, -19.7542343, -19.7532349, -19.7524033, -19.7531147, -19.7538776, -19.7465687, -19.7461491, -19.7497063
1565.299999999976, -21.3714294, -21.3732758, -21.3729343, -21.3684788, -21.3699341, -21.3703346, -21.3657684, -21.3690472, -21.3692818, -21.3682594
1565.399999999976, -19.6843014, -19.6907806, -19.6986141, -19.7244587, -19.7365227, -19.7584381, -19.7728596, -19.781601, -19.7855358, -19.786623
1565.499999999976, -20.9280968, -20.9191685, -20.914608, -20.909996, -20.9061604, -20.9047718, -20.9030552, -20.8963852, -20.8998222, -20.8991356
1565.5999999999758, -20.2966232, -20.288353, -20.2909775, -20.2975349, -20.296936, -20.2968006, -20.2897472, -20.2921848, -20.2947426, -20.2920208
1565.6999999999757, -20.8584309, -20.8599682, -20.8571434, -20.8558254, -20.8567696, -20.8566113, -20.8567924, -20.8573933, -20.8592567, -20.8586559
1565.7999999999756, -20.4122028, -20.41889, -20.409584, -20.3959408, -20.3994789, -20.4043045, -20.4020042, -20.4125347, -20.4120178, -20.4162235
1565.8999999999755, -20.589922, -20.592432, -20.5955563, -20.5970955, -20.5988579, -20.6005173, -20.6011448, -20.6024036, -20.6049099, -20.6052017
1565.9999999999754, -20.4789581, -20.4789391, -20.4731712, -20.4726448, -20.4723663, -20.4721375, -20.4712296, -20.4728432, -20.4691086, -20.4756451
1566.0999999999754, -20.9230499, -20.9264736, -20.9252586, -20.9262905, -20.9296646, -20.9273491, -20.9274273, -20.9262047, -20.926157, -20.9293137
1566.1999999999753, -20.5677109, -20.5633049, -20.5657673, -20.5665073, -20.5693188, -20.5656128, -20.5724125, -20.5778179, -20.5846825, -20.5872154
1566.2999999999752, -20.3874969, -20.3721104, -20.3496456, -20.330431, -20.308279, -20.2902431, -20.2820854, -20.2722206, -20.2671928, -20.2599468
1566.399999999975, -21.0988388, -21.1067181, -21.1077728, -21.1119232, -21.1146412, -21.1187801, -21.1142216, -21.1108322, -21.121254, -21.1225872
1566.499999999975, -19.8397751, -19.837862, -19.839119, -19.8394508, -19.8372765, -19.8375359, -19.8368607, -19.8375149, -19.8386631, -19.8401241
1566.599999999975, -21.3553257, -21.3573837, -21.3596706, -21.355957, -21.3564758, -21.3586483, -21.3582668, -21.3596821, -21.3581009, -21.357151
1566.6999999999748, -19.8021317, -19.8024025, -19.7998371, -19.7997856, -19.7984276, -19.8001652, -19.8001118, -19.8003387, -19.8011036, -19.8009586
1566.7999999999747, -21.2750359, -21.2669277, -21.2706299, -21.2703533, -21.2753925, -21.2776012, -21.2771683, -21.2692661, -21.2751083, -21.2687531
1566.8999999999746, -19.7342224, -19.7355976, -19.7383518, -19.7368279, -19.7351704, -19.7342396, -19.735199, -19.7321072, -19.7346287, -19.732769
1566.9999999999745, -21.3650227, -21.3640671, -21.3654594, -21.3668461, -21.3652039, -21.3665962, -21.3626041, -21.362896, -21.3673973, -21.3669186
1567.0999999999744, -19.9027538, -19.9003887, -19.8990116, -19.8943844, -19.885931, -19.8833675, -19.8811569, -19.877697, -19.8735523, -19.8683376
1567.1999999999744, -21.4791622, -21.4821739, -21.4803772, -21.4819489, -21.4820766, -21.4857712, -21.4861145, -21.487154, -21.4873505, -21.4871349
1567.2999999999743, -19.6396046, -19.6382465, -19.6473427, -19.6471272, -19.6457882, -19.6510639, -19.6535797, -19.6537495, -19.6543903, -19.6499481
1567.3999999999742, -21.2799816, -21.2805443, -21.2790852, -21.2798233, -21.2799416, -21.2799644, -21.2823505, -21.281002, -21.2799988, -21.280632
1567.499999999974, -19.9128113, -19.9156322, -19.9155731, -19.9130421, -19.9148979, -19.9084625, -19.9116859, -19.9169502, -19.9182949, -19.9148445
1567.599999999974, -21.4178772, -21.4202671, -21.4209099, -21.4203224, -21.4204426, -21.4189434, -21.419693, -21.4179974, -21.4190197, -21.4189301
1567.699999999974, -19.947361, -19.9475174, -19.9352398, -19.9433556, -19.9406395, -19.945879, -19.9460506, -19.9468746, -19.9466286, -19.9467278
1567.7999999999738, -21.1202374, -21.1215382, -21.1280327, -21.1263046, -21.1288185, -21.1297264, -21.1316853, -21.1317692, -21.1296387, -21.1296387
1567.8999999999737, -20.0309181, -20.0292301, -20.027256, -20.0302372, -20.0356426, -20.0337257, -20.037735, -20.0366421, -20.0387993, -20.0418587
1567.9999999999736, -21.4359112, -21.4321995, -21.4252472, -21.4216728, -21.4205952, -21.4165878, -21.4162178, -21.4111328, -21.4084702, -21.4059467
1568.0999999999735, -20.5080662, -20.5242195, -20.5518932, -20.567812, -20.5956612, -20.6084461, -20.6199322, -20.6289444, -20.6358395, -20.6343842
1568.1999999999734, -20.5760002, -20.5713348, -20.5685081, -20.5680103, -20.567461, -20.567358, -20.5674248, -20.5672894, -20.568264, -20.5682144
1568.2999999999734, -20.9616032, -20.9584179, -20.9600773, -20.9595985, -20.9630032, -20.9616184, -20.9596786, -20.9639683, -20.9577045, -20.9647369
1568.3999999999733, -20.4694633, -20.4665031, -20.4674053, -20.4697266, -20.4709415, -20.4704685, -20.4703159, -20.4712524, -20.4710388, -20.4704456
1568.4999999999732, -21.4296513, -21.4330502, -21.4313316, -21.4329777, -21.431776, -21.4288502, -21.4288139, -21.4321213, -21.4292259, -21.4297638
1568.599999999973, -20.4344292, -20.4340096, -20.4328098, -20.4340534, -20.4337692, -20.4339809, -20.4325924, -20.4331074, -20.4342937, -20.4333096
1568.699999999973, -21.2735424, -21.2702675, -21.2671318, -21.2729416, -21.2717857, -21.2729568, -21.2708397, -21.268261, -21.2689857, -21.2704678
1568.799999999973, -20.3542023, -20.351469, -20.3613472, -20.3729057, -20.3802853, -20.3830032, -20.384552, -20.3846626, -20.3862038, -20.3847122
1568.8999999999728, -21.6014786, -21.6116581, -21.6304302, -21.6443443, -21.6530056, -21.6584454, -21.6643009, -21.6666088, -21.6726551, -21.6785831
1568.9999999999727, -20.259697, -20.2527733, -20.2459946, -20.2412758, -20.2324123, -20.2276764, -20.2229424, -20.2198143, -20.2195816, -20.2192097
1569.0999999999726, -21.9016647, -21.9054165, -21.8993244, -21.9072971, -21.9037495, -21.9088497, -21.9090919, -21.9084492, -21.909811, -21.9103146
1569.1999999999725, -20.0150337, -20.0214024, -20.019474, -20.0197182, -20.0213184, -20.019207, -20.0204258, -20.0198631, -20.017622, -20.0222588
1569.2999999999724, -21.9706001, -21.9724369, -21.9730263, -21.972168, -21.9734898, -21.9730625, -21.9726143, -21.9729309, -21.9747677, -21.9741821
1569.3999999999724, -20.2903767, -20.2937775, -20.2953796, -20.2958069, -20.2952595, -20.2912045, -20.2882042, -20.2891693, -20.2882919, -20.289566
1569.4999999999723, -22.3155212, -22.3111172, -22.3151646, -22.3129616, -22.3124638, -22.3143597, -22.313015, -22.3147373, -22.3131847, -22.3121834
1569.5999999999722, -20.2894344, -20.2885399, -20.2882595, -20.2822628, -20.2835865, -20.2870655, -20.2878036, -20.2885704, -20.2838974, -20.2847271
1569.699999999972, -22.1226425, -22.1186657, -22.1209202, -22.1216679, -22.1223373, -22.1248016, -22.1249924, -22.123354, -22.1217194, -22.1215191
1569.799999999972, -20.4853992, -20.4974346, -20.5065002, -20.5143089, -20.5193863, -20.5205212, -20.5272503, -20.5368595, -20.5387802, -20.544096
1569.899999999972, -22.2097054, -22.1984291, -22.1862488, -22.1752605, -22.1614647, -22.1544762, -22.1461658, -22.1405792, -22.1380444, -22.1343479
1569.9999999999718, -21.1734581, -21.1781635, -21.1807003, -21.1837616, -21.1872673, -21.1830158, -21.184845, -21.1878815, -21.190218, -21.1923542
1570.0999999999717, -21.662117, -21.6621304, -21.6656284, -21.6600838, -21.66605, -21.6699791, -21.6711426, -21.6707611, -21.6687622, -21.6701031
1570.1999999999716, -21.5112209, -21.508482, -21.5101795, -21.5090122, -21.5067577, -21.5115185, -21.5077496, -21.5119076, -21.5124512, -21.5134735
1570.2999999999715, -21.6228123, -21.626442, -21.6320076, -21.6343098, -21.6353283, -21.6376553, -21.6383209, -21.6394386, -21.6408596, -21.6409397
1570.3999999999714, -21.9499283, -21.9481773, -21.9460907, -21.9464874, -21.9464397, -21.9474163, -21.9492149, -21.9498253, -21.947855, -21.9485321
1570.4999999999714, -21.5998516, -21.5983295, -21.5981789, -21.5997238, -21.6027203, -21.6023865, -21.5998802, -21.6026268, -21.601244, -21.5995827
1570.5999999999713, -21.9027481, -21.8976479, -21.895792, -21.9034042, -21.9039402, -21.9021931, -21.8912315, -21.8891277, -21.9004822, -21.8920364
1570.6999999999712, -21.3711262, -21.3589706, -21.3464279, -21.3302975, -21.3196106, -21.3116436, -21.3077068, -21.3052387, -21.303072, -21.2998428
1570.799999999971, -22.4700661, -22.4805183, -22.4851818, -22.4877052, -22.4954147, -22.4984035, -22.4989471, -22.5002098, -22.5086117, -22.5081768
1570.899999999971, -21.0168304, -21.0113277, -21.0110703, -21.0100327, -21.0106258, -21.0137634, -21.0151367, -21.0151634, -21.0150375, -21.0127411
1570.999999999971, -22.6270752, -22.6256371, -22.6302414, -22.6309395, -22.6301308, -22.6325226, -22.6326027, -22.6335945, -22.6268673, -22.6259632
