wavelength_nm ,power_reading_0_dbm ,power_reading_1_dbm ,power_reading_2_dbm ,power_reading_3_dbm ,power_reading_4_dbm ,power_reading_5_dbm ,power_reading_6_dbm ,power_reading_7_dbm ,power_reading_8_dbm ,power_reading_9_dbm 
1539.0, -23.2992935, -23.2991924, -23.2982597, -23.2984543, -23.2978306, -23.2981663, -23.2996502, -23.3004971, -23.300499, -23.2999744
1539.1, -24.5430737, -24.5374031, -24.5355682, -24.534956, -24.5342331, -24.5352764, -24.5356007, -24.5361176, -24.5357819, -24.5354614
1539.1999999999998, -23.3499031, -23.3520565, -23.3525944, -23.3536053, -23.3551636, -23.354929, -23.3550892, -23.3548431, -23.3551445, -23.354929
1539.2999999999997, -24.5910568, -24.5868874, -24.5861645, -24.5852947, -24.5851879, -24.5835838, -24.5827389, -24.5838909, -24.5836716, -24.5827885
1539.3999999999996, -23.4934769, -23.4975376, -23.5002346, -23.5034618, -23.504488, -23.5062408, -23.5087376, -23.5087471, -23.5096302, -23.5101376
1539.4999999999995, -24.7322903, -24.7267494, -24.7241936, -24.7238388, -24.7235699, -24.7230911, -24.7224751, -24.7228661, -24.7213573, -24.7214031
1539.5999999999995, -23.3416386, -23.3447781, -23.3468819, -23.347353, -23.348608, -23.3479385, -23.3481655, -23.3494015, -23.3496742, -23.3503075
1539.6999999999994, -24.7763691, -24.7719593, -24.7708435, -24.7692127, -24.7692585, -24.7688789, -24.7702026, -24.7709637, -24.7696323, -24.7685204
1539.7999999999993, -23.7000084, -23.7015762, -23.7011166, -23.7014656, -23.7022324, -23.7032413, -23.7035103, -23.7032948, -23.7034721, -23.7029839
1539.8999999999992, -24.8133011, -24.8144379, -24.8139992, -24.8119831, -24.8135185, -24.8134785, -24.8136005, -24.8122005, -24.8124237, -24.8128185
1539.999999999999, -23.424221, -23.4794159, -23.4956436, -23.5047531, -23.5080719, -23.5096302, -23.5133743, -23.5144024, -23.5147438, -23.5149822
1540.099999999999, -24.5543404, -24.5492153, -24.5480766, -24.5474567, -24.5456753, -24.5451889, -24.5451851, -24.5448189, -24.544651, -24.5435486
1540.199999999999, -23.8370457, -23.8373432, -23.8368683, -23.8361702, -23.8373089, -23.8374405, -23.8376732, -23.8364124, -23.8372498, -23.8383045
1540.2999999999988, -24.8361645, -24.8336601, -24.8365097, -24.8379307, -24.8385468, -24.8388596, -24.8368721, -24.8378296, -24.8368092, -24.8384686
1540.3999999999987, -23.4929676, -23.50177, -23.5046558, -23.5071411, -23.507515, -23.5090885, -23.5107746, -23.5117054, -23.511137, -23.5113144
1540.4999999999986, -24.7723465, -24.7669659, -24.7647038, -24.7645874, -24.7635784, -24.7630882, -24.7625732, -24.7625275, -24.7624226, -24.7620296
1540.5999999999985, -23.6004391, -23.6003151, -23.600256, -23.6001453, -23.6007309, -23.6001415, -23.6011639, -23.6020393, -23.6015415, -23.6010952
1540.6999999999985, -24.9587955, -24.9591713, -24.9589806, -24.9602566, -24.9589138, -24.9561024, -24.958004, -24.9587669, -24.9572449, -24.9566441
1540.7999999999984, -23.4263039, -23.4824715, -23.4991894, -23.5085506, -23.512598, -23.5155697, -23.5183067, -23.5198097, -23.5205841, -23.5208092
1540.8999999999983, -24.6098175, -24.6043396, -24.6029644, -24.6019859, -24.6025944, -24.6024933, -24.6024475, -24.6017208, -24.6023273, -24.6014366
1540.9999999999982, -23.7857151, -23.786171, -23.7855759, -23.7847805, -23.7849197, -23.785471, -23.7857628, -23.7860584, -23.7856846, -23.7863235
1541.099999999998, -24.6156731, -24.6107826, -24.6095047, -24.6069775, -24.6068039, -24.6060448, -24.6075706, -24.6078987, -24.6072311, -24.6077919
1541.199999999998, -23.8605804, -23.8610115, -23.8605156, -23.8601894, -23.8603783, -23.8607082, -23.8594761, -23.8604221, -23.8616409, -23.8611927
1541.299999999998, -24.7689018, -24.7697868, -24.7692757, -24.7705746, -24.7660809, -24.7677841, -24.7680893, -24.7696953, -24.7685528, -24.7684822
1541.3999999999978, -23.2889576, -23.2916775, -23.293848, -23.2954502, -23.296999, -23.2974186, -23.2977753, -23.298521, -23.2994823, -23.3004055
1541.4999999999977, -24.7868519, -24.783432, -24.7814941, -24.780159, -24.7797871, -24.7802029, -24.7796249, -24.7795353, -24.7784309, -24.7778969
1541.5999999999976, -23.4921474, -23.4970398, -23.5013885, -23.50214, -23.5040379, -23.5050564, -23.5068474, -23.5070457, -23.5070038, -23.5062504
1541.6999999999975, -24.7474174, -24.7424107, -24.7387543, -24.7382164, -24.7377911, -24.7353325, -24.7329369, -24.7361355, -24.7350807, -24.7361927
1541.7999999999975, -23.8006058, -23.8019829, -23.8021908, -23.8025398, -23.8036308, -23.8038445, -23.8034534, -23.8058186, -23.805191, -23.805521
1541.8999999999974, -24.188055, -24.182476, -24.1800213, -24.1792641, -24.1793652, -24.1787357, -24.1786118, -24.178112, -24.1770897, -24.1768303
1541.9999999999973, -23.8901196, -23.8900642, -23.8878174, -23.8875256, -23.8877087, -23.8875751, -23.8885231, -23.888443, -23.887701, -23.8875561
1542.0999999999972, -24.6040192, -24.5994968, -24.5959568, -24.5957661, -24.5958557, -24.5943565, -24.5947514, -24.5945339, -24.5923252, -24.5938587
1542.199999999997, -23.4209576, -23.4245682, -23.4266224, -23.4275169, -23.4285259, -23.430006, -23.4309502, -23.4317093, -23.4328346, -23.4337502
1542.299999999997, -24.5646992, -24.5590038, -24.5580235, -24.5559177, -24.5564175, -24.5567055, -24.5559845, -24.5554428, -24.5566406, -24.5558853
1542.399999999997, -23.2344875, -23.2364197, -23.2377815, -23.2386169, -23.2389679, -23.2396946, -23.2399158, -23.2404041, -23.2407265, -23.2413158
1542.4999999999968, -24.7611942, -24.7542019, -24.7534504, -24.7522888, -24.7501297, -24.7509537, -24.7518444, -24.7508087, -24.7513905, -24.7517357
1542.5999999999967, -23.8536968, -23.8578472, -23.8599262, -23.8603516, -23.8614254, -23.8625622, -23.8630371, -23.8640041, -23.8649712, -23.8653507
1542.6999999999966, -24.0740738, -24.0921631, -24.0858116, -24.0838985, -24.0829449, -24.0826607, -24.0824051, -24.0818634, -24.0810413, -24.0805168
1542.7999999999965, -23.9931679, -23.9913406, -23.9921036, -23.9912624, -23.9927902, -23.9929161, -23.9929485, -23.9932957, -23.9930992, -23.990324
1542.8999999999965, -24.0962963, -24.1223431, -24.118082, -24.1172142, -24.1159344, -24.1145096, -24.1121311, -24.1127682, -24.1136551, -24.1130867
1542.9999999999964, -23.8181953, -23.8160648, -23.8170128, -23.8170662, -23.8161716, -23.8154316, -23.8159828, -23.8184204, -23.8180618, -23.8177567
1543.0999999999963, -24.4825592, -24.476738, -24.4752769, -24.4725399, -24.473505, -24.4733772, -24.4734077, -24.4731426, -24.4724293, -24.4726868
1543.1999999999962, -23.2934647, -23.2958336, -23.2976246, -23.2981834, -23.300518, -23.3016205, -23.3023472, -23.3035049, -23.3035164, -23.3032246
1543.299999999996, -24.6112137, -24.6055412, -24.6043034, -24.6037674, -24.6025429, -24.603466, -24.6033649, -24.6026096, -24.6026516, -24.6017742
1543.399999999996, -23.6824684, -23.6882038, -23.6938629, -23.6958485, -23.6968346, -23.6986275, -23.7001019, -23.701437, -23.7014236, -23.7016144
1543.499999999996, -24.1179657, -24.1128407, -24.1114426, -24.1097565, -24.108633, -24.1078568, -24.1070786, -24.1073647, -24.1071892, -24.1082745
1543.5999999999958, -24.2236252, -24.2240772, -24.2244053, -24.2239933, -24.226305, -24.22299, -24.2233906, -24.224577, -24.2248936, -24.2254906
1543.6999999999957, -23.7347221, -23.7355175, -23.7360611, -23.7361717, -23.7346611, -23.7356129, -23.7351665, -23.7362576, -23.7360897, -23.7355309
1543.7999999999956, -24.2673779, -24.2666893, -24.267622, -24.2671242, -24.2663994, -24.2658272, -24.2658195, -24.2664642, -24.2668018, -24.2662468
1543.8999999999955, -24.266983, -24.2665672, -24.2660313, -24.2667713, -24.2675323, -24.2689533, -24.2691231, -24.2683048, -24.2685947, -24.2691021
1543.9999999999955, -23.689455, -23.6875286, -23.6876316, -23.6873779, -23.6861935, -23.6865425, -23.6885109, -23.6880207, -23.6938591, -23.6899796
1544.0999999999954, -24.4696865, -24.4712276, -24.4708138, -24.4702702, -24.4689617, -24.4695721, -24.4681911, -24.4695168, -24.4679451, -24.4667759
1544.1999999999953, -23.7313843, -23.7294044, -23.7291203, -23.7305946, -23.7303352, -23.7298031, -23.728302, -23.7286091, -23.7278595, -23.7263985
1544.2999999999952, -24.2634239, -24.2456512, -24.2349148, -24.2195797, -24.2110977, -24.2067337, -24.2039948, -24.2030087, -24.2015247, -24.2022018
1544.399999999995, -24.6865444, -24.6885605, -24.6901093, -24.6907406, -24.6913414, -24.6916428, -24.6926289, -24.6917477, -24.6921158, -24.6920834
1544.499999999995, -23.7263145, -23.7253838, -23.725399, -23.7253799, -23.7246704, -23.7231274, -23.7242565, -23.725441, -23.7248077, -23.7243099
1544.599999999995, -24.6235905, -24.6242275, -24.6238594, -24.6237793, -24.6225109, -24.6226177, -24.6232147, -24.6226654, -24.6231441, -24.6225662
1544.6999999999948, -23.9273567, -23.927721, -23.9291573, -23.9282608, -23.9296246, -23.9294453, -23.9307995, -23.9309292, -23.9310341, -23.9295387
1544.7999999999947, -24.5278759, -24.5276394, -24.527771, -24.528286, -24.529211, -24.5287304, -24.5285664, -24.5298634, -24.5302448, -24.5301323
1544.8999999999946, -24.4905472, -24.4888992, -24.4892445, -24.4898891, -24.4910698, -24.4911022, -24.4909821, -24.4923077, -24.492445, -24.4926796
1544.9999999999945, -24.0040531, -24.0043221, -24.0046291, -24.0052166, -24.0057335, -24.0046978, -24.0037766, -24.005127, -24.004858, -24.0042572
1545.0999999999945, -24.4176388, -24.4121838, -24.41115, -24.4110222, -24.4104404, -24.410305, -24.4103184, -24.4110641, -24.4127731, -24.4099255
1545.1999999999944, -24.9313068, -24.9359055, -24.9386101, -24.9401436, -24.9417095, -24.9439964, -24.9432678, -24.9442692, -24.9443779, -24.9440804
1545.2999999999943, -23.9337082, -23.9338493, -23.9333553, -23.9330406, -23.9328995, -23.9335613, -23.9334621, -23.9332008, -23.9330845, -23.9335098
1545.3999999999942, -25.0212288, -25.020977, -25.0199947, -25.0198307, -25.0205975, -25.0213223, -25.020771, -25.0206795, -25.0201988, -25.0191803
1545.499999999994, -23.7222404, -23.7231712, -23.7237396, -23.7243118, -23.7232952, -23.7233887, -23.7247372, -23.7241306, -23.7250137, -23.7241993
1545.599999999994, -25.0121555, -25.0119095, -25.012352, -25.0123844, -25.012619, -25.0130234, -25.0127449, -25.0129986, -25.0134296, -25.0136032
1545.699999999994, -24.4026985, -24.403244, -24.4039669, -24.4030304, -24.4023743, -24.4031506, -24.4025154, -24.4027233, -24.4030056, -24.4035931
1545.7999999999938, -24.6632671, -24.663456, -24.6643791, -24.6624432, -24.663126, -24.6623344, -24.6617641, -24.661459, -24.6633511, -24.6635227
1545.8999999999937, -24.4763718, -24.4790154, -24.4792538, -24.4785595, -24.4780598, -24.4785023, -24.4782066, -24.4770832, -24.4777889, -24.4778271
1545.9999999999936, -24.8749199, -24.8899498, -24.9044628, -24.9143105, -24.9208908, -24.9250584, -24.9288788, -24.9285049, -24.9273739, -24.9272804
1546.0999999999935, -23.9953308, -23.9942913, -23.9937935, -23.9942532, -23.9939423, -23.9928036, -23.9925404, -23.9917622, -23.9913464, -23.9918327
1546.1999999999935, -25.4922466, -25.4925442, -25.4932728, -25.493206, -25.4941425, -25.4929371, -25.4926167, -25.4938545, -25.493103, -25.4914818
1546.2999999999934, -23.9389019, -23.9391079, -23.9394341, -23.9385662, -23.9394035, -23.9387169, -23.9381084, -23.9385548, -23.9384289, -23.9391365
1546.3999999999933, -25.2091522, -25.2090092, -25.2099857, -25.2105103, -25.2100334, -25.2099342, -25.2099743, -25.2106113, -25.2110043, -25.2109261
1546.4999999999932, -23.9716816, -23.9719429, -23.9712448, -23.969902, -23.9695396, -23.9695454, -23.9709702, -23.9716759, -23.9718533, -23.9721756
1546.599999999993, -25.3165016, -25.315609, -25.3152504, -25.3158245, -25.3145466, -25.3148003, -25.3157425, -25.3154373, -25.3155479, -25.3156166
1546.699999999993, -24.4241066, -24.4248409, -24.4262028, -24.4261951, -24.4262543, -24.4248199, -24.4243984, -24.4256592, -24.4263725, -24.4266644
1546.799999999993, -25.070406, -25.0705719, -25.0704994, -25.0713596, -25.073595, -25.0735817, -25.0735149, -25.0747185, -25.0736618, -25.0734425
1546.8999999999928, -23.9593258, -23.9552574, -23.9527092, -23.9505901, -23.9498844, -23.9498138, -23.9498539, -23.949276, -23.9491711, -23.9491062
1546.9999999999927, -25.428194, -25.4293461, -25.4316349, -25.4324875, -25.4320488, -25.4326572, -25.4334679, -25.4337616, -25.4337311, -25.4332733
1547.0999999999926, -24.1900539, -24.1914597, -24.1901951, -24.1898346, -24.190567, -24.1901207, -24.1895561, -24.1897068, -24.1894913, -24.1919155
1547.1999999999925, -25.3682728, -25.3679676, -25.3683662, -25.3683147, -25.3677826, -25.3677845, -25.3677216, -25.3684273, -25.3686161, -25.3682709
1547.2999999999925, -23.9994812, -23.9999523, -23.9994087, -23.9999104, -23.9998894, -23.9994736, -24.0000248, -24.0002651, -23.9997749, -23.9999504
1547.3999999999924, -25.3553886, -25.3553162, -25.3555107, -25.3553162, -25.3557281, -25.3555012, -25.3554897, -25.3546658, -25.353857, -25.3545647
1547.4999999999923, -24.1413937, -24.1414089, -24.1412334, -24.1416283, -24.1421833, -24.1424503, -24.1429539, -24.1425991, -24.1434231, -24.1435013
1547.5999999999922, -25.2872581, -25.2871075, -25.2877674, -25.2867794, -25.2865334, -25.2868347, -25.2858448, -25.2858162, -25.2877865, -25.2884007
1547.699999999992, -24.0729237, -24.0720406, -24.0708752, -24.0697784, -24.0704422, -24.070776, -24.0703697, -24.0689011, -24.0683384, -24.0691433
1547.799999999992, -25.3377781, -25.3320732, -25.3292141, -25.3274193, -25.3254604, -25.3240891, -25.322731, -25.3228092, -25.3223877, -25.3205967
1547.899999999992, -24.2537346, -24.2528992, -24.2528896, -24.2534561, -24.2525425, -24.2518311, -24.2502537, -24.2495708, -24.2498875, -24.2498379
1547.9999999999918, -25.1675949, -25.1676197, -25.1685314, -25.168047, -25.1677246, -25.1688385, -25.1684761, -25.1685448, -25.1684265, -25.1682663
1548.0999999999917, -24.2589855, -24.2599468, -24.2584953, -24.2580128, -24.2578506, -24.2569199, -24.2579746, -24.2584229, -24.2563572, -24.2567749
1548.1999999999916, -25.187973, -25.1888676, -25.1897488, -25.1900082, -25.1905365, -25.1881924, -25.1894569, -25.1893387, -25.1904697, -25.191349
1548.2999999999915, -23.9449787, -23.9450417, -23.9453163, -23.9459801, -23.9459515, -23.9457798, -23.9455051, -23.9456406, -23.9454823, -23.9445496
1548.3999999999915, -25.4431114, -25.4431362, -25.4428082, -25.4431591, -25.443121, -25.4415836, -25.4426212, -25.4430256, -25.4435234, -25.4429302
1548.4999999999914, -24.054224, -24.052599, -24.0523243, -24.0511646, -24.050684, -24.0515804, -24.0509739, -24.0504036, -24.0504532, -24.0516682
1548.5999999999913, -25.3434944, -25.3435955, -25.3414268, -25.3410511, -25.3395042, -25.340147, -25.3393364, -25.3397579, -25.3391838, -25.3391457
1548.6999999999912, -24.3363037, -24.3438931, -24.3508968, -24.3554497, -24.3558369, -24.3569984, -24.3581257, -24.3591022, -24.3622055, -24.3634396
1548.799999999991, -24.859024, -24.8587875, -24.85812, -24.8575687, -24.8577251, -24.8577766, -24.8552589, -24.8567944, -24.8584938, -24.8572292
1548.899999999991, -24.7514515, -24.7515316, -24.7520809, -24.7522926, -24.7536106, -24.7544289, -24.7540894, -24.7549057, -24.7541485, -24.7548122
1548.999999999991, -24.9089298, -24.9087925, -24.9095497, -24.9104538, -24.9091187, -24.9088402, -24.9111824, -24.910471, -24.9104939, -24.9109898
1549.0999999999908, -24.3492756, -24.349638, -24.3487625, -24.3484592, -24.3494072, -24.3488178, -24.3490582, -24.3498859, -24.3499451, -24.3496704
1549.1999999999907, -25.2426529, -25.2428951, -25.2411861, -25.2402325, -25.241724, -25.240284, -25.2409325, -25.2402229, -25.2405453, -25.2415104
1549.2999999999906, -24.2098179, -24.2102623, -24.2095146, -24.2095699, -24.2075005, -24.2089787, -24.2088661, -24.208477, -24.2079144, -24.2084122
1549.3999999999905, -25.5443935, -25.5442886, -25.5445118, -25.5442867, -25.5453587, -25.546257, -25.5467224, -25.546957, -25.5482044, -25.5478039
1549.4999999999905, -24.2982464, -24.3166866, -24.3398132, -24.3600292, -24.37957, -24.3927612, -24.402853, -24.4060307, -24.4098186, -24.4109879
1549.5999999999904, -24.6877537, -24.6825714, -24.6823635, -24.6799488, -24.6767979, -24.6770287, -24.6780262, -24.6749706, -24.6763306, -24.6772938
1549.6999999999903, -25.0644894, -25.0649872, -25.0660305, -25.0670452, -25.0662479, -25.0644436, -25.0637627, -25.0653324, -25.0657082, -25.0654411
1549.7999999999902, -24.6394939, -24.6403332, -24.6402454, -24.6378059, -24.6392879, -24.6393776, -24.6406822, -24.6406517, -24.6401291, -24.6404877
1549.89999999999, -25.3016949, -25.3020535, -25.3031807, -25.3029919, -25.3029461, -25.3024292, -25.3020821, -25.3005257, -25.2995701, -25.2999935
1549.99999999999, -24.9231224, -24.9234962, -24.92383, -24.9240437, -24.9247208, -24.9243755, -24.9240227, -24.9232883, -24.9225979, -24.9238243
1550.09999999999, -24.6869583, -24.6858215, -24.6859417, -24.6863213, -24.6853409, -24.6853085, -24.6858063, -24.685173, -24.685173, -24.6861439
1550.1999999999898, -25.4595966, -25.4609222, -25.4625645, -25.4621925, -25.463913, -25.4635181, -25.4635754, -25.4632645, -25.4615116, -25.4612217
1550.2999999999897, -24.861414, -24.8627205, -24.8629589, -24.8647366, -24.8647423, -24.8649883, -24.8660984, -24.864584, -24.8643665, -24.8646011
1550.3999999999896, -25.1007214, -25.083786, -25.063591, -25.043869, -25.0221176, -24.9998245, -24.9849606, -24.9746304, -24.9698048, -24.963644
1550.4999999999895, -25.4553108, -25.4549103, -25.4543285, -25.4532528, -25.451828, -25.4505672, -25.4510288, -25.4505291, -25.4491577, -25.4491825
1550.5999999999894, -24.4034576, -24.4039497, -24.4037571, -24.4065819, -24.4071865, -24.40769, -24.4080582, -24.4084663, -24.4079647, -24.4071369
1550.6999999999894, -25.7817917, -25.7843704, -25.7837772, -25.7829285, -25.7836723, -25.784029, -25.7838497, -25.784008, -25.7846165, -25.782299
1550.7999999999893, -24.7495937, -24.7500038, -24.750494, -24.7499714, -24.7508278, -24.7505226, -24.7504501, -24.749855, -24.7494564, -24.7502193
1550.8999999999892, -25.5376034, -25.5372257, -25.5377655, -25.5395737, -25.5389843, -25.5399303, -25.5420971, -25.5410442, -25.5421009, -25.5412216
1550.999999999989, -25.0756874, -25.0749378, -25.074049, -25.0730724, -25.0724545, -25.0729008, -25.0736217, -25.0711803, -25.0720196, -25.0711346
1551.099999999989, -25.3545723, -25.3530159, -25.3508835, -25.3494835, -25.3485584, -25.3468609, -25.3464012, -25.3447189, -25.3441963, -25.3436317
1551.199999999989, -25.3302765, -25.3227234, -25.3164368, -25.3135891, -25.3115063, -25.3092728, -25.3060436, -25.3042202, -25.3031807, -25.3030014
1551.2999999999888, -25.9677238, -25.9824638, -25.9965725, -26.0085506, -26.0157223, -26.0196571, -26.0243855, -26.0246124, -26.0257034, -26.0259457
1551.3999999999887, -24.6567879, -24.6571312, -24.6570339, -24.6563683, -24.6563625, -24.6571369, -24.6573296, -24.6562138, -24.6557503, -24.6574249
1551.4999999999886, -26.014864, -26.0142803, -26.0137672, -26.0146027, -26.0144062, -26.0135536, -26.0137844, -26.0144691, -26.0135403, -26.013443
1551.5999999999885, -24.6843166, -24.6844044, -24.6833267, -24.6835003, -24.6831188, -24.6827316, -24.6824036, -24.6828499, -24.6828022, -24.6832657
1551.6999999999884, -26.2796822, -26.2823353, -26.282196, -26.2817822, -26.2804737, -26.2793427, -26.2814541, -26.2809467, -26.28125, -26.2812614
1551.7999999999884, -24.9454823, -24.9464493, -24.9454288, -24.9457397, -24.9447327, -24.944191, -24.9442329, -24.9417896, -24.9424114, -24.9422741
1551.8999999999883, -25.9457417, -25.9457722, -25.9454536, -25.944891, -25.9441147, -25.945364, -25.9464912, -25.9448452, -25.9451427, -25.9462795
1551.9999999999882, -25.2248802, -25.2254047, -25.226387, -25.2290955, -25.2328606, -25.2331486, -25.2329903, -25.2327213, -25.2333221, -25.232296
1552.099999999988, -26.2774105, -26.2898808, -26.2959824, -26.3062115, -26.3108368, -26.3142662, -26.3158188, -26.3168831, -26.3176956, -26.3176613
1552.199999999988, -24.9740467, -24.9759884, -24.9773407, -24.9789639, -24.9820957, -24.9828835, -24.9825706, -24.9823494, -24.9829769, -24.9829426
1552.299999999988, -26.1688786, -26.169157, -26.1699772, -26.1708069, -26.1713448, -26.170269, -26.1690292, -26.1703243, -26.17029, -26.1700497
1552.3999999999878, -25.0029049, -25.0022793, -25.0014534, -25.0018082, -25.0007591, -24.9998817, -25.0025291, -25.0031605, -25.00354, -25.0033951
1552.4999999999877, -26.302927, -26.3055477, -26.3039169, -26.3054123, -26.3064709, -26.3057938, -26.3063641, -26.3053703, -26.3051186, -26.3070259
1552.5999999999876, -25.1358585, -25.1354618, -25.1354122, -25.1352558, -25.1347961, -25.1341095, -25.1358128, -25.135046, -25.134594, -25.1343288
1552.6999999999875, -26.3628464, -26.3622875, -26.364151, -26.3647518, -26.3641491, -26.3656044, -26.3643379, -26.3637428, -26.3633671, -26.3650093
1552.7999999999874, -24.9645157, -24.9639454, -24.9632149, -24.9629211, -24.9632339, -24.9640045, -24.964119, -24.9645081, -24.9638996, -24.9625587
1552.8999999999874, -26.4400101, -26.4392338, -26.4386806, -26.4394112, -26.4384346, -26.4381943, -26.4378796, -26.4379215, -26.4375629, -26.4368935
1552.9999999999873, -25.0943089, -25.0981483, -25.1055794, -25.1194515, -25.1248398, -25.1284561, -25.1338387, -25.137558, -25.1397476, -25.141655
1553.0999999999872, -26.2844391, -26.2821064, -26.2795525, -26.2788944, -26.2784214, -26.2756062, -26.2748051, -26.2750702, -26.2756329, -26.2766533
1553.199999999987, -25.4610462, -25.4607716, -25.4611473, -25.4601612, -25.4595432, -25.4586353, -25.4584179, -25.4597721, -25.459938, -25.458395
1553.299999999987, -25.9180832, -25.9181747, -25.9186764, -25.9188671, -25.9199524, -25.9193554, -25.9173584, -25.9178715, -25.9181385, -25.9163246
1553.399999999987, -25.5055752, -25.5064316, -25.5063324, -25.5058346, -25.5052567, -25.5045395, -25.5044346, -25.503336, -25.5024433, -25.5017757
1553.4999999999868, -26.3580971, -26.3577614, -26.3589478, -26.3594151, -26.3590641, -26.3605499, -26.3584976, -26.3591518, -26.359869, -26.3582458
1553.5999999999867, -25.1847153, -25.1838379, -25.183918, -25.1837215, -25.1845341, -25.1846504, -25.1845989, -25.1867409, -25.1869545, -25.1880398
1553.6999999999866, -26.3261261, -26.3250141, -26.3276711, -26.3311729, -26.3277473, -26.3297596, -26.3283749, -26.3296394, -26.3302364, -26.3304482
1553.7999999999865, -25.0015221, -25.0053406, -25.0065594, -25.0068455, -25.0085354, -25.0101585, -25.0101128, -25.0105133, -25.0098438, -25.008379
1553.8999999999864, -26.1725216, -26.1497097, -26.1327152, -26.0921497, -26.0662098, -26.0464649, -26.0360394, -26.0287628, -26.023241, -26.0204659
1553.9999999999864, -25.9917908, -25.9924393, -25.9928226, -25.9943085, -25.9937325, -25.9942513, -25.9931545, -25.9941559, -25.994606, -25.9953136
1554.0999999999863, -25.6257935, -25.625042, -25.625473, -25.6226845, -25.6242657, -25.6267986, -25.6232109, -25.6233749, -25.6259155, -25.627079
1554.1999999999862, -25.9996758, -26.0010777, -25.9977818, -25.9990139, -25.9948921, -25.9951668, -25.997385, -25.9969711, -25.9958096, -25.9939556
1554.299999999986, -25.4693336, -25.4719219, -25.473856, -25.4744263, -25.476265, -25.4765549, -25.4756508, -25.4754028, -25.4804306, -25.4791145
1554.399999999986, -25.876049, -25.8750954, -25.8763199, -25.8766403, -25.8770943, -25.8765068, -25.8764706, -25.8765087, -25.8761463, -25.8777657
1554.499999999986, -26.1569729, -26.1597214, -26.1598949, -26.1610432, -26.1624432, -26.1580658, -26.1561928, -26.1574783, -26.1553478, -26.1589222
1554.5999999999858, -25.3484898, -25.3467102, -25.3461208, -25.344944, -25.3443012, -25.343298, -25.3425827, -25.3413143, -25.3418007, -25.3424911
1554.6999999999857, -25.8589554, -25.849062, -25.8381615, -25.825552, -25.8186855, -25.8138428, -25.8112965, -25.8079319, -25.8061123, -25.8077812
1554.7999999999856, -26.072319, -26.0875378, -26.1037045, -26.1171131, -26.1283169, -26.1360378, -26.1441345, -26.1490726, -26.1509571, -26.1537666
1554.8999999999855, -25.2111588, -25.2070675, -25.2068062, -25.2053738, -25.2036228, -25.2024136, -25.2019215, -25.2020988, -25.2047882, -25.2043781
1554.9999999999854, -26.4910374, -26.4909878, -26.4915504, -26.4914551, -26.491169, -26.4927807, -26.4914455, -26.4912071, -26.4916973, -26.4912567
1555.0999999999854, -25.0204868, -25.0210247, -25.0204754, -25.0196667, -25.0220127, -25.0207577, -25.0200195, -25.019804, -25.0206852, -25.0223541
1555.1999999999853, -26.3651829, -26.3652954, -26.3661919, -26.3668327, -26.3653908, -26.3654957, -26.3667488, -26.3647919, -26.3650532, -26.363905
1555.2999999999852, -25.2863064, -25.2859669, -25.2867928, -25.2874584, -25.2885933, -25.287262, -25.2859592, -25.2850456, -25.2845039, -25.2877617
1555.399999999985, -26.1935482, -26.1922741, -26.1900196, -26.1900826, -26.1916103, -26.190794, -26.1899109, -26.1900482, -26.1895256, -26.1899281
1555.499999999985, -25.6545544, -25.657629, -25.6589203, -25.6621552, -25.6604156, -25.6596069, -25.6602325, -25.6603222, -25.6625423, -25.660717
1555.599999999985, -26.0400772, -26.0533161, -26.0712738, -26.0891418, -26.1006374, -26.1095848, -26.1164303, -26.1220036, -26.1254959, -26.1278057
1555.6999999999848, -25.0137157, -25.0005875, -24.992733, -24.9848537, -24.9761791, -24.9721279, -24.9715538, -24.9700813, -24.9726315, -24.9704437
1555.7999999999847, -26.6276207, -26.6278782, -26.6294689, -26.6297798, -26.6286011, -26.6285706, -26.6287994, -26.6288147, -26.6278114, -26.6293812
1555.8999999999846, -25.2148914, -25.2127037, -25.2122326, -25.2118263, -25.2127113, -25.2128372, -25.2125702, -25.2109089, -25.2120247, -25.2111568
1555.9999999999845, -26.5556488, -26.5552444, -26.5564537, -26.5587006, -26.556488, -26.5575714, -26.5568466, -26.5577087, -26.5577297, -26.5573101
1556.0999999999844, -25.0685024, -25.0675697, -25.0659332, -25.0667973, -25.0661011, -25.0674572, -25.0656509, -25.0659161, -25.0654659, -25.0661831
1556.1999999999844, -26.6916676, -26.6933098, -26.6928463, -26.6939011, -26.6942368, -26.6934204, -26.6929951, -26.692728, -26.6929836, -26.6927414
1556.2999999999843, -25.4162102, -25.4183407, -25.4199886, -25.4217129, -25.4189415, -25.4210148, -25.4213524, -25.4212551, -25.4197598, -25.4233685
1556.3999999999842, -26.6514015, -26.6506767, -26.6505985, -26.6498165, -26.6511745, -26.6510487, -26.6504745, -26.6503754, -26.6502609, -26.6510944
1556.499999999984, -25.1420193, -25.1375942, -25.1338234, -25.132391, -25.1315441, -25.135067, -25.135479, -25.1349773, -25.1352425, -25.1360359
1556.599999999984, -26.6107349, -26.6074104, -26.6011467, -26.5926437, -26.5857544, -26.5746632, -26.5740452, -26.5681267, -26.5677986, -26.5660954
1556.699999999984, -25.7319183, -25.7323074, -25.7335644, -25.7355385, -25.736372, -25.73596, -25.7353954, -25.7356396, -25.735672, -25.7345943
1556.7999999999838, -26.7878036, -26.786396, -26.7849522, -26.7864189, -26.7892799, -26.7861671, -26.7875271, -26.7871666, -26.7870922, -26.7859974
1556.8999999999837, -25.7822437, -25.7819843, -25.7824764, -25.7829342, -25.783308, -25.7824039, -25.7831821, -25.7834072, -25.7839088, -25.7851448
1556.9999999999836, -26.5544758, -26.5548534, -26.5530014, -26.5533371, -26.5517731, -26.5531883, -26.5547886, -26.5540276, -26.5592899, -26.5565338
1557.0999999999835, -25.6271095, -25.6249962, -25.6258621, -25.6258984, -25.6250267, -25.625536, -25.6257572, -25.6266289, -25.6288338, -25.626318
1557.1999999999834, -27.2028389, -27.2046394, -27.2045345, -27.2043953, -27.2034645, -27.2039509, -27.2046356, -27.2050343, -27.2028694, -27.2027874
1557.2999999999834, -25.6488934, -25.6491318, -25.6516647, -25.6543369, -25.6565971, -25.6560459, -25.6559925, -25.6548824, -25.6576042, -25.6584778
1557.3999999999833, -26.7446957, -26.7272511, -26.7016487, -26.666132, -26.6428337, -26.6241989, -26.6095142, -26.5932674, -26.5798168, -26.5725002
1557.4999999999832, -26.4104252, -26.4153442, -26.4193115, -26.4231567, -26.4275532, -26.4300308, -26.4324551, -26.43503, -26.4364338, -26.4379654
1557.599999999983, -26.3370266, -26.3349323, -26.3336945, -26.3388767, -26.3359604, -26.3372097, -26.3344269, -26.3357735, -26.3353996, -26.3349323
1557.699999999983, -26.938261, -26.9374771, -26.9362907, -26.9360161, -26.9360085, -26.9358521, -26.9359226, -26.9358692, -26.9346504, -26.9344769
1557.799999999983, -26.4515781, -26.45331, -26.4566383, -26.4563999, -26.4589901, -26.4575939, -26.4568844, -26.4584846, -26.457552, -26.4572029
1557.8999999999828, -26.6622181, -26.6608601, -26.6606445, -26.6603241, -26.65942, -26.6608238, -26.661684, -26.6611729, -26.6595211, -26.6597919
1557.9999999999827, -26.7199154, -26.7213879, -26.722847, -26.7213726, -26.7254925, -26.7215614, -26.7218323, -26.7215347, -26.7222939, -26.7233467
1558.0999999999826, -26.4810047, -26.4788227, -26.4764137, -26.4737759, -26.4737396, -26.4712791, -26.4711037, -26.4697514, -26.4697132, -26.4702911
1558.1999999999825, -27.1137714, -27.1112347, -27.1047935, -27.0992985, -27.0922623, -27.086668, -27.0848236, -27.0853615, -27.0845394, -27.083107
1558.2999999999824, -26.9403534, -26.9636517, -26.9958725, -27.0388374, -27.0641632, -27.0945415, -27.1108303, -27.122261, -27.1301765, -27.132616
1558.3999999999824, -25.9993839, -25.9945793, -25.9928799, -25.991991, -25.9919529, -25.9950657, -25.9915237, -25.9919662, -25.9910088, -25.9901123
1558.4999999999823, -27.5338192, -27.5343895, -27.5337601, -27.5345116, -27.5354023, -27.5350666, -27.5338936, -27.5356369, -27.5351791, -27.5349178
1558.5999999999822, -26.2017937, -26.2025204, -26.2021637, -26.2012901, -26.2033043, -26.2034607, -26.2031517, -26.2026348, -26.2022629, -26.2027283
1558.699999999982, -27.7259979, -27.7258663, -27.726326, -27.7258205, -27.7258053, -27.7265625, -27.7264576, -27.7258854, -27.7267685, -27.726244
1558.799999999982, -26.061657, -26.0603027, -26.0598736, -26.0611267, -26.059103, -26.0602379, -26.0601006, -26.0585117, -26.0602188, -26.0616856
1558.899999999982, -27.4176121, -27.4166317, -27.4164066, -27.4165802, -27.4165993, -27.4157391, -27.4158878, -27.4167118, -27.4164085, -27.4163399
1558.9999999999818, -26.6485252, -26.6525345, -26.6558743, -26.6575661, -26.6592617, -26.6605377, -26.6615505, -26.6639843, -26.6651707, -26.6637821
1559.0999999999817, -27.4744949, -27.4835243, -27.5064926, -27.5248337, -27.5394802, -27.5541306, -27.5678959, -27.5740757, -27.5812798, -27.584631
1559.1999999999816, -26.1132488, -26.1073666, -26.0990086, -26.0915394, -26.0884266, -26.088192, -26.0882034, -26.0886059, -26.087862, -26.0887108
1559.2999999999815, -27.5809994, -27.5805511, -27.5810757, -27.5801392, -27.5797939, -27.579422, -27.5793324, -27.578373, -27.5788002, -27.5788956
1559.3999999999814, -26.2284813, -26.2290306, -26.2286644, -26.2287731, -26.2276745, -26.2279797, -26.2286034, -26.2295685, -26.2305012, -26.2300949
1559.4999999999814, -27.9412422, -27.940876, -27.9426842, -27.9424801, -27.9434357, -27.9432049, -27.9434223, -27.9432564, -27.9433289, -27.9433804
1559.5999999999813, -26.404211, -26.4039097, -26.4032612, -26.4020519, -26.4005032, -26.4006252, -26.4025078, -26.4032822, -26.4017544, -26.4017963
1559.6999999999812, -27.6072826, -27.6082363, -27.607336, -27.6076698, -27.6076393, -27.6073246, -27.6077652, -27.607769, -27.6084042, -27.6072483
1559.799999999981, -26.1215439, -26.1212063, -26.1196575, -26.1181164, -26.1172733, -26.1188488, -26.1186028, -26.1188431, -26.1187229, -26.1181545
1559.899999999981, -27.9589062, -27.9593067, -27.9574718, -27.9576168, -27.9557686, -27.9571724, -27.9592304, -27.9591808, -27.960701, -27.9610443
1559.999999999981, -26.3374348, -26.3374634, -26.3403912, -26.345274, -26.350153, -26.3520794, -26.3547821, -26.3571205, -26.3587322, -26.3642101
1560.0999999999808, -27.7178135, -27.7084103, -27.694128, -27.6792393, -27.6726265, -27.6671085, -27.6609192, -27.6562328, -27.6513977, -27.6483288
1560.1999999999807, -26.7198105, -26.722126, -26.7242298, -26.7254009, -26.7281303, -26.7302589, -26.7301292, -26.7297459, -26.7336788, -26.73423
1560.2999999999806, -27.1746655, -27.1758823, -27.1772747, -27.179615, -27.180851, -27.1815624, -27.1826, -27.1839981, -27.1820087, -27.1828384
1560.3999999999805, -27.1620178, -27.1627007, -27.162817, -27.1627254, -27.163271, -27.1641293, -27.1633797, -27.1625233, -27.1628819, -27.1632614
1560.4999999999804, -27.4252148, -27.4264584, -27.4282303, -27.4306297, -27.4294796, -27.427206, -27.4267864, -27.4276676, -27.4280815, -27.4275665
1560.5999999999804, -26.8226604, -26.8203659, -26.8202152, -26.8196735, -26.8188934, -26.8193054, -26.8188477, -26.8180122, -26.8187695, -26.8207207
1560.6999999999803, -27.4329758, -27.4350739, -27.4357147, -27.4367199, -27.4366264, -27.4362564, -27.436657, -27.4370632, -27.4363899, -27.4362488
1560.7999999999802, -26.6927338, -26.6941814, -26.6961098, -26.6960735, -26.69837, -26.6994038, -26.7004433, -26.7004566, -26.69911, -26.6977882
1560.89999999998, -27.5879879, -27.5861664, -27.5681267, -27.5336475, -27.5057735, -27.4707394, -27.4397526, -27.4172668, -27.4058743, -27.4004192
1560.99999999998, -27.6028252, -27.6266003, -27.6527843, -27.6726074, -27.688261, -27.6966057, -27.7042522, -27.7083893, -27.7113419, -27.7146549
1561.09999999998, -26.5846901, -26.5814285, -26.5803299, -26.5797024, -26.5779381, -26.5755672, -26.5767784, -26.5767918, -26.5767632, -26.5760632
1561.1999999999798, -27.7568245, -27.756216, -27.7557907, -27.7559013, -27.7549591, -27.7555103, -27.7535954, -27.7556667, -27.7558727, -27.7553253
1561.2999999999797, -26.5108757, -26.5111656, -26.5104198, -26.5083427, -26.5074196, -26.5062542, -26.5066338, -26.5076218, -26.5067787, -26.5061474
1561.3999999999796, -28.0197582, -28.0197716, -28.0188408, -28.0188885, -28.0187416, -28.0181026, -28.0182056, -28.0188942, -28.0183582, -28.0202103
1561.4999999999795, -26.7860737, -26.7880116, -26.7864666, -26.7871952, -26.7866783, -26.786974, -26.7866497, -26.7860355, -26.787077, -26.7864418
1561.5999999999794, -27.4843292, -27.4836349, -27.4838791, -27.4838428, -27.4835701, -27.4829388, -27.48283, -27.4834232, -27.4823875, -27.4820595
1561.6999999999794, -27.0358143, -27.0320911, -27.0311394, -27.0329266, -27.0318336, -27.033371, -27.0329704, -27.0316105, -27.0281467, -27.026495
1561.7999999999793, -28.0243645, -28.0243855, -28.0335159, -28.0485554, -28.0703678, -28.0993996, -28.123661, -28.1374359, -28.1490135, -28.1586571
1561.8999999999792, -26.6104431, -26.6043701, -26.597374, -26.5895119, -26.5861988, -26.5829754, -26.5783348, -26.5761337, -26.5742378, -26.5732098
1561.999999999979, -28.1742496, -28.1765575, -28.1764908, -28.177145, -28.1765156, -28.1767502, -28.174017, -28.1765919, -28.1757336, -28.176939
1562.099999999979, -26.4318256, -26.4311314, -26.4295731, -26.4300251, -26.4294128, -26.4299545, -26.4290543, -26.4283733, -26.4289856, -26.4289036
1562.199999999979, -28.3265362, -28.3254642, -28.325943, -28.3253994, -28.3249836, -28.3256779, -28.3253727, -28.3259315, -28.325943, -28.3263283
1562.2999999999788, -26.6452885, -26.6461716, -26.6468811, -26.6467686, -26.6451378, -26.644558, -26.6434689, -26.6436768, -26.6446552, -26.6447601
1562.3999999999787, -28.3797569, -28.3803272, -28.3803291, -28.3806572, -28.3803596, -28.3788757, -28.3793335, -28.3792896, -28.376339, -28.3785763
1562.4999999999786, -26.5280628, -26.5285664, -26.5287743, -26.5290718, -26.5290527, -26.528923, -26.5294704, -26.5280418, -26.5278797, -26.525753
1562.5999999999785, -28.4838886, -28.4833412, -28.4835911, -28.4813881, -28.4797401, -28.4773216, -28.4757557, -28.4758244, -28.4767437, -28.4762917
1562.6999999999784, -26.8646069, -26.8724651, -26.8850555, -26.9039688, -26.9242249, -26.9405899, -26.9528618, -26.9660683, -26.9769402, -26.9868069
1562.7999999999784, -28.3971157, -28.3909016, -28.3841743, -28.3770332, -28.3718395, -28.3678207, -28.3666401, -28.3648396, -28.36269, -28.3621292
1562.8999999999783, -27.3546906, -27.3548031, -27.3550949, -27.3561344, -27.3544044, -27.3542099, -27.3541183, -27.3540745, -27.3529015, -27.3535137
1562.9999999999782, -27.9108829, -27.9106884, -27.9100952, -27.9101009, -27.9093533, -27.9102516, -27.9095936, -27.9106083, -27.9106522, -27.9101849
1563.099999999978, -27.755209, -27.756321, -27.7541771, -27.7530766, -27.7534943, -27.7526569, -27.7518711, -27.7504463, -27.7499523, -27.749752
1563.199999999978, -28.2396088, -28.2402325, -28.2413864, -28.2437668, -28.242815, -28.2454472, -28.2471256, -28.2460957, -28.2447243, -28.2439232
1563.299999999978, -27.6411572, -27.6397114, -27.6393871, -27.6416531, -27.6416359, -27.6395531, -27.6394768, -27.6383057, -27.6382332, -27.6378593
1563.3999999999778, -28.2841244, -28.2838154, -28.2861443, -28.2875023, -28.2878971, -28.28965, -28.2897453, -28.2890663, -28.289959, -28.2887211
1563.4999999999777, -27.6950588, -27.7023602, -27.7084637, -27.7148628, -27.7206402, -27.7289944, -27.7355404, -27.742487, -27.7475376, -27.7496281
1563.5999999999776, -28.1714687, -28.1496124, -28.1067123, -28.0700188, -28.0451832, -28.0231819, -28.0020084, -27.9859524, -27.9719505, -27.9615364
1563.6999999999775, -28.6271439, -28.632988, -28.6376266, -28.64048, -28.6505566, -28.6553249, -28.6577072, -28.658823, -28.6581268, -28.6598835
1563.7999999999774, -27.781105, -27.7782097, -27.7759991, -27.7774048, -27.7780609, -27.7797127, -27.778492, -27.7784405, -27.7760868, -27.77495
1563.8999999999774, -28.6621304, -28.6624222, -28.6606083, -28.6612492, -28.661768, -28.663332, -28.6642113, -28.6654434, -28.6623611, -28.6621113
1563.9999999999773, -27.4845085, -27.4851723, -27.4844894, -27.4856052, -27.4857941, -27.4864616, -27.4877815, -27.4873161, -27.4862289, -27.4870625
1564.0999999999772, -29.0274868, -29.0305996, -29.0312271, -29.030405, -29.0314541, -29.029562, -29.0321789, -29.0313835, -29.0309868, -29.0311718
1564.199999999977, -27.9825535, -27.9811897, -27.9800529, -27.980299, -27.9810791, -27.978651, -27.9777641, -27.9766827, -27.9755878, -27.9759235
1564.299999999977, -28.9513111, -28.9500637, -28.9515209, -28.9509068, -28.9488907, -28.9516811, -28.9529037, -28.9530373, -28.9529953, -28.9527206
1564.399999999977, -27.679945, -27.6723309, -27.6651802, -27.6529789, -27.6452599, -27.6388741, -27.6336746, -27.6289883, -27.6272259, -27.6265831
1564.4999999999768, -29.3021145, -29.2988777, -29.2977238, -29.3026371, -29.3031807, -29.3027611, -29.3043385, -29.3050938, -29.3035011, -29.3042717
1564.5999999999767, -27.5798759, -27.5800686, -27.5803719, -27.581007, -27.5823174, -27.5830555, -27.5825539, -27.5828304, -27.5835629, -27.5825367
1564.6999999999766, -29.5214977, -29.521244, -29.5217552, -29.5212479, -29.5222435, -29.5209904, -29.5222244, -29.5220661, -29.5226593, -29.5215473
1564.7999999999765, -27.7233315, -27.7237091, -27.722662, -27.7224674, -27.7220402, -27.7218246, -27.7196503, -27.7194347, -27.7208328, -27.7200832
1564.8999999999764, -29.188282, -29.1891708, -29.1904182, -29.1903229, -29.1929665, -29.1916962, -29.1912403, -29.1895161, -29.1921482, -29.1915512
1564.9999999999764, -27.7835159, -27.7833595, -27.782505, -27.7810402, -27.781498, -27.7811394, -27.7815247, -27.7811508, -27.7813263, -27.7803097
1565.0999999999763, -29.5941772, -29.5944004, -29.5970058, -29.5984497, -29.5982456, -29.5989017, -29.5992413, -29.6018085, -29.6020603, -29.601778
1565.1999999999762, -27.940546, -27.9417515, -27.942049, -27.9418602, -27.9392395, -27.9395294, -27.9400826, -27.9402542, -27.9395599, -27.940567
1565.299999999976, -29.3361607, -29.3351707, -29.3342724, -29.3335342, -29.3300133, -29.3281651, -29.3246861, -29.3194942, -29.3181744, -29.3150539
1565.399999999976, -28.1031151, -28.1338062, -28.1665344, -28.1942368, -28.2149658, -28.2252903, -28.2404861, -28.2478409, -28.2538357, -28.2558594
1565.499999999976, -29.066618, -29.0557022, -29.0571079, -29.0528698, -29.0503044, -29.0463696, -29.0442905, -29.0428905, -29.0408611, -29.0447235
1565.5999999999758, -28.7379379, -28.7401161, -28.7397976, -28.739109, -28.7392311, -28.7385292, -28.7390995, -28.7400417, -28.7396069, -28.7384949
1565.6999999999757, -28.8878613, -28.886982, -28.8868923, -28.8870182, -28.8883476, -28.8868961, -28.8889065, -28.8893433, -28.8895206, -28.8890247
1565.7999999999756, -28.7639351, -28.7633553, -28.762886, -28.7615032, -28.7606926, -28.7613049, -28.760149, -28.7604523, -28.7605, -28.7586746
1565.8999999999755, -28.7688923, -28.7707005, -28.7707005, -28.7681313, -28.7739983, -28.7763157, -28.776783, -28.7763042, -28.7731762, -28.7742615
1565.9999999999754, -28.8788815, -28.8782101, -28.8803253, -28.8835163, -28.8812828, -28.8807907, -28.8798409, -28.879982, -28.8794498, -28.8776684
1566.0999999999754, -29.0679836, -29.0680199, -29.0681267, -29.0676441, -29.0675316, -29.0657578, -29.064188, -29.065918, -29.0625725, -29.0637741
1566.1999999999753, -28.849102, -28.8420162, -28.8464375, -28.8556442, -28.8647289, -28.8732052, -28.8807774, -28.8844719, -28.8925304, -28.8972282
1566.2999999999752, -28.3498993, -28.3207035, -28.2935753, -28.2671394, -28.2467251, -28.2286434, -28.2191448, -28.2080765, -28.2041302, -28.2018452
1566.399999999975, -29.6103363, -29.6126881, -29.6153603, -29.6191921, -29.6179218, -29.6206455, -29.6219559, -29.6234589, -29.6249809, -29.6232643
1566.499999999975, -28.0294628, -28.029583, -28.0277271, -28.0288315, -28.0290241, -28.028801, -28.0294399, -28.0305614, -28.0320034, -28.0329628
1566.599999999975, -29.6391258, -29.6378975, -29.6384583, -29.6382904, -29.6374512, -29.6369362, -29.6376343, -29.6362152, -29.6368999, -29.6352139
1566.6999999999748, -27.8765373, -27.8770676, -27.8773727, -27.8748779, -27.8772507, -27.8754597, -27.8789539, -27.8778858, -27.8776741, -27.8771152
1566.7999999999747, -29.7485733, -29.7477493, -29.7485123, -29.7500229, -29.747654, -29.7438602, -29.7475624, -29.7478848, -29.7460899, -29.7462673
1566.8999999999746, -27.9891758, -27.9912491, -27.9907627, -27.9912357, -27.991415, -27.9902725, -27.9907608, -27.9918022, -27.9921875, -27.9927769
1566.9999999999745, -29.7235203, -29.7233124, -29.7245865, -29.7247505, -29.7270393, -29.728138, -29.7286587, -29.7286015, -29.7287121, -29.7286015
1567.0999999999744, -28.0118408, -28.0101204, -28.0051842, -28.0014286, -27.9998894, -27.9964085, -27.9973698, -27.9956322, -27.9963474, -27.9958649
1567.1999999999744, -29.5799828, -29.575428, -29.5675259, -29.5631523, -29.5519295, -29.5492115, -29.5475712, -29.5456848, -29.5424061, -29.5439434
1567.2999999999743, -28.1944275, -28.1977482, -28.2032967, -28.208086, -28.2071247, -28.2127914, -28.2155781, -28.2173061, -28.2168903, -28.2175121
1567.3999999999742, -29.5620728, -29.5611916, -29.5610256, -29.5622425, -29.5595684, -29.5595093, -29.5613823, -29.560791, -29.5620003, -29.5593758
1567.499999999974, -28.4071655, -28.4074841, -28.4078922, -28.4077263, -28.4083424, -28.4076805, -28.4072647, -28.4079075, -28.4069557, -28.406332
1567.599999999974, -29.392067, -29.3930035, -29.3953152, -29.3942795, -29.3978863, -29.397871, -29.3982372, -29.3976402, -29.3964367, -29.3959866
1567.699999999974, -28.4488869, -28.4497337, -28.4488087, -28.4481735, -28.4462795, -28.4432659, -28.4411163, -28.440836, -28.4412403, -28.4425678
1567.7999999999738, -29.5609837, -29.5612965, -29.5674019, -29.5653496, -29.5662804, -29.5668526, -29.5691872, -29.568903, -29.5668488, -29.5721684
1567.8999999999737, -28.4770775, -28.4804802, -28.483263, -28.4839439, -28.485218, -28.4854126, -28.4864902, -28.4871902, -28.4887791, -28.4905758
1567.9999999999736, -29.6378155, -29.636076, -29.6250992, -29.6166706, -29.6055965, -29.5961552, -29.5897408, -29.5842514, -29.577486, -29.5749397
1568.0999999999735, -29.0104866, -29.0173283, -29.0266876, -29.0329456, -29.0433006, -29.0488338, -29.0522041, -29.0550766, -29.0568542, -29.0562572
1568.1999999999734, -28.6939621, -28.6950607, -28.6999073, -28.702486, -28.7028084, -28.7047367, -28.7007065, -28.7044392, -28.7070236, -28.7057056
1568.2999999999734, -29.6407356, -29.6388512, -29.639658, -29.6405296, -29.6395741, -29.6405392, -29.6414433, -29.6435699, -29.6428928, -29.6406021
1568.3999999999733, -28.8443794, -28.8446712, -28.8422451, -28.8436241, -28.8433533, -28.8421497, -28.8444405, -28.8447647, -28.8452091, -28.8458023
1568.4999999999732, -29.84688, -29.8475208, -29.8468342, -29.8493614, -29.8492069, -29.8500538, -29.8498936, -29.8489666, -29.84935, -29.8486118
1568.599999999973, -28.5091496, -28.5106792, -28.5095215, -28.5135593, -28.5142918, -28.5152359, -28.5162506, -28.5145397, -28.5157681, -28.5169182
1568.699999999973, -29.9707794, -29.9680672, -29.9687672, -29.968256, -29.9688187, -29.9693184, -29.9689331, -29.9688492, -29.970356, -29.9682255
1568.799999999973, -28.8098774, -28.8105812, -28.8136959, -28.818449, -28.8234406, -28.8266811, -28.832056, -28.8361893, -28.8362751, -28.8407631
1568.8999999999728, -30.1844463, -30.186573, -30.1918068, -30.2001743, -30.2085018, -30.2151794, -30.2177143, -30.2209015, -30.222702, -30.2231998
1568.9999999999727, -28.6289577, -28.6307297, -28.6296787, -28.6264153, -28.6239223, -28.6257248, -28.6263199, -28.6249313, -28.6252098, -28.6273956
1569.0999999999726, -30.216095, -30.2164822, -30.2163868, -30.2149067, -30.2142277, -30.2127609, -30.2128429, -30.2135162, -30.2113781, -30.2118206
1569.1999999999725, -28.6385803, -28.6395073, -28.6375694, -28.636652, -28.6358891, -28.6338615, -28.6359406, -28.6361275, -28.6366196, -28.6374798
1569.2999999999724, -30.491785, -30.4932575, -30.491972, -30.4926319, -30.4927158, -30.4925404, -30.4930573, -30.4935703, -30.4931221, -30.4942989
1569.3999999999724, -28.9722576, -28.9715157, -28.9733391, -28.9726658, -28.9714565, -28.9711437, -28.9715805, -28.9738941, -28.9744396, -28.9728737
1569.4999999999723, -30.4575977, -30.4576626, -30.4568672, -30.4587193, -30.458559, -30.4576035, -30.4590759, -30.4588585, -30.4595146, -30.4590282
1569.5999999999722, -28.9899101, -28.9872036, -28.9847298, -28.984993, -28.9829292, -28.9843731, -28.9850788, -28.9851265, -28.984478, -28.9816608
1569.699999999972, -30.7075825, -30.7103424, -30.7097206, -30.7085953, -30.7090359, -30.7125511, -30.711832, -30.7136269, -30.7118378, -30.713726
1569.799999999972, -29.2603798, -29.2581463, -29.2590218, -29.261301, -29.2617893, -29.2638321, -29.265131, -29.2671642, -29.2698421, -29.2705994
1569.899999999972, -30.4350929, -30.4226913, -30.4161739, -30.4141769, -30.4050465, -30.4057522, -30.4043865, -30.4050064, -30.4041767, -30.3983231
1569.9999999999718, -29.8287506, -29.8286247, -29.8285561, -29.8288136, -29.8286514, -29.8302364, -29.8314323, -29.8329239, -29.832653, -29.8329105
1570.0999999999717, -30.0079479, -30.0090828, -30.0102673, -30.0106411, -30.0108376, -30.0131454, -30.0136585, -30.0147877, -30.016449, -30.0164223
1570.1999999999716, -30.3183537, -30.3169632, -30.3157463, -30.3162823, -30.3170872, -30.3169975, -30.3187027, -30.3188534, -30.3189278, -30.3186932
1570.2999999999715, -30.0847073, -30.0846729, -30.0878468, -30.0887623, -30.089592, -30.0916462, -30.0885181, -30.0907059, -30.0906124, -30.0912418
1570.3999999999714, -30.5043297, -30.5064678, -30.5067749, -30.5073547, -30.506649, -30.5058689, -30.5067024, -30.5066433, -30.5053883, -30.5060463
1570.4999999999714, -29.8146267, -29.8143196, -29.8149033, -29.8139648, -29.812252, -29.8158417, -29.815712, -29.8153496, -29.8159866, -29.8157501
1570.5999999999713, -30.7400208, -30.7381897, -30.7374249, -30.7357082, -30.7360649, -30.7344627, -30.7342205, -30.7337189, -30.734251, -30.7331696
1570.6999999999712, -29.7833881, -29.7734261, -29.7646484, -29.7557411, -29.7472992, -29.7445354, -29.7392139, -29.7356396, -29.7326412, -29.7330723
1570.799999999971, -31.1160831, -31.1214008, -31.1246338, -31.1269302, -31.1295319, -31.1324749, -31.13307, -31.1321697, -31.1348152, -31.1349163
1570.899999999971, -29.466795, -29.4668102, -29.4664516, -29.4663868, -29.4625187, -29.466259, -29.4675694, -29.4681282, -29.467432, -29.4675293
1570.999999999971, -31.1546936, -31.1550064, -31.1568127, -31.1572838, -31.155302, -31.1557407, -31.1573811, -31.157547, -31.1571636, -31.1568222
