wavelength_nm ,power_reading_0_dbm ,power_reading_1_dbm ,power_reading_2_dbm ,power_reading_3_dbm ,power_reading_4_dbm ,power_reading_5_dbm ,power_reading_6_dbm ,power_reading_7_dbm ,power_reading_8_dbm ,power_reading_9_dbm 
1539.0, -17.0621185, -17.058424, -17.0603676, -17.0583572, -17.0583286, -17.060379, -17.0630817, -17.0655365, -17.0681553, -17.0733757
1539.1, -18.073143, -18.0698643, -18.0707798, -18.0730915, -18.0741749, -18.0738087, -18.0731964, -18.0747681, -18.0706291, -18.0697689
1539.1999999999998, -16.6333256, -16.6322136, -16.6342354, -16.63344, -16.6333923, -16.6314793, -16.6325302, -16.6331272, -16.6313801, -16.6342545
1539.2999999999997, -17.9656181, -17.9658623, -17.9660625, -17.964695, -17.964344, -17.9655113, -17.9652767, -17.9657555, -17.9649029, -17.9649792
1539.3999999999996, -16.760376, -16.7609444, -16.7632751, -16.7621956, -16.7613411, -16.7601128, -16.7604237, -16.7599468, -16.7605267, -16.7608814
1539.4999999999995, -18.138958, -18.1383858, -18.1385689, -18.1357307, -18.1326771, -18.1370373, -18.1375237, -18.1384983, -18.1381016, -18.1374054
1539.5999999999995, -16.9455032, -16.945816, -16.9461803, -16.9469223, -16.9465733, -16.9492302, -16.9450932, -16.9426575, -16.9446659, -16.9440174
1539.6999999999994, -17.7642651, -17.7632561, -17.7621803, -17.7639198, -17.7646351, -17.7628403, -17.7635574, -17.7640228, -17.7663708, -17.7689381
1539.7999999999993, -17.315382, -17.315258, -17.3156166, -17.3128033, -17.3106651, -17.3107491, -17.3109417, -17.3110428, -17.3086834, -17.3074589
1539.8999999999992, -17.8836193, -17.8834534, -17.8824806, -17.8792477, -17.8789616, -17.8763294, -17.8762283, -17.8759727, -17.8772812, -17.8775387
1539.999999999999, -16.7756596, -16.7735634, -16.7738571, -16.7708111, -16.7744675, -16.7763271, -16.7718811, -16.7722359, -16.7747364, -16.7748737
1540.099999999999, -18.1108265, -18.1118088, -18.1101265, -18.1108112, -18.1106777, -18.1109486, -18.1102581, -18.1096287, -18.1100864, -18.1113853
1540.199999999999, -16.7279377, -16.7271652, -16.7263336, -16.7267113, -16.7277069, -16.7264137, -16.7275085, -16.7274132, -16.7266235, -16.7269745
1540.2999999999988, -18.2398548, -18.2398052, -18.2413788, -18.2408218, -18.2392197, -18.2403698, -18.2385445, -18.2400475, -18.2401428, -18.2406979
1540.3999999999987, -16.7447968, -16.7452888, -16.7461815, -16.7454185, -16.7458515, -16.7457542, -16.7444096, -16.7437115, -16.7448769, -16.7452908
1540.4999999999986, -18.0736847, -18.0753078, -18.075098, -18.0757446, -18.0747433, -18.0732479, -18.0748768, -18.0729313, -18.0746155, -18.0774384
1540.5999999999985, -16.887558, -16.8884354, -16.8864937, -16.8877983, -16.8866253, -16.8874702, -16.8844528, -16.8875866, -16.8815556, -16.8814354
1540.6999999999985, -17.9257317, -17.9281158, -17.9252129, -17.9267521, -17.9262257, -17.9269123, -17.9259243, -17.9274445, -17.9264069, -17.92416
1540.7999999999984, -16.9742088, -16.9721184, -16.9731426, -16.9733562, -16.9678936, -16.9679279, -16.9659729, -16.9640884, -16.9648705, -16.9617596
1540.8999999999983, -18.1413002, -18.1432877, -18.1430264, -18.1432896, -18.1443195, -18.1426411, -18.1440353, -18.1446724, -18.1434135, -18.1426888
1540.9999999999982, -16.7160683, -16.7144547, -16.7156448, -16.7180061, -16.7183933, -16.7155285, -16.7147064, -16.7156315, -16.7158203, -16.7150326
1541.099999999998, -17.9137173, -17.9165039, -17.9173241, -17.9168854, -17.9167328, -17.9164429, -17.9165401, -17.9153709, -17.9160156, -17.9159164
1541.199999999998, -16.778265, -16.7767105, -16.7760334, -16.7770023, -16.7753391, -16.7746048, -16.7767696, -16.7767963, -16.7752514, -16.7794418
1541.299999999998, -18.1514664, -18.1493282, -18.1518478, -18.1525784, -18.1520405, -18.1509686, -18.15275, -18.1521416, -18.152792, -18.151947
1541.3999999999978, -16.6190567, -16.6220417, -16.6202145, -16.6197681, -16.6203575, -16.6173553, -16.6176224, -16.6190109, -16.6163559, -16.6172676
1541.4999999999977, -17.7358761, -17.735754, -17.7362251, -17.7353382, -17.7366505, -17.7348633, -17.7359028, -17.7362785, -17.7367954, -17.7391167
1541.5999999999976, -16.7806149, -16.7825108, -16.7826462, -16.783577, -16.7862892, -16.7867775, -16.785593, -16.7861652, -16.7872028, -16.7868481
1541.6999999999975, -18.0526028, -18.0546627, -18.0537243, -18.0546703, -18.0554523, -18.0534649, -18.0531178, -18.0572968, -18.0563946, -18.0576115
1541.7999999999975, -16.5597515, -16.5598297, -16.5602074, -16.5591278, -16.5609951, -16.5635986, -16.564476, -16.5605583, -16.5576534, -16.5581779
1541.8999999999974, -17.7653904, -17.7675095, -17.7675667, -17.7658195, -17.7664452, -17.7657852, -17.764782, -17.7649479, -17.7672882, -17.7677021
1541.9999999999973, -16.6215611, -16.622427, -16.6207581, -16.6200657, -16.6183872, -16.6169128, -16.6180668, -16.6195641, -16.6182671, -16.617033
1542.0999999999972, -17.8808746, -17.8815231, -17.8818035, -17.8812199, -17.8813133, -17.8812408, -17.880722, -17.8820114, -17.8813896, -17.8799992
1542.199999999997, -16.4342365, -16.4351444, -16.4337654, -16.43503, -16.4331436, -16.4331684, -16.4323807, -16.4311733, -16.4328022, -16.4356384
1542.299999999997, -17.7855015, -17.7875576, -17.788269, -17.7856236, -17.786684, -17.7858467, -17.7860527, -17.786438, -17.7859802, -17.7858143
1542.399999999997, -16.3681755, -16.367651, -16.3677311, -16.3683891, -16.3680038, -16.3712807, -16.3689709, -16.3681412, -16.3689537, -16.3684368
1542.4999999999968, -17.848774, -17.8485336, -17.8453007, -17.845459, -17.8468819, -17.8462639, -17.8469143, -17.847971, -17.8487797, -17.8482094
1542.5999999999967, -16.4237099, -16.4230347, -16.4265347, -16.4288254, -16.4319839, -16.4333458, -16.4370117, -16.4354973, -16.4376945, -16.438345
1542.6999999999966, -17.7151966, -17.7150249, -17.7169075, -17.7182369, -17.7181435, -17.7186203, -17.7205811, -17.7220364, -17.7196865, -17.7202873
1542.7999999999965, -16.7185154, -16.7163391, -16.7182636, -16.7251072, -16.7198887, -16.7180004, -16.7246857, -16.7234917, -16.7198353, -16.7191658
1542.8999999999965, -17.4032993, -17.4057255, -17.4065495, -17.4070759, -17.4071045, -17.4200306, -17.4280605, -17.416029, -17.4102535, -17.4095783
1542.9999999999964, -16.6739902, -16.6733246, -16.6733589, -16.6708279, -16.6726532, -16.6714306, -16.6706028, -16.6706295, -16.6704254, -16.6729736
1543.0999999999963, -17.8101616, -17.8100662, -17.8105755, -17.8104572, -17.8106327, -17.8117447, -17.8111076, -17.8106117, -17.8110275, -17.8102608
1543.1999999999962, -16.3165932, -16.3163319, -16.3175011, -16.3158779, -16.3157921, -16.3176517, -16.3148975, -16.3196983, -16.3163013, -16.3167133
1543.299999999996, -17.6782246, -17.6804276, -17.6792412, -17.6800747, -17.6802025, -17.6791344, -17.6792679, -17.6792545, -17.6803761, -17.6792336
1543.399999999996, -16.3676682, -16.3644924, -16.3643265, -16.3671131, -16.365551, -16.3653183, -16.3643589, -16.3660622, -16.3655128, -16.3643265
1543.499999999996, -17.8300686, -17.8216381, -17.8152771, -17.8112526, -17.8062496, -17.8036137, -17.8036003, -17.8041401, -17.804287, -17.8044205
1543.5999999999958, -16.8824997, -16.8811455, -16.8815269, -16.8815022, -16.8787422, -16.8784428, -16.8764553, -16.875061, -16.8749599, -16.8753166
1543.6999999999957, -17.2855473, -17.2863083, -17.285656, -17.2842846, -17.2856159, -17.287775, -17.2890053, -17.2887363, -17.2875767, -17.2876778
1543.7999999999956, -16.9446201, -16.9464741, -16.9490719, -16.947485, -16.949173, -16.9480782, -16.9487762, -16.9503422, -16.9488163, -16.9496517
1543.8999999999955, -16.9486847, -16.9454327, -16.9463367, -16.9441986, -16.9429359, -16.943861, -16.9411278, -16.9419003, -16.9433842, -16.9415588
1543.9999999999955, -16.9389572, -16.9386578, -16.9393158, -16.9365196, -16.9376621, -16.9391823, -16.9354115, -16.9355965, -16.9357319, -16.9364338
1544.0999999999954, -17.7810822, -17.7807198, -17.779665, -17.7796421, -17.7798996, -17.7799435, -17.7809353, -17.7798615, -17.7793694, -17.7799625
1544.1999999999953, -16.3695164, -16.3694534, -16.3666382, -16.3667088, -16.3691139, -16.3707619, -16.3706665, -16.3691082, -16.3695011, -16.3705406
1544.2999999999952, -17.8103046, -17.8046036, -17.8023624, -17.8005848, -17.800663, -17.7972965, -17.7952404, -17.7954311, -17.7949677, -17.7942982
1544.399999999995, -17.2287674, -17.2416897, -17.2433395, -17.2429504, -17.2440395, -17.2432117, -17.2437057, -17.244091, -17.2424335, -17.2449913
1544.499999999995, -17.2561207, -17.2575436, -17.2595158, -17.258007, -17.2566185, -17.2565727, -17.259264, -17.2587204, -17.2583084, -17.2597351
1544.599999999995, -17.3939495, -17.39394, -17.3929024, -17.3933544, -17.3926601, -17.3911514, -17.3919945, -17.3899822, -17.3886833, -17.3889713
1544.6999999999948, -17.1054821, -17.1057301, -17.1064014, -17.1067047, -17.1058903, -17.1068172, -17.1052227, -17.1057034, -17.1067982, -17.1074924
1544.7999999999947, -17.2716351, -17.2721767, -17.271452, -17.2716713, -17.2711773, -17.2707214, -17.2731934, -17.2718906, -17.2714195, -17.2704983
1544.8999999999946, -17.8329105, -17.8332043, -17.8321018, -17.8323803, -17.8319359, -17.8301544, -17.8317642, -17.8323441, -17.8321095, -17.8290329
1544.9999999999945, -16.7146149, -16.7098579, -16.7117672, -16.7098255, -16.7080116, -16.7077637, -16.7086887, -16.707346, -16.7120285, -16.7089443
1545.0999999999945, -17.8287106, -17.8302593, -17.8308487, -17.8315678, -17.8301659, -17.830204, -17.8303528, -17.8319683, -17.8319511, -17.8322258
1545.1999999999944, -17.0515747, -17.0757027, -17.0974731, -17.1052895, -17.1162663, -17.1261692, -17.1293831, -17.1339321, -17.1362076, -17.1376133
1545.2999999999943, -17.2527504, -17.2473888, -17.2448769, -17.2436028, -17.2446213, -17.2417679, -17.2410259, -17.2431431, -17.2408638, -17.2412624
1545.3999999999942, -17.8336716, -17.8334274, -17.8323593, -17.8310833, -17.8309822, -17.8285828, -17.831995, -17.8300419, -17.8302212, -17.8308907
1545.499999999994, -16.9993477, -16.9992123, -17.0001259, -17.0006084, -17.0013142, -17.0018215, -17.0020752, -17.0004005, -17.0044365, -17.0104923
1545.599999999994, -17.7083817, -17.7070541, -17.7065754, -17.7052765, -17.7058392, -17.7053261, -17.7042313, -17.7036285, -17.706665, -17.7064552
1545.699999999994, -17.3680229, -17.3714619, -17.3708134, -17.3696995, -17.3719864, -17.3700008, -17.3687305, -17.3692379, -17.3691559, -17.3683701
1545.7999999999938, -17.3175621, -17.3166046, -17.3179913, -17.3174572, -17.3176136, -17.318718, -17.3197403, -17.320425, -17.3211842, -17.3185158
1545.8999999999937, -17.8534775, -17.8667908, -17.9229641, -17.9305038, -17.8881168, -17.8595486, -17.8545551, -17.8535862, -17.8502922, -17.8497124
1545.9999999999936, -17.1386299, -17.1394749, -17.1383591, -17.1408901, -17.136425, -17.134222, -17.1351242, -17.1326523, -17.1348743, -17.1353874
1546.0999999999935, -17.2446232, -17.2189751, -17.201704, -17.1941624, -17.181488, -17.1736183, -17.1656895, -17.162468, -17.1563091, -17.1550179
1546.1999999999935, -18.2002602, -18.2021446, -18.2037868, -18.2033157, -18.2024422, -18.203331, -18.2046394, -18.2029057, -18.2051334, -18.204052
1546.2999999999934, -16.8384533, -16.839119, -16.8379841, -16.8365421, -16.8351917, -16.8359642, -16.8363857, -16.837162, -16.8365364, -16.8389606
1546.3999999999933, -18.0167484, -18.0192127, -18.0189266, -18.017889, -18.0174828, -18.0176888, -18.0162964, -18.0188179, -18.0183735, -18.0168438
1546.4999999999932, -16.8746967, -16.8741684, -16.8773785, -16.874342, -16.874218, -16.8741455, -16.872839, -16.8724575, -16.8739071, -16.8746719
1546.599999999993, -17.8950233, -17.8941135, -17.8956051, -17.8945465, -17.8950272, -17.8932552, -17.892889, -17.8918839, -17.8947735, -17.8972054
1546.699999999993, -17.5224972, -17.525629, -17.5255814, -17.5255394, -17.5244656, -17.5243664, -17.5245705, -17.526001, -17.5256901, -17.5244541
1546.799999999993, -17.412117, -17.411972, -17.4069748, -17.4066372, -17.4072704, -17.4074516, -17.4074841, -17.407156, -17.4081154, -17.407217
1546.8999999999928, -17.2815456, -17.2760658, -17.2743225, -17.2726326, -17.2742577, -17.2779198, -17.2726173, -17.2737846, -17.2717381, -17.2726212
1546.9999999999927, -18.0968246, -18.1029053, -18.1075993, -18.1085701, -18.1117268, -18.1125469, -18.1135788, -18.1127071, -18.1158619, -18.1136303
1547.0999999999926, -16.7418499, -16.7429047, -16.7452736, -16.7443027, -16.7427387, -16.7410107, -16.7410908, -16.7408352, -16.7430897, -16.7427082
1547.1999999999925, -18.301815, -18.2994633, -18.2989521, -18.2991886, -18.2985935, -18.2982121, -18.2994499, -18.2984886, -18.3001614, -18.2980824
1547.2999999999925, -16.6604633, -16.6579437, -16.6607819, -16.6609726, -16.6575451, -16.6701298, -16.6662121, -16.6691456, -16.6634655, -16.6636715
1547.3999999999924, -18.0613194, -18.0659199, -18.0608559, -18.0626831, -18.0624676, -18.0592575, -18.061655, -18.0626106, -18.0605755, -18.0602379
1547.4999999999923, -16.8990517, -16.8979588, -16.8970871, -16.8956394, -16.8965015, -16.9023705, -16.9046898, -16.9060535, -16.8963184, -16.8938103
1547.5999999999922, -17.8831844, -17.8846664, -17.8814907, -17.8808804, -17.8834743, -17.8811855, -17.8821716, -17.8813972, -17.8816109, -17.8829594
1547.699999999992, -17.2494125, -17.2448044, -17.2482433, -17.2478886, -17.2463799, -17.2489662, -17.2517738, -17.259943, -17.2773209, -17.261364
1547.799999999992, -17.9433651, -17.9497185, -18.0554657, -18.0537186, -18.0213261, -18.0122204, -18.0145016, -18.008709, -18.0049496, -18.0068035
1547.899999999992, -16.5791035, -16.577261, -16.5768642, -16.5934658, -16.5813732, -16.5744972, -16.5853977, -16.6015434, -16.5891342, -16.5739326
1547.9999999999918, -18.1417923, -18.1509647, -18.1497707, -18.1451836, -18.1385288, -18.1330051, -18.1319218, -18.1318417, -18.1317844, -18.1442776
1548.0999999999917, -16.7700272, -16.7791672, -16.7362881, -16.708601, -16.7056408, -16.7133694, -16.7219257, -16.7313747, -16.7679195, -16.765337
1548.1999999999916, -18.0999813, -18.1008892, -18.0999966, -18.0988846, -18.1008263, -18.1009808, -18.1111565, -18.1089306, -18.1039944, -18.1026306
1548.2999999999915, -16.5608387, -16.5637417, -16.5574684, -16.5583515, -16.5574207, -16.5619526, -16.5570698, -16.5566597, -16.5554104, -16.5553417
1548.3999999999915, -18.055294, -18.0516834, -18.0529861, -18.0533314, -18.0528259, -18.0531788, -18.0534935, -18.054842, -18.0528336, -18.0534286
1548.4999999999914, -16.9288921, -16.930645, -16.9302788, -16.9290466, -16.9293442, -16.9261246, -16.9281902, -16.9308224, -16.9287243, -16.9244232
1548.5999999999913, -18.0352688, -18.034893, -18.0333595, -18.0301514, -18.0296535, -18.0269299, -18.0268002, -18.0277939, -18.0293751, -18.0301476
1548.6999999999912, -16.57728, -16.5785255, -16.5805473, -16.5797672, -16.5737, -16.5698051, -16.5735893, -16.5710297, -16.5742569, -16.5760708
1548.799999999991, -17.865078, -17.8623714, -17.8617973, -17.8619862, -17.8680134, -17.8638878, -17.8644886, -17.8670998, -17.8647995, -17.8645344
1548.899999999991, -16.8855572, -16.8874989, -16.8885117, -16.8904781, -16.89324, -16.897316, -16.8914967, -16.8907681, -16.8936329, -16.8933926
1548.999999999991, -17.9732094, -17.9717617, -17.9733791, -17.9762135, -17.9766998, -17.9738064, -17.9733105, -17.9750977, -17.9729919, -17.973484
1549.0999999999908, -16.7513409, -16.7491112, -16.7454796, -16.7441578, -16.7438564, -16.7449608, -16.7457066, -16.746933, -16.746973, -16.7448978
1549.1999999999907, -17.9898796, -17.9879227, -17.9872303, -17.9871674, -17.9878883, -17.9926929, -17.9906387, -17.9886875, -17.9907036, -17.9876003
1549.2999999999906, -16.5452366, -16.5494366, -16.5454407, -16.5436001, -16.5432968, -16.5493946, -16.5524082, -16.5478764, -16.547596, -16.544239
1549.3999999999905, -18.3077278, -18.3073826, -18.3051395, -18.3042336, -18.3029118, -18.3033066, -18.3051491, -18.3046532, -18.3031654, -18.3049717
1549.4999999999905, -16.6106472, -16.6093597, -16.6095314, -16.6075306, -16.6092281, -16.6084042, -16.6092701, -16.6096745, -16.6116505, -16.6093063
1549.5999999999904, -17.9844475, -17.9744663, -17.9654331, -17.9501438, -17.9418659, -17.9334545, -17.9276924, -17.92239, -17.9243546, -17.9239902
1549.6999999999903, -17.1525726, -17.1515732, -17.1552086, -17.1472816, -17.1513805, -17.1468658, -17.1488323, -17.1497154, -17.1551991, -17.1489315
1549.7999999999902, -17.4980583, -17.4969215, -17.5007286, -17.5018158, -17.5039005, -17.5047226, -17.5031509, -17.4992466, -17.5000095, -17.5020866
1549.89999999999, -17.5361938, -17.5381451, -17.5389481, -17.5408344, -17.5391655, -17.5374203, -17.5372944, -17.5376453, -17.5366325, -17.5378265
1549.99999999999, -17.8169594, -17.8169041, -17.8166046, -17.817337, -17.8186436, -17.8158283, -17.8219795, -17.8218479, -17.8220711, -17.8158855
1550.09999999999, -17.0373211, -17.0431366, -17.0458069, -17.0484695, -17.0363235, -17.0398998, -17.0383625, -17.0355225, -17.035347, -17.0357685
1550.1999999999898, -18.1288395, -18.1307049, -18.1332855, -18.1323509, -18.1312923, -18.1292095, -18.1295033, -18.1305237, -18.1298714, -18.1279831
1550.2999999999897, -16.9358025, -16.9327183, -16.926815, -16.9253864, -16.9279289, -16.933239, -16.9335957, -16.9321442, -16.930624, -16.9268951
1550.3999999999896, -18.3235855, -18.3156815, -18.3088856, -18.3031788, -18.3026924, -18.297245, -18.293972, -18.2950153, -18.2923622, -18.2939091
1550.4999999999895, -17.3647041, -17.3793907, -17.3977966, -17.4180317, -17.4292412, -17.4422398, -17.4488754, -17.4587002, -17.46171, -17.4684525
1550.5999999999894, -17.3820286, -17.388443, -17.386898, -17.3854256, -17.3888645, -17.3909817, -17.3948765, -17.3950729, -17.3932018, -17.39464
1550.6999999999894, -17.9750748, -17.9816284, -17.9832268, -17.9774666, -17.9764881, -17.9763813, -17.9739361, -17.9734325, -17.9759541, -17.9737282
1550.7999999999893, -17.4843121, -17.4892483, -17.4846516, -17.4846745, -17.483633, -17.4836292, -17.4854946, -17.4869041, -17.4877663, -17.4922066
1550.8999999999892, -17.9025478, -17.8968105, -17.8966293, -17.8970776, -17.8987446, -17.8958187, -17.8966885, -17.8909435, -17.894289, -17.8933468
1550.999999999989, -17.9248047, -17.9265633, -17.9305, -17.9262524, -17.9239597, -17.9282703, -17.9266605, -17.9255238, -17.9265175, -17.9249649
1551.099999999989, -17.4373684, -17.4369526, -17.4374676, -17.4380074, -17.4330158, -17.4364147, -17.4393425, -17.4409161, -17.4394054, -17.4388809
1551.199999999989, -18.4037704, -18.4051723, -18.4061356, -18.4072628, -18.4099712, -18.4127979, -18.4127522, -18.4128933, -18.4150925, -18.4170685
1551.2999999999888, -17.7304211, -17.7753429, -17.8212509, -17.8636055, -17.896616, -17.924427, -17.9431973, -17.9545555, -17.968605, -17.9686337
1551.3999999999887, -17.5547562, -17.5387344, -17.5288506, -17.519249, -17.5126324, -17.5055218, -17.5038929, -17.504076, -17.5083427, -17.5038834
1551.4999999999886, -18.4241467, -18.4200363, -18.417717, -18.4183502, -18.4236317, -18.4240208, -18.4230785, -18.4183197, -18.4182816, -18.420536
1551.5999999999885, -17.1565437, -17.1552334, -17.155653, -17.1549454, -17.1577568, -17.1579971, -17.1597519, -17.1575127, -17.1593513, -17.1599731
1551.6999999999884, -18.7640572, -18.7658825, -18.7672806, -18.7637558, -18.7610722, -18.7621384, -18.7620678, -18.7615299, -18.7613029, -18.7612629
1551.7999999999884, -17.6008587, -17.6018181, -17.6036186, -17.6040039, -17.6001186, -17.6014957, -17.6012039, -17.6026134, -17.6041393, -17.601305
1551.8999999999883, -18.1809387, -18.1818066, -18.1866875, -18.1940994, -18.1818733, -18.181057, -18.1848793, -18.1864243, -18.182663, -18.1857586
1551.9999999999882, -17.997488, -17.9990177, -17.9994907, -18.0050812, -18.0067234, -18.0044632, -18.0035896, -18.0010281, -18.0026245, -18.0037842
1552.099999999988, -18.2529049, -18.2527466, -18.2532597, -18.2543507, -18.2526016, -18.2537155, -18.2529488, -18.2497005, -18.2500668, -18.2514153
1552.199999999988, -17.8422604, -17.8172092, -17.7715397, -17.7255669, -17.6920433, -17.66889, -17.6508713, -17.6362724, -17.6270199, -17.6243515
1552.299999999988, -18.756897, -18.7611561, -18.7644691, -18.7651119, -18.7701588, -18.7712479, -18.7691021, -18.7665672, -18.7648144, -18.7665901
1552.3999999999878, -17.2868595, -17.287241, -17.2845783, -17.2877846, -17.28615, -17.2848701, -17.2851067, -17.2849579, -17.2863865, -17.2896385
1552.4999999999877, -18.8245773, -18.8226604, -18.825222, -18.824791, -18.8276634, -18.8253269, -18.8251133, -18.8250427, -18.8243656, -18.8250084
1552.5999999999876, -17.3547821, -17.3550606, -17.3575096, -17.3608742, -17.3561802, -17.3562908, -17.3557243, -17.3563976, -17.3558731, -17.3553467
1552.6999999999875, -18.8720188, -18.8737183, -18.8726044, -18.8724575, -18.8769646, -18.876688, -18.8746948, -18.8757896, -18.877224, -18.8748379
1552.7999999999874, -17.5693016, -17.5713844, -17.5756073, -17.5728664, -17.5717392, -17.5732155, -17.5730343, -17.5721989, -17.5703697, -17.5737247
1552.8999999999874, -18.5652447, -18.5626068, -18.5588284, -18.5615253, -18.5622902, -18.5604935, -18.558979, -18.5592575, -18.5563049, -18.5553493
1552.9999999999873, -17.5837994, -17.5750198, -17.5656147, -17.5580807, -17.5493088, -17.5451279, -17.541769, -17.5317097, -17.5322018, -17.5290279
1553.0999999999872, -19.0003223, -19.0048504, -19.0025501, -19.0046158, -19.0086746, -19.0085106, -19.0103512, -19.0113926, -19.0084152, -19.0077648
1553.199999999987, -17.3292294, -17.3274593, -17.3324318, -17.3343315, -17.3335381, -17.3306427, -17.3310127, -17.3302498, -17.3298664, -17.3266964
1553.299999999987, -18.6999531, -18.6973534, -18.6981411, -18.7010059, -18.7030258, -18.7080784, -18.7027683, -18.7037048, -18.7007256, -18.7008858
1553.399999999987, -17.3796577, -17.3806515, -17.3790836, -17.3757896, -17.3755188, -17.3767281, -17.3790951, -17.3787975, -17.3733673, -17.3735161
1553.4999999999868, -18.8348885, -18.8378162, -18.8335018, -18.8327694, -18.836277, -18.8417225, -18.8365536, -18.8329029, -18.8330708, -18.8352318
1553.5999999999867, -17.3050499, -17.3053703, -17.3071251, -17.3082943, -17.3124676, -17.313591, -17.3092861, -17.3083019, -17.3116913, -17.3134518
1553.6999999999866, -18.751091, -18.7470646, -18.7482605, -18.7493706, -18.7492409, -18.7491722, -18.7537136, -18.7550545, -18.7549629, -18.7514191
1553.7999999999865, -17.2030392, -17.2038803, -17.2051029, -17.2024708, -17.2005005, -17.2031574, -17.2049942, -17.2096252, -17.2085075, -17.2075424
1553.8999999999864, -18.7586575, -18.7526436, -18.7522945, -18.75313, -18.7472744, -18.7418518, -18.7374344, -18.7375584, -18.7315044, -18.7260246
1553.9999999999864, -17.5142555, -17.5298634, -17.5451107, -17.5622559, -17.5705204, -17.5729828, -17.5760479, -17.57654, -17.5799999, -17.5781498
1554.0999999999863, -18.5195065, -18.5197201, -18.5218544, -18.5253601, -18.5261459, -18.5285435, -18.5332966, -18.5302982, -18.52771, -18.5290012
1554.1999999999862, -17.7594013, -17.7558727, -17.7540207, -17.7672234, -17.7610798, -17.7577267, -17.7557316, -17.7514343, -17.7510185, -17.7535
1554.299999999986, -18.1465645, -18.1454372, -18.1456928, -18.144598, -18.1478233, -18.1458225, -18.1456585, -18.1476402, -18.1479053, -18.1477032
1554.399999999986, -17.7139072, -17.7131824, -17.7127132, -17.708252, -17.7094574, -17.7178802, -17.7295361, -17.7218723, -17.7166653, -17.7153473
1554.499999999986, -18.7745972, -18.7758503, -18.7772236, -18.7778378, -18.7751675, -18.7725048, -18.7738056, -18.776104, -18.7741299, -18.7733746
1554.5999999999858, -17.2529831, -17.2532692, -17.2558708, -17.2532558, -17.2589493, -17.2661667, -17.2572613, -17.2549076, -17.2528782, -17.25354
1554.6999999999857, -18.5940228, -18.5970745, -18.5986195, -18.5934906, -18.5911541, -18.5903778, -18.5968895, -18.5978413, -18.5946808, -18.5908031
1554.7999999999856, -17.3818111, -17.3951054, -17.4197178, -17.4477463, -17.4840183, -17.5185356, -17.5452137, -17.5718422, -17.5979271, -17.6198883
1554.8999999999855, -18.0212517, -18.0035934, -17.989212, -17.9815693, -17.979496, -17.9766579, -17.9729652, -17.9674797, -17.9660511, -17.9674778
1554.9999999999854, -18.4281578, -18.4253044, -18.4262829, -18.4215813, -18.4201527, -18.4188232, -18.4181919, -18.4192352, -18.418108, -18.4164181
1555.0999999999854, -17.7372818, -17.7361031, -17.7362213, -17.7378693, -17.7393265, -17.7391109, -17.7372227, -17.7373314, -17.7374382, -17.7379742
1555.1999999999853, -18.3839169, -18.3851662, -18.3837509, -18.3862019, -18.3874226, -18.3894806, -18.3839264, -18.3884487, -18.4011784, -18.3919277
1555.2999999999852, -17.731184, -17.7344246, -17.7321892, -17.7341881, -17.7339001, -17.737072, -17.7346878, -17.7367897, -17.7301235, -17.7305489
1555.399999999985, -18.1279831, -18.1279335, -18.124506, -18.1277027, -18.1286201, -18.1284237, -18.1274548, -18.1266479, -18.125885, -18.1285591
1555.499999999985, -18.4747143, -18.4811306, -18.482132, -18.4817066, -18.4824314, -18.4814358, -18.4866982, -18.4791927, -18.4772835, -18.477478
1555.599999999985, -17.7441978, -17.7402515, -17.7401485, -17.7382698, -17.7368431, -17.7455025, -17.7425537, -17.7406139, -17.7486877, -17.7436275
1555.6999999999848, -17.9785233, -17.9519749, -17.9000797, -17.8600845, -17.8234863, -17.7919464, -17.7571964, -17.7209892, -17.6959591, -17.682621
1555.7999999999847, -18.7040768, -18.7058334, -18.7076473, -18.7129707, -18.7194443, -18.7216034, -18.7259502, -18.7240086, -18.7246761, -18.7249184
1555.8999999999846, -17.5356445, -17.5325241, -17.5188103, -17.5267162, -17.5276852, -17.5192509, -17.5270214, -17.5226364, -17.5230751, -17.5220795
1555.9999999999845, -18.9009151, -18.8989449, -18.8977051, -18.8969002, -18.9044991, -18.8983898, -18.9038467, -18.9061756, -18.9006062, -18.8963661
1556.0999999999844, -17.3922062, -17.3879623, -17.3874588, -17.394146, -17.3958759, -17.3908596, -17.3912945, -17.3896141, -17.3871899, -17.3873997
1556.1999999999844, -18.8082352, -18.8080883, -18.8078251, -18.8072605, -18.8080101, -18.8085136, -18.8120975, -18.8150177, -18.8076229, -18.8089771
1556.2999999999843, -17.8534069, -17.8526192, -17.8543568, -17.8556938, -17.8538017, -17.8609543, -17.8588333, -17.8531284, -17.8543053, -17.8499031
1556.3999999999842, -18.5786724, -18.5765915, -18.5783215, -18.577755, -18.5790539, -18.5787773, -18.5855141, -18.5807152, -18.5761967, -18.5744953
1556.499999999984, -17.9324074, -17.9188957, -17.9077415, -17.8947544, -17.8911686, -17.8937569, -17.8859711, -17.881218, -17.8771458, -17.8773289
1556.599999999984, -18.8948631, -18.9094219, -18.9171696, -18.9257374, -18.930933, -18.934618, -18.9358997, -18.9402122, -18.9461212, -18.9492359
1556.699999999984, -17.4519138, -17.4510689, -17.4572792, -17.4568825, -17.4584351, -17.457962, -17.4568119, -17.4540863, -17.4555073, -17.4567013
1556.7999999999838, -19.3000221, -19.3022881, -19.308836, -19.3070221, -19.3089409, -19.3049183, -19.3054276, -19.3055611, -19.3051262, -19.3059177
1556.8999999999837, -17.58354, -17.5830803, -17.5807667, -17.5823994, -17.5930939, -17.5873089, -17.5792637, -17.5786133, -17.5858192, -17.5847893
1556.9999999999836, -19.0136986, -19.0153828, -19.0145073, -19.0138874, -19.0180035, -19.0130291, -19.0104427, -19.010067, -19.0102234, -19.0120182
1557.0999999999835, -17.5080528, -17.515007, -17.5179653, -17.5163002, -17.5201454, -17.5136147, -17.5143318, -17.5120811, -17.5096397, -17.511528
1557.1999999999834, -19.4215355, -19.4192753, -19.4211216, -19.4198704, -19.4194183, -19.4212379, -19.4214668, -19.4260197, -19.4227753, -19.4248466
1557.2999999999834, -17.7513905, -17.7569427, -17.7596474, -17.7540989, -17.7535648, -17.7537556, -17.752161, -17.751564, -17.7569008, -17.7528076
1557.3999999999833, -19.1844616, -19.1837444, -19.1892242, -19.1893215, -19.1897125, -19.1900501, -19.190815, -19.1959496, -19.1985683, -19.192358
1557.4999999999832, -17.8910103, -17.9043121, -17.9249172, -17.938652, -17.9522896, -17.9641209, -17.9700775, -17.9774151, -17.9883099, -17.9869862
1557.599999999983, -18.8832264, -18.881609, -18.8807926, -18.8821831, -18.8810158, -18.882246, -18.8865433, -18.8876877, -18.8841763, -18.8830719
1557.699999999983, -18.468092, -18.4594574, -18.4610043, -18.4638176, -18.4624443, -18.4600182, -18.4617481, -18.4596462, -18.4640388, -18.4628124
1557.799999999983, -19.1183338, -19.1148357, -19.1137066, -19.1113262, -19.1151676, -19.1171608, -19.1219807, -19.1170864, -19.1212673, -19.1192055
1557.8999999999828, -18.3029518, -18.3051815, -18.3012085, -18.3015995, -18.3037262, -18.3135967, -18.3141346, -18.3483162, -18.3349781, -18.3286648
1557.9999999999827, -18.9983463, -18.9970131, -18.9972839, -19.0005913, -19.0022602, -19.0015621, -19.0021553, -19.0017872, -19.0065804, -19.005146
1558.0999999999826, -18.0901203, -18.0890293, -18.0882549, -18.0915928, -18.0885525, -18.0869808, -18.089674, -18.0974369, -18.0901203, -18.0901184
1558.1999999999825, -19.6338215, -19.6358814, -19.635828, -19.6349049, -19.6346741, -19.6382294, -19.6382694, -19.6361179, -19.6378574, -19.6405849
1558.2999999999824, -18.1278915, -18.131815, -18.1664753, -18.1865768, -18.2282829, -18.258604, -18.2898979, -18.3141956, -18.3251991, -18.3463497
1558.3999999999824, -18.7523994, -18.7056828, -18.6923599, -18.6662731, -18.6498184, -18.643837, -18.6382275, -18.6325989, -18.6286678, -18.6212711
1558.4999999999823, -19.0899563, -19.0990505, -19.1029968, -19.0944786, -19.0943165, -19.0951767, -19.0963497, -19.0951138, -19.092308, -19.0945187
1558.5999999999822, -18.5545979, -18.5595093, -18.559309, -18.5585823, -18.5528984, -18.5512447, -18.5526199, -18.5552807, -18.5572109, -18.5559864
1558.699999999982, -19.4753609, -19.5116253, -19.4712563, -19.4590721, -19.4561596, -19.4601746, -19.4702625, -19.4683533, -19.4565105, -19.4677296
1558.799999999982, -18.4513016, -18.4495487, -18.4519482, -18.4522991, -18.4502182, -18.4472408, -18.4493637, -18.453989, -18.4531097, -18.4556236
1558.899999999982, -19.0456524, -19.0444813, -19.0445423, -19.0465851, -19.0409966, -19.0413742, -19.0441055, -19.0534992, -19.0497894, -19.0436192
1558.9999999999818, -18.904213, -18.9024067, -18.9052105, -18.9026165, -18.9061375, -18.9069424, -18.9080353, -18.9122658, -18.913908, -18.9145966
1559.0999999999817, -18.8452435, -18.8547821, -18.8599701, -18.8578758, -18.8605766, -18.8639355, -18.8657074, -18.8670406, -18.8749561, -18.8709068
1559.1999999999816, -18.8027153, -18.797205, -18.7840328, -18.763155, -18.7343674, -18.7072086, -18.6805058, -18.6521626, -18.6358414, -18.62216
1559.2999999999815, -19.438242, -19.4422932, -19.4498043, -19.4520721, -19.456995, -19.4596672, -19.4604263, -19.464407, -19.4683228, -19.4684544
1559.3999999999814, -18.0371494, -18.0381603, -18.0364285, -18.0311031, -18.0315285, -18.0313301, -18.0359554, -18.0372887, -18.0412178, -18.0376625
1559.4999999999814, -19.7910576, -19.7872715, -19.7866497, -19.785532, -19.789423, -19.7907047, -19.7879715, -19.7918262, -19.7875748, -19.7855759
1559.5999999999813, -18.156992, -18.1533413, -18.1580963, -18.1612263, -18.1588764, -18.1549435, -18.1541958, -18.1615334, -18.1569405, -18.1553249
1559.6999999999812, -19.6735878, -19.6713428, -19.6744366, -19.6801567, -19.6721821, -19.6769333, -19.6770267, -19.6764717, -19.6776104, -19.6744022
1559.799999999981, -18.115778, -18.1132507, -18.1136303, -18.1172028, -18.1155415, -18.1150551, -18.1204967, -18.116581, -18.1117897, -18.1121712
1559.899999999981, -19.560215, -19.5591259, -19.5572052, -19.5636597, -19.5629959, -19.5588608, -19.5552216, -19.5558949, -19.5562611, -19.5607815
1559.999999999981, -18.3527298, -18.3550625, -18.3514309, -18.3513203, -18.3527164, -18.3560143, -18.352356, -18.3524094, -18.3577919, -18.353817
1560.0999999999808, -19.7741985, -19.7774677, -19.7791767, -19.7837143, -19.7875633, -19.7922897, -19.8000984, -19.8024521, -19.8089428, -19.8053226
1560.1999999999807, -18.2068024, -18.2042389, -18.2050457, -18.2108498, -18.2125072, -18.2095661, -18.2101345, -18.2124577, -18.2171497, -18.2166157
1560.2999999999806, -19.4323387, -19.4263325, -19.4280186, -19.4309807, -19.4329281, -19.4296589, -19.4312172, -19.4266453, -19.4232082, -19.4237041
1560.3999999999805, -18.3411827, -18.3437061, -18.3459129, -18.3450584, -18.3509274, -18.3445644, -18.3477917, -18.348299, -18.3490257, -18.3452682
1560.4999999999804, -19.6381149, -19.6390343, -19.6368561, -19.6386757, -19.6433868, -19.6309872, -19.6274567, -19.6283875, -19.6288948, -19.6295261
1560.5999999999804, -18.3306866, -18.3320522, -18.3343029, -18.3368778, -18.3343487, -18.3285198, -18.331461, -18.3298302, -18.329937, -18.3323269
1560.6999999999803, -19.4895153, -19.4953213, -19.4962063, -19.5006504, -19.4953308, -19.4950905, -19.4983788, -19.4962616, -19.4980679, -19.4958477
1560.7999999999802, -18.1079159, -18.1033401, -18.1067657, -18.1025677, -18.1047401, -18.1025105, -18.1007252, -18.1055393, -18.1073742, -18.1076393
1560.89999999998, -19.8099499, -19.811882, -19.8095074, -19.8025436, -19.8055363, -19.8023682, -19.7985439, -19.8018227, -19.8032608, -19.8032646
1560.99999999998, -18.5774479, -18.5966415, -18.6178627, -18.6422329, -18.6667385, -18.6935825, -18.7145405, -18.7423801, -18.7490654, -18.758028
1561.09999999998, -19.0694237, -19.067421, -19.0658607, -19.0634842, -19.0598526, -19.059864, -19.0568848, -19.0566101, -19.0565929, -19.0574684
1561.1999999999798, -19.0606213, -19.0636005, -19.0640507, -19.0679455, -19.0657558, -19.0672245, -19.0673618, -19.0657864, -19.0657959, -19.0722103
1561.2999999999797, -18.6499863, -18.651947, -18.6580067, -18.6545448, -18.6530132, -18.6494865, -18.6511765, -18.6531544, -18.6525249, -18.6518707
1561.3999999999796, -19.3852406, -19.3814926, -19.3852711, -19.3871498, -19.3844891, -19.3811226, -19.3830185, -19.3835678, -19.3876457, -19.3835812
1561.4999999999795, -18.9919987, -18.9896412, -18.9909916, -18.9869251, -18.9852085, -18.9863148, -18.9890957, -18.9883556, -18.984375, -18.9873314
1561.5999999999794, -18.8972015, -18.8949852, -18.8924408, -18.8939457, -18.9187317, -18.9338779, -18.8981247, -18.8947067, -18.8934231, -18.887722
1561.6999999999794, -19.1141968, -19.1164608, -19.122591, -19.1227512, -19.1250534, -19.1302242, -19.1319294, -19.1340828, -19.1333447, -19.1318493
1561.7999999999793, -19.0935135, -19.0910397, -19.1033592, -19.1161633, -19.1178627, -19.1250286, -19.1299706, -19.1366425, -19.1407909, -19.1451836
1561.8999999999792, -18.9307289, -18.9079685, -18.892458, -18.8764534, -18.8556595, -18.8407669, -18.8171139, -18.8049202, -18.7972107, -18.790947
1561.999999999979, -19.7007618, -19.7052021, -19.701128, -19.7014008, -19.7025681, -19.7007599, -19.7018375, -19.7018166, -19.7041855, -19.7037525
1562.099999999979, -18.3398743, -18.3436089, -18.3409004, -18.3383179, -18.3367786, -18.3383141, -18.3390102, -18.3441029, -18.3432236, -18.3374119
1562.199999999979, -19.8507614, -19.8481579, -19.8419666, -19.8453541, -19.8462658, -19.8446293, -19.8445702, -19.8453426, -19.8469887, -19.8432808
1562.2999999999788, -18.3000298, -18.2987576, -18.2968941, -18.2947617, -18.3030243, -18.2951889, -18.3019905, -18.2994251, -18.2935944, -18.2978344
1562.3999999999787, -20.0588055, -20.0592213, -20.0654144, -20.0636902, -20.0647221, -20.0617485, -20.0659046, -20.0592747, -20.0594521, -20.0623703
1562.4999999999786, -18.5336628, -18.5341854, -18.5349312, -18.535738, -18.537138, -18.5356236, -18.5352573, -18.5373268, -18.5386848, -18.5386086
1562.5999999999785, -19.872488, -19.8770771, -19.8786602, -19.8722363, -19.8728104, -19.8715553, -19.8672333, -19.8705044, -19.868618, -19.8798866
1562.6999999999784, -18.3887405, -18.3855667, -18.383976, -18.3812332, -18.3800888, -18.3812561, -18.3832188, -18.3757801, -18.3777561, -18.3729801
1562.7999999999784, -20.3113308, -20.308548, -20.3083286, -20.3074532, -20.3047085, -20.3039303, -20.3026123, -20.3032665, -20.3007679, -20.3022652
1562.8999999999783, -18.6713581, -18.6663246, -18.6719723, -18.6734791, -18.6700191, -18.6683235, -18.670536, -18.6722374, -18.6701374, -18.6685772
1562.9999999999782, -20.0440807, -20.0445461, -20.0529671, -20.043211, -20.0413551, -20.0395355, -20.0387993, -20.0402622, -20.0383453, -20.0395012
1563.099999999978, -18.8523808, -18.8559418, -18.8558559, -18.8590832, -18.852478, -18.8511448, -18.8515472, -18.8519306, -18.8620262, -18.8598824
1563.199999999978, -20.0964031, -20.0975246, -20.0850067, -20.0826626, -20.0864544, -20.0889225, -20.0856266, -20.0849667, -20.0838947, -20.0849571
1563.299999999978, -18.9847012, -18.9918671, -18.988966, -18.9823647, -18.9850731, -18.9812469, -18.9910126, -18.9843349, -18.9902916, -18.9853058
1563.3999999999778, -20.3272171, -20.3294716, -20.3281689, -20.3274918, -20.3323307, -20.334219, -20.3308964, -20.3325596, -20.327158, -20.326395
1563.4999999999777, -18.9570389, -18.9559975, -18.9532318, -18.9552708, -18.960907, -18.9533825, -18.9536476, -18.9521236, -18.9494572, -18.9505672
1563.5999999999776, -20.1584015, -20.1577129, -20.1482162, -20.1291351, -20.100069, -20.0812206, -20.0674171, -20.0582561, -20.0522289, -20.0511475
1563.6999999999775, -19.5678577, -19.5683098, -19.5774384, -19.5854263, -19.5893612, -19.5926476, -19.5960255, -19.6010036, -19.6034355, -19.6103935
1563.7999999999774, -19.9947262, -19.9901142, -19.9873619, -19.9859314, -19.9827423, -19.9826031, -19.9876766, -19.9839954, -19.9809761, -19.9819546
1563.8999999999774, -19.96455, -19.9603558, -19.9564037, -19.9582767, -19.9599934, -19.9591656, -19.9668293, -19.9620552, -19.9593334, -19.9593334
1563.9999999999773, -19.5514202, -19.5522156, -19.5494862, -19.5474281, -19.5505657, -19.5461941, -19.5426006, -19.5431633, -19.5431633, -19.5411625
1564.0999999999772, -20.1318626, -20.134697, -20.1374454, -20.1471329, -20.1348839, -20.1346302, -20.1294823, -20.1301842, -20.1357536, -20.1340752
1564.199999999977, -19.8670864, -19.8659935, -19.8696651, -19.867691, -19.8619385, -19.8631058, -19.8662815, -19.8674469, -19.8689556, -19.8636265
1564.299999999977, -20.1856136, -20.1911793, -20.1904526, -20.181818, -20.1870556, -20.1891785, -20.1922092, -20.1881447, -20.1867008, -20.1946735
1564.399999999977, -19.8053608, -19.8063049, -19.8044624, -19.8056946, -19.8047276, -19.8061409, -19.8128815, -19.8096352, -19.8091068, -19.8074379
1564.4999999999768, -20.4058418, -20.4115067, -20.4265385, -20.4308453, -20.4425392, -20.447237, -20.4504642, -20.4565582, -20.4633121, -20.4656601
1564.5999999999767, -19.2552719, -19.249012, -19.2488174, -19.2370682, -19.2326527, -19.2268581, -19.21908, -19.2151299, -19.213438, -19.2117805
1564.6999999999766, -20.9544106, -20.9563808, -20.9578247, -20.9537315, -20.9569302, -20.9513016, -20.9512196, -20.9557381, -20.9559402, -20.9587994
1564.7999999999765, -19.2728329, -19.273468, -19.2698708, -19.2693405, -19.2733688, -19.2745705, -19.2744064, -19.2723751, -19.2695007, -19.2689247
1564.8999999999764, -20.7143879, -20.7130222, -20.7130222, -20.7171879, -20.7161522, -20.719429, -20.7167358, -20.7237186, -20.7142944, -20.7144146
1564.9999999999764, -19.1012859, -19.100359, -19.1050644, -19.1016197, -19.0967121, -19.0973263, -19.0957165, -19.1034985, -19.1032333, -19.1025829
1565.0999999999763, -21.0610657, -21.0649872, -21.0601025, -21.0566521, -21.0592155, -21.062582, -21.059248, -21.0633259, -21.0632782, -21.0620193
1565.1999999999762, -19.4168167, -19.41572, -19.4171581, -19.4164848, -19.4221115, -19.4218769, -19.4231339, -19.4254951, -19.41889, -19.4159946
1565.299999999976, -20.790741, -20.7873745, -20.7940254, -20.792448, -20.7936802, -20.7966213, -20.7895985, -20.7896614, -20.7913322, -20.7904892
1565.399999999976, -19.2344456, -19.2328091, -19.2302303, -19.23592, -19.2490025, -19.2549191, -19.2607841, -19.2661762, -19.2724895, -19.2744236
1565.499999999976, -20.8123436, -20.8083229, -20.8020744, -20.7924728, -20.7908726, -20.7921925, -20.7934647, -20.7919617, -20.7905617, -20.7849197
1565.5999999999758, -19.6173306, -19.6153564, -19.6155148, -19.6186466, -19.6239967, -19.6309795, -19.62076, -19.6265106, -19.6257591, -19.6237106
1565.6999999999757, -20.7607479, -20.7642498, -20.7668495, -20.7674046, -20.7691097, -20.7668438, -20.7666607, -20.7657185, -20.7680035, -20.7656727
1565.7999999999756, -19.6753674, -19.6696053, -19.6707573, -19.6673908, -19.6651764, -19.6705875, -19.6737862, -19.6668224, -19.6688671, -19.6645222
1565.8999999999755, -20.3729553, -20.3751564, -20.3765182, -20.3756485, -20.3786335, -20.3819828, -20.377779, -20.3770561, -20.3750839, -20.3720264
1565.9999999999754, -19.7992115, -19.8017178, -19.8088932, -19.8083878, -19.8048592, -19.8069057, -19.8083019, -19.8059826, -19.8092442, -19.8146019
1566.0999999999754, -20.8476448, -20.8526688, -20.8518715, -20.8521595, -20.8525982, -20.849493, -20.8544273, -20.852993, -20.8625393, -20.8573875
1566.1999999999753, -19.7748051, -19.7759476, -19.7729206, -19.7708626, -19.7749748, -19.775404, -19.7811527, -19.7822151, -19.7752666, -19.7773323
1566.2999999999752, -20.1903286, -20.1949711, -20.1867008, -20.1728172, -20.1681919, -20.1571712, -20.1460247, -20.1432724, -20.1380234, -20.1270885
1566.399999999975, -20.4423962, -20.4500923, -20.4524765, -20.463089, -20.4675903, -20.476326, -20.4715309, -20.4759903, -20.4758377, -20.4830208
1566.499999999975, -19.7974033, -19.79492, -19.7920227, -19.7891922, -19.7854557, -19.7865067, -19.7914276, -19.7861252, -19.7864704, -19.7867126
1566.599999999975, -20.7300911, -20.7283516, -20.7359028, -20.736414, -20.7258339, -20.730938, -20.7332191, -20.7277985, -20.7285995, -20.7355309
1566.6999999999748, -19.7087784, -19.7108841, -19.7076397, -19.7091331, -19.7059364, -19.7034473, -19.7034626, -19.7054806, -19.704958, -19.7065201
1566.7999999999747, -20.6706448, -20.6670513, -20.6748829, -20.6666737, -20.6723595, -20.6759338, -20.6821308, -20.6750603, -20.6680279, -20.6660423
1566.8999999999746, -19.4529819, -19.4574165, -19.4606342, -19.4624176, -19.463007, -19.459547, -19.4620934, -19.4614353, -19.4608955, -19.4621353
1566.9999999999745, -20.8539581, -20.8538589, -20.8530769, -20.8490715, -20.8530884, -20.8522091, -20.8457298, -20.8475437, -20.8494511, -20.8524704
1567.0999999999744, -19.7887154, -19.7889824, -19.787962, -19.7841702, -19.7829876, -19.7849922, -19.783823, -19.785656, -19.7814217, -19.7833004
1567.1999999999744, -20.8621922, -20.8640728, -20.8717136, -20.880064, -20.8861732, -20.881012, -20.8873577, -20.8957367, -20.9006672, -20.8931026
1567.2999999999743, -19.214735, -19.212347, -19.211937, -19.2090721, -19.2111435, -19.214222, -19.2138424, -19.218895, -19.212698, -19.2175751
1567.3999999999742, -20.9847145, -20.9814243, -20.9752235, -20.977335, -20.9803848, -20.9854298, -20.9807835, -20.9864254, -20.9782791, -20.9762192
1567.499999999974, -19.3849773, -19.3847771, -19.3920956, -19.3953915, -19.3892174, -19.3918762, -19.3866043, -19.388134, -19.3955193, -19.3927135
1567.599999999974, -21.0722065, -21.0790424, -21.0711842, -21.0639877, -21.0740223, -21.0783405, -21.0796909, -21.0729046, -21.0755615, -21.0717716
1567.699999999974, -19.4657307, -19.4614353, -19.4596062, -19.4595203, -19.4604454, -19.4590893, -19.4594555, -19.4639435, -19.4679451, -19.4633579
1567.7999999999738, -20.900713, -20.9068489, -20.9115028, -20.9099636, -20.9065418, -20.915659, -20.9105778, -20.9066925, -20.906847, -20.9105625
1567.8999999999737, -19.4573326, -19.4566727, -19.4607105, -19.4576168, -19.4564171, -19.460268, -19.4586182, -19.4598885, -19.4636993, -19.4670353
1567.9999999999736, -21.2047749, -21.2063828, -21.206459, -21.197691, -21.1917801, -21.1966019, -21.1985111, -21.1975861, -21.1919403, -21.1959686
1568.0999999999735, -19.7926903, -19.8036613, -19.8090439, -19.8374615, -19.8458958, -19.8614483, -19.8644447, -19.8708591, -19.8758678, -19.8768177
1568.1999999999734, -20.5086155, -20.4958439, -20.4949226, -20.4929905, -20.4889526, -20.4889889, -20.4952965, -20.4889793, -20.4901886, -20.4843273
1568.2999999999734, -20.323431, -20.321703, -20.3232422, -20.3231983, -20.325901, -20.3283577, -20.3255615, -20.3265743, -20.3253078, -20.3269405
1568.3999999999733, -20.575119, -20.5781288, -20.5803642, -20.5812588, -20.5778217, -20.5794621, -20.5776463, -20.5740604, -20.5762596, -20.5769825
1568.4999999999732, -20.6250572, -20.6317005, -20.6256218, -20.6253395, -20.6333389, -20.6285725, -20.6217651, -20.6373043, -20.6310654, -20.6236591
1568.599999999973, -20.3532448, -20.354002, -20.3507729, -20.3506908, -20.3583965, -20.3547745, -20.358429, -20.3583393, -20.354929, -20.3571911
1568.699999999973, -20.7935963, -20.7895985, -20.7955208, -20.7948341, -20.7918072, -20.7974777, -20.7957516, -20.7925072, -20.7962856, -20.7959766
1568.799999999973, -20.4041595, -20.4091282, -20.4096069, -20.4150543, -20.4146786, -20.4125156, -20.4125347, -20.4157562, -20.4132252, -20.4124146
1568.8999999999728, -20.9680157, -20.9805698, -20.9866219, -20.9923801, -21.0022621, -21.0068607, -21.0094814, -21.0150566, -21.0157776, -21.0237617
1568.9999999999727, -20.2460651, -20.2366161, -20.2313824, -20.2201633, -20.2173347, -20.2155781, -20.2061214, -20.2035446, -20.202261, -20.2044792
1569.0999999999726, -21.3145428, -21.3108292, -21.3222675, -21.3181496, -21.3168793, -21.3132439, -21.313858, -21.318676, -21.3250217, -21.3204231
1569.1999999999725, -19.7952156, -19.7930832, -19.7910709, -19.7964001, -19.7971821, -19.7944374, -19.7926846, -19.798315, -19.7944946, -19.7919922
1569.2999999999724, -21.6983624, -21.6973286, -21.6970062, -21.703516, -21.7031498, -21.7084045, -21.6984253, -21.6973019, -21.6980209, -21.7005901
1569.3999999999724, -20.0783119, -20.0773849, -20.0899754, -20.0870705, -20.0801296, -20.0854397, -20.0892086, -20.0872173, -20.0811272, -20.0779266
1569.4999999999723, -21.7544861, -21.7538757, -21.7535439, -21.7537136, -21.7589531, -21.7575779, -21.7609501, -21.7533588, -21.7597713, -21.7527657
1569.5999999999722, -20.0006351, -20.0020103, -20.0001087, -20.0014725, -20.007, -20.0078659, -20.0043907, -20.0161781, -20.0106964, -20.0139561
1569.699999999972, -21.8897076, -21.8913612, -21.8943329, -21.8947926, -21.8900375, -21.8910179, -21.8936825, -21.8952866, -21.8929749, -21.8950348
1569.799999999972, -20.1353874, -20.1368828, -20.1404037, -20.1360283, -20.1360588, -20.1374321, -20.1389141, -20.1437111, -20.1431427, -20.1365948
1569.899999999972, -21.9718781, -21.9711304, -21.9662991, -21.9642677, -21.962122, -21.9597073, -21.9594326, -21.9557552, -21.955761, -21.9578838
1569.9999999999718, -20.5439186, -20.5486679, -20.5536594, -20.5493603, -20.5481873, -20.5487995, -20.5477257, -20.5505352, -20.5522861, -20.5528641
1570.0999999999717, -21.435997, -21.4355698, -21.4374428, -21.4356079, -21.4347324, -21.4370365, -21.4351559, -21.435091, -21.431591, -21.436636
1570.1999999999716, -20.8700714, -20.8669262, -20.8674316, -20.8751431, -20.8715878, -20.8659496, -20.8647938, -20.8676281, -20.8710957, -20.8696117
1570.2999999999715, -21.7337894, -21.7361088, -21.7342129, -21.7336273, -21.7336159, -21.7328873, -21.7355423, -21.7343445, -21.7375736, -21.7375927
1570.3999999999714, -21.2148018, -21.2183037, -21.2106342, -21.2049828, -21.2022934, -21.2079582, -21.2159786, -21.2086086, -21.205698, -21.2049198
1570.4999999999714, -21.3984699, -21.4015865, -21.3978558, -21.4043598, -21.3976631, -21.4006996, -21.402195, -21.4073048, -21.406496, -21.4016285
1570.5999999999713, -21.3193913, -21.3117371, -21.3070641, -21.3091583, -21.3083782, -21.3090477, -21.3191566, -21.3143959, -21.3143024, -21.3142529
1570.6999999999712, -21.3789043, -21.3707676, -21.3660164, -21.3553371, -21.3506413, -21.3461075, -21.3432503, -21.3412952, -21.33885, -21.3376274
1570.799999999971, -21.764101, -21.7742863, -21.7815762, -21.7896309, -21.7928696, -21.7973595, -21.8029881, -21.802103, -21.8024864, -21.8184566
1570.899999999971, -21.0671463, -21.0613213, -21.0610104, -21.0546341, -21.0538635, -21.050209, -21.0552654, -21.0571213, -21.0527287, -21.0546112
1570.999999999971, -21.955061, -21.9544659, -21.9577255, -21.9604473, -21.9714317, -21.960947, -21.955328, -21.9587002, -21.9559841, -21.9563007
