wavelength_nm ,power_reading_0_dbm ,power_reading_1_dbm ,power_reading_2_dbm ,power_reading_3_dbm ,power_reading_4_dbm ,power_reading_5_dbm ,power_reading_6_dbm ,power_reading_7_dbm ,power_reading_8_dbm ,power_reading_9_dbm 
1550.0, -18.999382, -18.9867725, -18.9912434, -18.9876633, -18.9891796, -18.9876842, -18.9899044, -18.9879398, -18.9904823, -18.9899845
1550.02, -19.1095562, -19.1102543, -19.1124935, -19.1117592, -19.1101437, -19.1079044, -19.1094646, -19.1080399, -19.1081276, -19.1069336
1550.04, -19.0126286, -19.0099812, -19.0109959, -19.0098763, -19.0082607, -19.011364, -19.0114613, -19.0129147, -19.0124149, -19.0123997
1550.06, -18.7269001, -18.7240944, -18.7230759, -18.7244892, -18.7236328, -18.7231026, -18.7252522, -18.7284851, -18.7282066, -18.7259789
1550.08, -18.2997952, -18.2963848, -18.2985172, -18.2977695, -18.3181915, -18.3261356, -18.3325253, -18.3244419, -18.31423, -18.3102036
1550.1, -17.9623203, -17.9601784, -17.9610481, -17.959383, -17.9603386, -17.9587307, -17.9579563, -17.9614029, -17.9621735, -17.9608212
1550.12, -22.0228329, -22.0701675, -22.1000538, -22.1478901, -22.1801262, -22.2090607, -22.1859589, -22.203537, -22.1877861, -22.1661797
1550.1399999999999, -18.1632996, -18.1580181, -18.1613121, -18.1602764, -18.157896, -18.1559544, -18.1577053, -18.1571712, -18.1550808, -18.1545696
1550.1599999999999, -18.2987518, -18.3022385, -18.2979832, -18.2999306, -18.2978153, -18.2975998, -18.2986889, -18.2963791, -18.2974243, -18.2959938
1550.1799999999998, -18.6841164, -18.6782742, -18.6756115, -18.6729927, -18.6700573, -18.6692047, -18.6727238, -18.6741676, -18.6685333, -18.6679668
1550.1999999999998, -19.053175, -19.05299, -19.0522633, -19.0557079, -19.052887, -19.0536709, -19.0559406, -19.0576782, -19.0572777, -19.0625629
1550.2199999999998, -19.2056541, -19.2077961, -19.2059155, -19.2080269, -19.2043514, -19.2054462, -19.2042828, -19.2043858, -19.2063503, -19.205183
1550.2399999999998, -19.1359367, -19.1354561, -19.1350021, -19.1337509, -19.1349888, -19.1359978, -19.1399555, -19.1335201, -19.1346436, -19.1361675
1550.2599999999998, -18.9619579, -18.9652176, -18.9627628, -18.9620762, -18.964304, -18.9681549, -18.9687729, -18.9659901, -18.9719372, -18.9652596
1550.2799999999997, -18.7420101, -18.7435284, -18.7460766, -18.7478981, -18.7481842, -18.7562561, -18.7498608, -18.7513084, -18.7505665, -18.7524433
1550.2999999999997, -18.5886383, -18.587862, -18.5926857, -18.5932217, -18.5940151, -18.59548, -18.5953121, -18.5954762, -18.5940399, -18.5937843
1550.3199999999997, -18.5109138, -18.5106163, -18.5099258, -18.5123386, -18.5139065, -18.5130405, -18.5150261, -18.5142174, -18.5160885, -18.5153332
1550.3399999999997, -18.4870701, -18.4876766, -18.4873981, -18.4875526, -18.4887848, -18.4958992, -18.490078, -18.4917507, -18.4935551, -18.4878368
1550.3599999999997, -18.5169182, -18.5139618, -18.5152607, -18.5119419, -18.512064, -18.511137, -18.5137501, -18.5133514, -18.5090122, -18.5079403
1550.3799999999997, -18.5932426, -18.5935898, -18.5924187, -18.5930386, -18.5925713, -18.5907936, -18.5919685, -18.5912743, -18.5954933, -18.5930481
1550.3999999999996, -18.7491741, -18.7491722, -18.7492065, -18.7499542, -18.7496185, -18.7507954, -18.7499619, -18.7505703, -18.7488403, -18.7489777
1550.4199999999996, -18.9559116, -18.9598408, -18.9572754, -18.9647751, -18.9596615, -18.9597378, -18.9583893, -18.9571514, -18.9587326, -18.9591331
1550.4399999999996, -19.1704388, -19.1672707, -19.1642761, -19.1646118, -19.1653061, -19.163784, -19.1622524, -19.1625118, -19.1648293, -19.1683121
1550.4599999999996, -19.2798214, -19.2847595, -19.2948875, -19.3246384, -19.3267193, -19.3018265, -19.3030109, -19.2885342, -19.28368, -19.2834263
1550.4799999999996, -19.2847672, -19.281683, -19.2819462, -19.2827568, -19.2826271, -19.2837486, -19.2862492, -19.2867622, -19.2842922, -19.2853966
1550.4999999999995, -19.1461525, -19.1472511, -19.1477451, -19.1465149, -19.1451302, -19.1453171, -19.1483231, -19.1492271, -19.1494751, -19.1468525
1550.5199999999995, -18.8851337, -18.8871269, -18.8833008, -18.8854332, -18.8839188, -18.8864346, -18.8854771, -18.888586, -18.8904514, -18.8842316
1550.5399999999995, -18.5823402, -18.585001, -18.5810833, -18.5791588, -18.577076, -18.5776463, -18.5749836, -18.5731411, -18.5762615, -18.5770645
1550.5599999999995, -18.326273, -18.325779, -18.3285713, -18.325428, -18.3304214, -18.3272057, -18.3256512, -18.3278065, -18.3276615, -18.3289871
1550.5799999999995, -18.2226372, -18.2191105, -18.2194691, -18.2274761, -18.2230759, -18.2199783, -18.2224503, -18.2210312, -18.2215271, -18.2222881
1550.5999999999995, -18.2738609, -18.2712975, -18.2722225, -18.274662, -18.2748737, -18.2741737, -18.2720261, -18.2720947, -18.2710266, -18.2734623
1550.6199999999994, -18.4961128, -18.4985905, -18.4972019, -18.4978867, -18.5016155, -18.5013733, -18.4979553, -18.4987907, -18.5002899, -18.4987888
1550.6399999999994, -18.7857609, -18.7841816, -18.7834892, -18.7828884, -18.7835274, -18.7852364, -18.7848473, -18.784935, -18.7860699, -18.7842216
1550.6599999999994, -19.0380669, -19.0400257, -19.0387039, -19.0397835, -19.0369339, -19.0370846, -19.0374451, -19.0371685, -19.0388145, -19.0383511
1550.6799999999994, -19.1342754, -19.1366539, -19.1357632, -19.1358929, -19.1355553, -19.136097, -19.1335392, -19.1344929, -19.1343536, -19.1352692
1550.6999999999994, -19.0277634, -19.0715485, -19.0539589, -19.0296097, -19.031538, -19.0511703, -19.0460014, -19.0365772, -19.0267906, -19.0320396
1550.7199999999993, -18.6843967, -18.6819859, -18.6879044, -18.6873398, -18.685009, -18.6843758, -18.6858616, -18.6994457, -18.6947823, -18.6947937
1550.7399999999993, -18.266016, -18.2665348, -18.2625675, -18.2660141, -18.26227, -18.2615261, -18.2602978, -18.2591782, -18.2640953, -18.2642593
1550.7599999999993, -17.9491501, -17.9505119, -17.9491234, -17.9494686, -17.9484806, -17.9474735, -17.9460011, -17.9460506, -17.9481297, -17.9503288
1550.7799999999993, -17.9192028, -17.9189968, -17.9186821, -17.9169044, -17.9187145, -17.9189568, -17.9175587, -17.9188995, -17.9193344, -17.9186592
1550.7999999999993, -18.2156792, -18.2154026, -18.2141457, -18.2171459, -18.217514, -18.218668, -18.2231426, -18.2195187, -18.2194691, -18.2172031
1550.8199999999993, -18.6450672, -18.6479912, -18.6492062, -18.6489468, -18.649847, -18.651207, -18.6517868, -18.6521873, -18.6498795, -18.649807
1550.8399999999992, -19.0083981, -19.0054893, -19.007349, -19.0111732, -19.0094872, -19.0119896, -19.0099792, -19.0087051, -19.007288, -19.0058346
1550.8599999999992, -19.1167774, -19.1134109, -19.1157932, -19.1160603, -19.1159496, -19.1135044, -19.1144085, -19.1162357, -19.1188488, -19.1147747
1550.8799999999992, -18.9658546, -18.9629421, -18.9650974, -18.9642391, -18.9643383, -18.96632, -18.9670353, -18.9661732, -18.9647484, -18.9624557
1550.8999999999992, -18.6274338, -18.6257401, -18.6262398, -18.625042, -18.6243401, -18.6256294, -18.6264687, -18.6264973, -18.6236248, -18.6256409
1550.9199999999992, -18.2722263, -18.2721176, -18.2719383, -18.271574, -18.2728748, -18.2750854, -18.2735157, -18.2714787, -18.2711086, -18.273283
1550.9399999999991, -18.3138809, -18.3190308, -18.3216133, -18.320322, -18.3232822, -18.331152, -18.348011, -18.3620014, -18.3484783, -18.3546886
1550.9599999999991, -19.7030106, -19.6828022, -19.6707325, -19.6779461, -19.6789608, -19.6727009, -19.6595726, -19.6815758, -19.6984978, -19.6739998
1550.979999999999, -18.5309944, -18.52985, -18.5313244, -18.5344715, -18.5363617, -18.5368748, -18.5416489, -18.54006, -18.5402355, -18.5399723
1550.999999999999, -18.9657288, -18.9634209, -18.9637337, -18.9639835, -18.9649963, -18.9639206, -18.963068, -18.9642792, -18.9646378, -18.9640007
1551.019999999999, -19.2111282, -19.2098465, -19.2112331, -19.2100163, -19.2096691, -19.2089787, -19.2118034, -19.2111797, -19.2143154, -19.2124615
1551.039999999999, -19.2683773, -19.2685108, -19.2698021, -19.2681561, -19.2678604, -19.2706661, -19.2702923, -19.2699757, -19.2697639, -19.2705917
1551.059999999999, -19.206665, -19.2092037, -19.2105579, -19.2081127, -19.2078209, -19.2104836, -19.2094307, -19.2084389, -19.2088718, -19.2099323
1551.079999999999, -19.0622215, -19.0606403, -19.0600243, -19.0606003, -19.0604935, -19.0618591, -19.0599594, -19.0597458, -19.0607948, -19.0621891
1551.099999999999, -18.8813992, -18.8828945, -18.8801079, -18.881855, -18.882885, -18.8817101, -18.8790054, -18.8816013, -18.8858738, -18.8850327
1551.119999999999, -18.6803303, -18.6805935, -18.6794319, -18.6803513, -18.676939, -18.6757774, -18.6770687, -18.6771622, -18.6779079, -18.6804047
1551.139999999999, -18.4601555, -18.4644508, -18.4635124, -18.4604702, -18.4616356, -18.4625492, -18.4604187, -18.4630909, -18.4620934, -18.4634304
1551.159999999999, -18.3562069, -18.3590565, -18.3601856, -18.3592796, -18.3567638, -18.3566933, -18.3556862, -18.3547955, -18.3543835, -18.3558693
1551.179999999999, -18.4078712, -18.4102612, -18.4057198, -18.4046764, -18.4089451, -18.4064732, -18.4044666, -18.4032421, -18.4003391, -18.3990402
1551.199999999999, -18.5936489, -18.591526, -18.5857353, -18.5819511, -18.5780258, -18.5715466, -18.5698109, -18.5673409, -18.5715446, -18.5657806
1551.219999999999, -18.8205051, -18.8207016, -18.8172016, -18.8097363, -18.8081837, -18.8045712, -18.7995548, -18.7962208, -18.7936039, -18.7946892
1551.2399999999989, -19.0344887, -19.0299797, -19.030611, -19.0279331, -19.0219212, -19.0194645, -19.0236683, -19.0216007, -19.0229244, -19.0190487
1551.2599999999989, -19.2102184, -19.2081261, -19.2089348, -19.2061081, -19.2093849, -19.2111225, -19.2105637, -19.2087669, -19.2104454, -19.213213
1551.2799999999988, -19.3109531, -19.3148365, -19.3119659, -19.312994, -19.3121681, -19.3132057, -19.3120117, -19.3142471, -19.3137798, -19.3139324
1551.2999999999988, -19.3055019, -19.3091965, -19.3070583, -19.3074799, -19.3075066, -19.3063545, -19.3106136, -19.3096485, -19.3111782, -19.315794
1551.3199999999988, -19.1567841, -19.1568718, -19.1533737, -19.153223, -19.1533566, -19.1548367, -19.1534977, -19.156023, -19.1566315, -19.1542664
1551.3399999999988, -18.8755836, -18.8774204, -18.8735733, -18.8742752, -18.8756104, -18.875061, -18.8749409, -18.8745708, -18.8737812, -18.8742447
1551.3599999999988, -18.5607605, -18.5604343, -18.5630722, -18.561161, -18.5602264, -18.5621738, -18.563242, -18.5592175, -18.5616627, -18.5619545
1551.3799999999987, -18.3255291, -18.3212013, -18.3217716, -18.3220673, -18.3214226, -18.3229103, -18.3257275, -18.3254967, -18.3252068, -18.325285
1551.3999999999987, -18.2398548, -18.2446518, -18.2434502, -18.2421932, -18.2416439, -18.241478, -18.2380733, -18.2390366, -18.2393818, -18.2392826
1551.4199999999987, -18.3419037, -18.3425255, -18.3431339, -18.3419075, -18.3376293, -18.3372574, -18.3427887, -18.3405781, -18.3393593, -18.3388329
1551.4399999999987, -18.5902042, -18.5931778, -18.5964642, -18.5936317, -18.5946655, -18.5950718, -18.5949497, -18.5929337, -18.5926075, -18.59268
1551.4599999999987, -18.8847713, -18.886343, -18.8875027, -18.8863525, -18.8870697, -18.8897266, -18.8865051, -18.8870964, -18.8890667, -18.8873215
1551.4799999999987, -19.0948677, -19.094738, -19.0921555, -19.0919914, -19.0931473, -19.0911732, -19.0921726, -19.0926857, -19.0966949, -19.0951843
1551.4999999999986, -19.1382771, -19.139946, -19.1404495, -19.140192, -19.1404495, -19.1390247, -19.1374111, -19.1389961, -19.1383305, -19.1386585
1551.5199999999986, -18.9879417, -18.9873161, -18.9913826, -18.991251, -18.9880219, -18.9863243, -18.985775, -18.9874115, -18.9871235, -18.989254
1551.5399999999986, -18.6581841, -18.6580753, -18.6586666, -18.6591034, -18.6590366, -18.6578522, -18.6582203, -18.660038, -18.6568336, -18.6579323
1551.5599999999986, -18.2547016, -18.2549629, -18.2536316, -18.25173, -18.2494755, -18.252821, -18.2532692, -18.2523708, -18.2496567, -18.2560215
1551.5799999999986, -17.8898029, -17.887991, -17.8880711, -17.8903122, -17.8951206, -17.8899307, -17.88904, -17.8888969, -17.889019, -17.8879089
1551.5999999999985, -17.741394, -17.7506256, -17.7418022, -17.740715, -17.7373543, -17.7385311, -17.7344151, -17.7344856, -17.7324772, -17.7361355
1551.6199999999985, -17.8644218, -17.8660107, -17.8663177, -17.866972, -17.867445, -17.8652725, -17.8648167, -17.8672924, -17.8693829, -17.867775
1551.6399999999985, -18.2551899, -18.256052, -18.2559738, -18.2559242, -18.2565327, -18.2579098, -18.2584095, -18.2599106, -18.2585144, -18.2601662
1551.6599999999985, -18.730999, -18.7304668, -18.730484, -18.7272034, -18.7249069, -18.7240028, -18.7192822, -18.7199173, -18.7167645, -18.7161961
1551.6799999999985, -19.0074081, -19.0093517, -19.008625, -19.0099277, -19.0079556, -19.0066471, -19.0056019, -19.0071602, -19.0077839, -19.0087814
1551.6999999999985, -19.0586033, -19.0566483, -19.0531597, -19.0540714, -19.0520554, -19.0506172, -19.0533943, -19.0551243, -19.056776, -19.0573902
1551.7199999999984, -18.8278484, -18.8245869, -18.8243427, -18.8277817, -18.8251724, -18.8254929, -18.8256245, -18.8255463, -18.827816, -18.827261
1551.7399999999984, -18.4816933, -18.4829426, -18.4743805, -18.470768, -18.4754429, -18.4804611, -18.4831123, -18.474102, -18.4703541, -18.4679012
1551.7599999999984, -18.3998413, -18.4027119, -18.4017506, -18.404253, -18.4051456, -18.4054146, -18.4007416, -18.4003124, -18.4011898, -18.4015961
1551.7799999999984, -19.2986679, -19.3070126, -19.3072853, -19.309042, -19.3048573, -19.3027897, -19.3012333, -19.2995129, -19.2975235, -19.2994747
1551.7999999999984, -18.6869373, -18.6893253, -18.6878796, -18.6870975, -18.6855106, -18.6855049, -18.6883984, -18.687418, -18.6856537, -18.6869144
1551.8199999999983, -18.8952408, -18.8905621, -18.8911533, -18.8895569, -18.8882484, -18.8864689, -18.8909969, -18.8922291, -18.8866749, -18.8858471
1551.8399999999983, -19.1300983, -19.1292, -19.1309166, -19.1338387, -19.1309109, -19.1313839, -19.1341381, -19.1306057, -19.1331272, -19.1321316
1551.8599999999983, -19.3249073, -19.3241901, -19.3199425, -19.3217163, -19.3218784, -19.3249149, -19.3235207, -19.3217316, -19.3212395, -19.3214645
1551.8799999999983, -19.3706932, -19.369524, -19.3717537, -19.3731785, -19.372448, -19.3752689, -19.375658, -19.3765411, -19.3693295, -19.369442
1551.8999999999983, -19.254137, -19.2540951, -19.252224, -19.2521248, -19.2555447, -19.254467, -19.2557602, -19.2559013, -19.2543335, -19.2531624
1551.9199999999983, -19.0228291, -19.0140572, -19.0167618, -19.0166645, -19.0161591, -19.0170765, -19.0189152, -19.0177937, -19.0212402, -19.0223141
1551.9399999999982, -18.6633511, -18.6676044, -18.6689014, -18.6593704, -18.6611271, -18.6579666, -18.655262, -18.6608124, -18.6603699, -18.6617203
1551.9599999999982, -18.3358498, -18.3338013, -18.3336124, -18.3331127, -18.3333645, -18.3324242, -18.3339291, -18.3343773, -18.334116, -18.333971
1551.9799999999982, -18.1739864, -18.1789875, -18.1752396, -18.1751575, -18.1746559, -18.1760464, -18.1746731, -18.176836, -18.1750374, -18.1745682
1551.9999999999982, -18.243885, -18.2432518, -18.244585, -18.2422924, -18.2416687, -18.2443008, -18.2397842, -18.2378197, -18.2378311, -18.2381077
1552.0199999999982, -18.4777699, -18.4774437, -18.4783802, -18.4740868, -18.4737606, -18.4805584, -18.4835472, -18.4703064, -18.4708176, -18.4730854
1552.0399999999981, -18.7847252, -18.7731247, -18.7728195, -18.7731457, -18.7718792, -18.7691956, -18.7697029, -18.7669163, -18.771616, -18.7696819
1552.0599999999981, -19.0411987, -19.0382595, -19.0367298, -19.0352478, -19.0322495, -19.0307064, -19.0309486, -19.0293331, -19.0307255, -19.0284271
1552.079999999998, -19.1845989, -19.1855717, -19.1824074, -19.1827164, -19.1851902, -19.1847954, -19.182312, -19.176033, -19.1766529, -19.1781464
1552.099999999998, -19.181427, -19.1833878, -19.1882801, -19.1940479, -19.1945667, -19.1985435, -19.1982632, -19.1976395, -19.1987858, -19.1991959
1552.119999999998, -19.065794, -19.0669804, -19.0721951, -19.0761795, -19.0761871, -19.0788517, -19.0836906, -19.0891762, -19.0870667, -19.0862617
1552.139999999998, -18.8215828, -18.824091, -18.8270054, -18.8308601, -18.8343639, -18.8379841, -18.8410835, -18.8412762, -18.8419514, -18.8419914
1552.159999999998, -18.5258808, -18.525486, -18.5255623, -18.5296116, -18.5295086, -18.5273457, -18.5268612, -18.5336094, -18.5358906, -18.53302
1552.179999999998, -18.2237797, -18.224638, -18.2218037, -18.2230282, -18.2219963, -18.2275257, -18.2272873, -18.2373848, -18.2720013, -18.2642212
1552.199999999998, -18.0408173, -18.0376453, -18.0377197, -18.0370274, -18.0382652, -18.0439625, -18.0448761, -18.0415363, -18.04109, -18.0381927
1552.219999999998, -18.0269642, -18.0313911, -18.0299206, -18.0275707, -18.0281754, -18.0288925, -18.0244274, -18.0253105, -18.0261383, -18.0367756
1552.239999999998, -18.1885281, -18.1881123, -18.1882305, -18.1914368, -18.1907063, -18.1895676, -18.1924324, -18.1929321, -18.1917019, -18.1974506
1552.259999999998, -18.4692764, -18.4685154, -18.4682922, -18.4733791, -18.4717674, -18.4715214, -18.4706917, -18.4720707, -18.4718151, -18.4709625
1552.279999999998, -18.7789631, -18.7761555, -18.7803173, -18.7828808, -18.7786751, -18.7787895, -18.7785873, -18.7746277, -18.7785969, -18.7780037
1552.299999999998, -19.0132179, -19.0119762, -19.0143871, -19.013113, -19.0114498, -19.0095348, -19.0129261, -19.0114994, -19.0177269, -19.0146484
1552.319999999998, -19.0925274, -19.08992, -19.0924568, -19.0896015, -19.0881081, -19.0899448, -19.0913296, -19.0895596, -19.0881996, -19.0878754
1552.3399999999979, -18.9853668, -18.9879513, -18.989666, -18.9878178, -18.9865398, -18.9858189, -18.9845409, -18.9850674, -18.9885864, -18.9863148
1552.3599999999979, -18.7183113, -18.7210426, -18.7179813, -18.7148552, -18.7164383, -18.7153263, -18.7096481, -18.7104301, -18.7122917, -18.7122459
1552.3799999999978, -18.3490105, -18.3471451, -18.3454666, -18.3438282, -18.3476543, -18.3517666, -18.34519, -18.344614, -18.3453674, -18.3428268
1552.3999999999978, -18.0275173, -18.027771, -18.025032, -18.0271301, -18.0258961, -18.0255566, -18.0291119, -18.0294361, -18.0249004, -18.023571
1552.4199999999978, -17.8572369, -17.8507957, -17.8496914, -17.8548584, -17.8501511, -17.8493614, -17.8524704, -17.8482246, -17.8481827, -17.8487625
1552.4399999999978, -17.8980312, -17.897501, -17.9037132, -17.9026909, -17.8976059, -17.9011192, -17.8985844, -17.8987255, -17.8974743, -17.9033184
1552.4599999999978, -18.1739674, -18.1750698, -18.1753597, -18.1754684, -18.1789742, -18.176693, -18.1761513, -18.1743736, -18.1730881, -18.1767426
1552.4799999999977, -18.617651, -18.6264572, -18.625515, -18.6199532, -18.6186886, -18.616848, -18.6151714, -18.6157913, -18.6149807, -18.6136398
1552.4999999999977, -19.0083313, -19.0101223, -19.0091953, -19.0106258, -19.0103512, -19.0070477, -19.0085716, -19.0086746, -19.0059929, -19.008997
1552.5199999999977, -19.202179, -19.2077122, -19.2395515, -19.1866188, -19.1866093, -19.1900902, -19.1805458, -19.1679745, -19.1683998, -19.166069
1552.5399999999977, -19.0216942, -19.0251312, -19.0274982, -19.0213451, -19.0242863, -19.0245495, -19.0276432, -19.0215149, -19.0208664, -19.0217457
1552.5599999999977, -18.7488079, -18.7469845, -18.7405796, -18.7422733, -18.7407303, -18.7450714, -18.7419319, -18.7393951, -18.7448902, -18.7407246
1552.5799999999977, -18.577692, -18.5744667, -18.5683651, -18.5707073, -18.5680504, -18.5714741, -18.569128, -18.567379, -18.5676937, -18.5673351
1552.5999999999976, -18.6071415, -18.6069527, -18.6092815, -18.6076355, -18.605978, -18.6064339, -18.6092072, -18.6083717, -18.6066074, -18.6101284
1552.6199999999976, -21.7459335, -21.7995586, -21.8226204, -21.851799, -21.885973, -21.8713913, -21.8419724, -21.7971668, -21.7730675, -21.7576447
1552.6399999999976, -18.5493107, -18.5478439, -18.5528946, -18.5477238, -18.5482311, -18.5476341, -18.5510025, -18.5505695, -18.5531521, -18.5533047
1552.6599999999976, -18.7862396, -18.7874565, -18.7924156, -18.7926464, -18.7928047, -18.7950172, -18.7968311, -18.7944088, -18.7945728, -18.7920208
1552.6799999999976, -19.0836029, -19.0861568, -19.0868874, -19.0884323, -19.0898113, -19.0966167, -19.093586, -19.0912628, -19.0914631, -19.0945034
1552.6999999999975, -19.277647, -19.2770977, -19.2788677, -19.2771778, -19.280365, -19.2832527, -19.2787552, -19.2797184, -19.2816982, -19.2784863
1552.7199999999975, -19.2981834, -19.2868118, -19.2893772, -19.2921085, -19.2921486, -19.2874718, -19.2896557, -19.2925205, -19.2920971, -19.289957
1552.7399999999975, -19.1097622, -19.1063213, -19.1064854, -19.1083565, -19.1089668, -19.1077557, -19.1058884, -19.1066189, -19.1079426, -19.1081486
1552.7599999999975, -18.7782021, -18.7741508, -18.7725906, -18.7707748, -18.7741947, -18.7702541, -18.7664623, -18.76861, -18.7670841, -18.7654781
1552.7799999999975, -18.4256001, -18.4281788, -18.4226665, -18.424469, -18.4280643, -18.4242439, -18.4193249, -18.4217873, -18.4223042, -18.4200764
1552.7999999999975, -18.2400436, -18.2418118, -18.2418823, -18.2411079, -18.242815, -18.2384529, -18.2383919, -18.2392387, -18.2398224, -18.2428665
1552.8199999999974, -18.2944565, -18.2883511, -18.2886353, -18.2899666, -18.2929478, -18.2949829, -18.2982273, -18.2904682, -18.2854118, -18.2864952
1552.8399999999974, -18.491436, -18.4934425, -18.4919186, -18.491354, -18.4911404, -18.4886951, -18.4895458, -18.4922009, -18.491436, -18.4915905
1552.8599999999974, -18.7525425, -18.7556744, -18.7533455, -18.7549305, -18.7536182, -18.7556019, -18.7536621, -18.7550945, -18.7565689, -18.7582741
1552.8799999999974, -18.9897461, -18.9909325, -18.989769, -18.9867535, -18.9881363, -18.9868698, -18.9859982, -18.9869633, -18.9899807, -18.9884415
1552.8999999999974, -19.1055698, -19.103466, -19.0992699, -19.1007824, -19.0974979, -19.0998249, -19.0991211, -19.1030025, -19.107069, -19.101429
1552.9199999999973, -19.0641003, -19.0650768, -19.0594482, -19.063921, -19.0651569, -19.0647335, -19.0683193, -19.071764, -19.066534, -19.068758
1552.9399999999973, -18.8748264, -18.8775177, -18.8792095, -18.8830509, -18.8863297, -18.884903, -18.8858833, -18.8867626, -18.8900108, -18.8912144
1552.9599999999973, -18.577177, -18.5834713, -18.5927086, -18.6014385, -18.6079159, -18.6130161, -18.6124859, -18.6158409, -18.6146564, -18.6151352
1552.9799999999973, -18.2645855, -18.2719765, -18.2760162, -18.2823315, -18.2944775, -18.2967663, -18.3017578, -18.3050041, -18.3111191, -18.3150349
1552.9999999999973, -18.0033875, -18.0035172, -18.0084572, -18.0148411, -18.0215225, -18.0217094, -18.0229721, -18.0238781, -18.0268269, -18.0300217
1553.0199999999973, -17.8481903, -17.8507748, -17.8537827, -17.8535862, -17.8546028, -17.8548279, -17.8574562, -17.8559361, -17.8551617, -17.8618679
1553.0399999999972, -17.8489513, -17.8476963, -17.8474426, -17.8520126, -17.8475971, -17.848753, -17.8489723, -17.8484955, -17.8499813, -17.849947
1553.0599999999972, -18.0255642, -18.0263977, -18.0271111, -18.0267696, -18.0251827, -18.0236511, -18.0286427, -18.0253372, -18.0242672, -18.0260563
1553.0799999999972, -18.3453579, -18.3435326, -18.3493099, -18.3476448, -18.3507233, -18.3479099, -18.3475857, -18.3476486, -18.3519764, -18.3483315
1553.0999999999972, -18.7105141, -18.7067776, -18.710043, -18.7073135, -18.7061291, -18.7037601, -18.7033539, -18.7026539, -18.7038403, -18.7039909
1553.1199999999972, -18.9501419, -18.9490337, -18.9484482, -18.9498024, -18.9497204, -18.9500351, -18.9537201, -18.9546528, -18.9566364, -18.9544201
1553.1399999999971, -19.0475655, -19.0504169, -19.0504208, -19.0493259, -19.0582695, -19.0563793, -19.0585003, -19.059412, -19.0573235, -19.0540333
1553.1599999999971, -18.9621143, -18.9669209, -18.9675026, -18.9622784, -18.9619389, -18.9573727, -18.9595127, -18.956995, -18.9573917, -18.9659233
1553.179999999997, -18.7074738, -18.7030621, -18.6999302, -18.7049503, -18.7012806, -18.6992798, -18.6980915, -18.6972256, -18.6981583, -18.6968193
1553.199999999997, -18.3764114, -18.3680077, -18.3743286, -18.3652077, -18.3618679, -18.3654442, -18.3601551, -18.3584003, -18.3576202, -18.3600941
1553.219999999997, -18.0716419, -18.076025, -18.0703316, -18.0771313, -18.0768967, -18.0746441, -18.0728016, -18.0707245, -18.0743275, -18.0737362
1553.239999999997, -17.9694939, -17.9710484, -17.9690418, -17.9709206, -17.9722099, -17.9702816, -17.9698238, -17.9705143, -17.9724388, -17.9727268
1553.259999999997, -18.1178322, -18.120327, -18.121006, -18.1265202, -18.1274395, -18.1247501, -18.1287403, -18.1243267, -18.1228771, -18.1242657
1553.279999999997, -18.5280285, -18.5299206, -18.5251598, -18.5262833, -18.5222244, -18.5193043, -18.5208435, -18.5189838, -18.5216293, -18.5214043
1553.299999999997, -19.029213, -19.0304756, -19.0274887, -19.0262585, -19.0385151, -19.0343075, -19.0299053, -19.0343437, -19.0355625, -19.031601
1553.319999999997, -19.3434467, -19.344635, -19.3440514, -19.3455334, -19.3445301, -19.345211, -19.3480549, -19.3462124, -19.3470631, -19.3458233
1553.339999999997, -19.3840294, -19.3827248, -19.3831635, -19.3841743, -19.38657, -19.3828793, -19.3849163, -19.3880386, -19.3874435, -19.3837738
1553.359999999997, -19.2783279, -19.2765274, -19.2767487, -19.2736168, -19.2753124, -19.2762203, -19.2744293, -19.2748089, -19.2768822, -19.2775974
1553.379999999997, -19.0931301, -19.0942802, -19.0966625, -19.0928516, -19.097126, -19.0938911, -19.0951958, -19.0945816, -19.0969677, -19.0978985
1553.399999999997, -18.9049129, -18.9042149, -18.9060364, -18.9047947, -18.9064121, -18.9044819, -18.9061184, -18.903265, -18.9068794, -18.9091053
1553.419999999997, -18.67873, -18.6793022, -18.6836529, -18.6845245, -18.6777821, -18.6788769, -18.6837482, -18.6781883, -18.678503, -18.6789303
1553.4399999999969, -18.6247749, -18.6259499, -18.6246243, -18.6298923, -18.6295128, -18.6257553, -18.6247234, -18.6258907, -18.6255741, -18.6226959
1553.4599999999969, -18.7790756, -18.7802849, -18.7763557, -18.7817593, -18.7678146, -18.7673759, -18.7731094, -18.7668171, -18.7773476, -18.7792873
1553.4799999999968, -18.5565968, -18.5570412, -18.5584526, -18.5551529, -18.555687, -18.5559673, -18.5575886, -18.554657, -18.555275, -18.5595417
1553.4999999999968, -18.9686356, -18.9695148, -18.9748764, -18.9736633, -18.97118, -18.9757805, -18.9777508, -18.9692116, -18.9677582, -18.9728565
1553.5199999999968, -19.2854328, -19.2836304, -19.2837505, -19.284544, -19.2884331, -19.2881165, -19.2884235, -19.2864323, -19.2886581, -19.2867699
1553.5399999999968, -19.4106865, -19.4121094, -19.413496, -19.4096794, -19.4098282, -19.4128742, -19.4121075, -19.4156132, -19.4204407, -19.4205894
1553.5599999999968, -19.2629662, -19.2615948, -19.2634277, -19.2639008, -19.2646961, -19.2690716, -19.2647896, -19.26371, -19.2620811, -19.2632942
1553.5799999999967, -18.9174271, -18.9147739, -18.9129715, -18.9147472, -18.9159851, -18.9159126, -18.9139099, -18.9134731, -18.9137897, -18.9143333
1553.5999999999967, -18.4995804, -18.4940662, -18.4944305, -18.4953442, -18.4989166, -18.498064, -18.4951954, -18.4936905, -18.4938145, -18.4928322
1553.6199999999967, -18.2288189, -18.2290707, -18.2295017, -18.2281647, -18.2295437, -18.2278461, -18.2285862, -18.2295799, -18.2326164, -18.2341919
1553.6399999999967, -18.2192669, -18.2196484, -18.2228336, -18.2283497, -18.2247391, -18.2261353, -18.2251434, -18.2284641, -18.2253017, -18.2258911
1553.6599999999967, -18.4536228, -18.4542542, -18.4542351, -18.4540195, -18.4538517, -18.4558945, -18.4548531, -18.4559975, -18.4563084, -18.4587555
1553.6799999999967, -18.7960567, -18.7965927, -18.8007469, -18.8061295, -18.8051891, -18.7996731, -18.7993889, -18.8013554, -18.7975483, -18.7969303
1553.6999999999966, -19.0978947, -19.0985889, -19.0994053, -19.1012993, -19.1049175, -19.1047039, -19.1031189, -19.1084766, -19.1127911, -19.1034241
1553.7199999999966, -19.2316132, -19.2310982, -19.2314644, -19.232563, -19.2366638, -19.2328472, -19.2368431, -19.2381554, -19.2352982, -19.2319069
1553.7399999999966, -19.1780853, -19.176878, -19.1778774, -19.1755123, -19.1736107, -19.1749706, -19.1779537, -19.1781273, -19.1793461, -19.1840134
1553.7599999999966, -18.9509068, -18.9594669, -18.9571762, -18.9580326, -18.953104, -18.9507217, -18.9474316, -18.947546, -18.9489174, -18.9516754
1553.7799999999966, -18.6068859, -18.6097393, -18.6106148, -18.6147289, -18.615015, -18.6137257, -18.6130733, -18.6189499, -18.6161995, -18.6190948
1553.7999999999965, -18.2423573, -18.2449989, -18.249197, -18.2517395, -18.2565136, -18.2549801, -18.2576351, -18.2623158, -18.2635307, -18.2624512
1553.8199999999965, -17.9962177, -17.9986496, -18.0054474, -18.011097, -18.0134296, -18.0144024, -18.0185547, -18.0191002, -18.019907, -18.0177517
1553.8399999999965, -17.9001274, -17.9010525, -17.9008656, -17.903183, -17.9041977, -17.908226, -17.9089394, -17.9074326, -17.9096565, -17.9129543
1553.8599999999965, -17.9643002, -17.9640465, -17.95895, -17.9584503, -17.9525299, -17.9505444, -17.9468231, -17.944519, -17.9425392, -17.9442596
1553.8799999999965, -18.1425114, -18.1394691, -18.1326637, -18.1268482, -18.1228733, -18.1199989, -18.1197014, -18.1154308, -18.1112404, -18.1115856
1553.8999999999965, -18.4364567, -18.4396896, -18.4355526, -18.427372, -18.4219456, -18.4211349, -18.4201756, -18.4189148, -18.4173031, -18.419714
1553.9199999999964, -18.7655869, -18.7680225, -18.7668514, -18.7681026, -18.7658958, -18.7658825, -18.7651978, -18.7644901, -18.7642517, -18.7620296
1553.9399999999964, -19.0396252, -19.0386009, -19.0382977, -19.0362225, -19.0346432, -19.0335064, -19.0326824, -19.0284977, -19.0264683, -19.0271797
1553.9599999999964, -19.1672649, -19.1648979, -19.1649628, -19.1673565, -19.1659775, -19.1685734, -19.168169, -19.1681156, -19.1672134, -19.1675682
1553.9799999999964, -19.1244717, -19.1300392, -19.1292591, -19.1267662, -19.1220055, -19.1251106, -19.1302643, -19.1281052, -19.1254311, -19.1254482
1553.9999999999964, -18.9322758, -18.9378338, -18.934761, -18.9329872, -18.9340954, -18.9354858, -18.9377689, -18.9326191, -18.9332275, -18.9317322
1554.0199999999963, -18.6491032, -18.6441269, -18.6434536, -18.6437931, -18.6437454, -18.6468925, -18.6557293, -18.6630859, -18.6567192, -18.6662941
1554.0399999999963, -18.3999538, -18.3978443, -18.397562, -18.3972187, -18.3961983, -18.4020443, -18.4012623, -18.3998222, -18.3976784, -18.3970528
1554.0599999999963, -18.3644466, -18.3551865, -18.3614941, -18.3547802, -18.356596, -18.3547001, -18.3568687, -18.367115, -18.3673534, -18.3549118
1554.0799999999963, -18.5773945, -18.5780373, -18.5796375, -18.5733967, -18.5758343, -18.5761337, -18.5743771, -18.5742168, -18.5714703, -18.5711765
1554.0999999999963, -18.9460869, -18.9475517, -18.9475212, -18.95158, -18.9535751, -18.9523029, -18.9520645, -18.9481945, -18.9471073, -18.9464741
1554.1199999999963, -19.2334309, -19.2332039, -19.2335491, -19.2356243, -19.2359428, -19.237114, -19.2371044, -19.2355042, -19.2379608, -19.2356319
1554.1399999999962, -19.4204597, -19.4237309, -19.4256058, -19.4251614, -19.4237576, -19.4264088, -19.4231224, -19.4250717, -19.4274235, -19.426239
1554.1599999999962, -19.5579224, -19.5596733, -19.5598259, -19.5604172, -19.5623341, -19.560297, -19.5579376, -19.5573902, -19.558548, -19.559515
1554.1799999999962, -19.5996933, -19.6005821, -19.6034813, -19.6004257, -19.6015892, -19.6024647, -19.6011734, -19.6011314, -19.599617, -19.6031113
1554.1999999999962, -19.5117683, -19.5139198, -19.5126705, -19.5177422, -19.5156994, -19.5123653, -19.5128021, -19.5137844, -19.5140533, -19.5141144
1554.2199999999962, -19.2916279, -19.2883377, -19.2887402, -19.288826, -19.290987, -19.2923527, -19.292881, -19.291214, -19.2898788, -19.2908096
1554.2399999999961, -18.9692955, -18.9720192, -18.9701405, -18.9771137, -18.9722023, -18.9689674, -18.9713993, -18.9690266, -18.9670467, -18.9694176
1554.2599999999961, -18.6960945, -18.6962337, -18.7012424, -18.6998501, -18.695673, -18.6960945, -18.6953468, -18.6982574, -18.6991863, -18.6995602
1554.279999999996, -18.8509617, -18.8524742, -18.8511791, -18.8525047, -18.8532734, -18.8530979, -18.8528976, -18.8523369, -18.8616219, -18.8606853
1554.299999999996, -18.5459404, -18.5515823, -18.5492172, -18.5460567, -18.5439205, -18.5478611, -18.5430813, -18.5468769, -18.5455742, -18.5451488
1554.319999999996, -18.7736855, -18.7731953, -18.7770481, -18.7778587, -18.7771492, -18.7750912, -18.7770786, -18.7772293, -18.7758141, -18.7734394
1554.339999999996, -19.1720943, -19.1729755, -19.1737442, -19.1749268, -19.175106, -19.1744442, -19.1792736, -19.1788006, -19.1763859, -19.1738091
1554.359999999996, -19.4605694, -19.4580059, -19.4575653, -19.4596462, -19.4615746, -19.4558048, -19.4581642, -19.4577389, -19.456337, -19.4564438
1554.379999999996, -19.4811974, -19.4847126, -19.4816666, -19.4821663, -19.4809761, -19.4803143, -19.482584, -19.4839153, -19.4824409, -19.4815159
1554.399999999996, -19.2240067, -19.221405, -19.2194824, -19.2186031, -19.2188587, -19.2208347, -19.2204952, -19.2187634, -19.218399, -19.2184067
1554.419999999996, -18.7787495, -18.775816, -18.7788696, -18.7779617, -18.7759266, -18.7764759, -18.775444, -18.7758026, -18.7775917, -18.7796993
1554.439999999996, -18.4148178, -18.4145203, -18.4148216, -18.4178543, -18.4150906, -18.4127541, -18.4134064, -18.4142399, -18.4131775, -18.4116917
1554.459999999996, -18.3048668, -18.3075428, -18.3070087, -18.3051376, -18.3058643, -18.3063488, -18.3034496, -18.306263, -18.3045406, -18.3030624
1554.479999999996, -18.4884224, -18.4900646, -18.4882069, -18.4905701, -18.4943295, -18.4931202, -18.4930286, -18.4945774, -18.4971142, -18.4940262
1554.499999999996, -18.8779907, -18.8785629, -18.8796196, -18.880743, -18.8815327, -18.8803272, -18.8836784, -18.8807888, -18.8830833, -18.8840237
1554.519999999996, -19.2485561, -19.2502365, -19.2490788, -19.2521057, -19.2528419, -19.2526569, -19.2538395, -19.2516651, -19.2512608, -19.2493
1554.5399999999959, -19.4743843, -19.4746075, -19.4780998, -19.4814854, -19.4778252, -19.4783611, -19.4795666, -19.478878, -19.4785805, -19.4778404
1554.5599999999959, -19.4833755, -19.4827251, -19.4847012, -19.4889145, -19.4855099, -19.4867802, -19.4919262, -19.4891605, -19.4903927, -19.4897804
1554.5799999999958, -19.2796307, -19.2853699, -19.2850189, -19.2788601, -19.2796497, -19.2815609, -19.2793217, -19.2782898, -19.2799549, -19.285862
1554.5999999999958, -18.9222107, -18.9234295, -18.9222641, -18.9250813, -18.9238682, -18.9203548, -18.9170818, -18.919508, -18.9227238, -18.9255219
1554.6199999999958, -18.5378933, -18.5363598, -18.5350227, -18.536253, -18.5387058, -18.5355778, -18.5342426, -18.5358391, -18.5345936, -18.5337143
1554.6399999999958, -18.2727146, -18.2746353, -18.2763329, -18.27351, -18.2737389, -18.2741756, -18.2748222, -18.274538, -18.275938, -18.2745743
1554.6599999999958, -18.2319145, -18.23353, -18.2314816, -18.232523, -18.2311821, -18.2309055, -18.2306366, -18.2313786, -18.2321205, -18.2282982
1554.6799999999957, -18.3602085, -18.3573971, -18.3578491, -18.357357, -18.3505745, -18.3489857, -18.3504505, -18.3504391, -18.3493824, -18.3457794
1554.6999999999957, -18.6214409, -18.6157665, -18.6093349, -18.5992584, -18.5915489, -18.5777912, -18.5770969, -18.5730038, -18.5694771, -18.5712643
1554.7199999999957, -18.9100437, -18.9033318, -18.8938961, -18.8832264, -18.8727303, -18.8666878, -18.858633, -18.8583851, -18.8536377, -18.8476219
1554.7399999999957, -19.1712379, -19.161829, -19.1508579, -19.1454849, -19.1386948, -19.1401634, -19.1311455, -19.1249714, -19.122242, -19.123415
1554.7599999999957, -19.3816891, -19.3783894, -19.3775406, -19.3751621, -19.3663979, -19.3580017, -19.3541279, -19.3535633, -19.3500557, -19.3487282
1554.7799999999957, -19.5004673, -19.5001316, -19.500948, -19.5034618, -19.5015888, -19.5036774, -19.5044365, -19.5007248, -19.4980698, -19.4985981
1554.7999999999956, -19.4914894, -19.4944305, -19.4900436, -19.4898376, -19.4878578, -19.4898758, -19.4900436, -19.4922199, -19.493042, -19.4929256
1554.8199999999956, -19.3132515, -19.3150673, -19.3173294, -19.3212776, -19.3233967, -19.3227959, -19.3235435, -19.3303185, -19.3286076, -19.3242092
1554.8399999999956, -19.0857887, -19.08708, -19.085453, -19.0876083, -19.0895939, -19.0877342, -19.0890369, -19.0880966, -19.0907059, -19.0889664
1554.8599999999956, -18.9142094, -18.9189129, -18.9155445, -18.9136887, -18.9101372, -18.9107361, -18.9139824, -18.9140415, -18.9127655, -18.9142303
1554.8799999999956, -18.8832474, -18.8847828, -18.8864002, -18.8887539, -18.8839588, -18.8843689, -18.8868847, -18.8891468, -18.8865299, -18.885334
1554.8999999999955, -18.9321365, -18.9319649, -18.9332027, -18.9306545, -18.9324017, -18.9367409, -18.9337921, -18.9345875, -18.9335461, -18.9347992
1554.9199999999955, -18.9971104, -18.9970894, -18.998476, -18.9984589, -18.9984665, -18.9995232, -18.9986076, -18.9972591, -18.9996204, -19.0001545
1554.9399999999955, -19.1497364, -19.1504345, -19.1526737, -19.1506348, -19.1503277, -19.1503983, -19.1539898, -19.1507111, -19.1526909, -19.152216
1554.9599999999955, -19.405262, -19.4023418, -19.404356, -19.4075489, -19.4069271, -19.404808, -19.4049225, -19.4044571, -19.4055424, -19.4090328
1554.9799999999955, -19.7068329, -19.7019444, -19.6962242, -19.6977291, -19.6995068, -19.6938343, -19.6906586, -19.6922112, -19.6998272, -19.6959381
1554.9999999999955, -19.8712101, -19.8725376, -19.875639, -19.8742867, -19.8707924, -19.8712883, -19.8747158, -19.8725281, -19.8732166, -19.8722744
1555.0199999999954, -19.8860378, -19.8901615, -19.8881474, -19.8862724, -19.8856049, -19.8862762, -19.8898163, -19.8858376, -19.889183, -19.8885479
1555.0399999999954, -19.7029057, -19.6990948, -19.6987, -19.6973839, -19.6977634, -19.6992645, -19.6989803, -19.6988354, -19.6970387, -19.6978321
1555.0599999999954, -19.3514309, -19.3512974, -19.352829, -19.3527031, -19.3558941, -19.3515854, -19.3496132, -19.3504753, -19.3516464, -19.3508854
1555.0799999999954, -19.0167484, -19.0157871, -19.0157433, -19.0171604, -19.0166531, -19.0152359, -19.0134792, -19.0175285, -19.018404, -19.0142231
1555.0999999999954, -18.8389244, -18.8385849, -18.8360977, -18.8362427, -18.8362732, -18.8390732, -18.8364029, -18.8357391, -18.8354855, -18.8346901
1555.1199999999953, -20.4341736, -20.4636631, -20.4784508, -20.5209885, -20.5697231, -20.5689163, -20.5622578, -20.5627537, -20.553257, -20.561533
1555.1399999999953, -18.9253216, -18.9257164, -18.9250259, -18.9241924, -18.9237194, -18.9251213, -18.9262314, -18.9221268, -18.923233, -18.9235363
1555.1599999999953, -19.2443161, -19.2464771, -19.2460747, -19.2508259, -19.2540684, -19.2523365, -19.245903, -19.2463665, -19.2465858, -19.2475071
1555.1799999999953, -19.5415001, -19.541748, -19.542923, -19.5429668, -19.5397339, -19.5435162, -19.543787, -19.542078, -19.540472, -19.5430775
1555.1999999999953, -19.6509743, -19.6499596, -19.6520519, -19.6509628, -19.6579628, -19.6541672, -19.6539383, -19.6575489, -19.6541328, -19.6504803
1555.2199999999953, -19.5403137, -19.544157, -19.5458069, -19.5426388, -19.5402412, -19.5405617, -19.5440636, -19.5417366, -19.5410995, -19.545475
1555.2399999999952, -19.1921196, -19.1927338, -19.1914749, -19.1937637, -19.1963921, -19.195776, -19.195713, -19.1952324, -19.1977501, -19.1964283
1555.2599999999952, -18.7899609, -18.7902508, -18.7895603, -18.7867985, -18.7853413, -18.7862701, -18.7863159, -18.7865143, -18.7856083, -18.7887249
1555.2799999999952, -18.4541988, -18.4537487, -18.4556103, -18.4529877, -18.4524517, -18.4506111, -18.4537125, -18.452961, -18.4503651, -18.4514885
1555.2999999999952, -18.4170933, -18.4129467, -18.4147949, -18.4157467, -18.416708, -18.4142017, -18.4149971, -18.416172, -18.4137383, -18.4145679
1555.3199999999952, -18.7085972, -18.711628, -18.7103348, -18.7105236, -18.7078342, -18.7089748, -18.708992, -18.7075367, -18.7090874, -18.7090149
1555.3399999999951, -19.1643066, -19.1631222, -19.1608906, -19.164484, -19.1653194, -19.1629066, -19.1648579, -19.1642075, -19.1681633, -19.1671295
1555.3599999999951, -19.5269451, -19.5271072, -19.526825, -19.5302753, -19.5285645, -19.5269432, -19.5346012, -19.5329533, -19.5275688, -19.5262375
1555.379999999995, -19.683897, -19.6788998, -19.6803932, -19.6805992, -19.6824493, -19.6831951, -19.685194, -19.6802788, -19.6791229, -19.6837196
1555.399999999995, -19.5988579, -19.5978336, -19.5968437, -19.5964718, -19.6061115, -19.6012688, -19.6014462, -19.5972214, -19.5930939, -19.5916862
1555.419999999995, -19.2996559, -19.3012409, -19.2997093, -19.2986488, -19.2975864, -19.2992592, -19.29813, -19.2982635, -19.2994938, -19.2997551
1555.439999999995, -18.9333, -18.9316597, -18.9332047, -18.9314117, -18.9362202, -18.9358521, -18.9331913, -18.9334431, -18.9351997, -18.9345398
1555.459999999995, -18.6657562, -18.6642532, -18.6683388, -18.6662407, -18.668026, -18.6661167, -18.6670647, -18.6700001, -18.6717606, -18.6668148
1555.479999999995, -18.6286526, -18.6284981, -18.6274357, -18.6293468, -18.6292133, -18.6288948, -18.6309395, -18.6314545, -18.6286678, -18.6307259
1555.499999999995, -18.8282661, -18.8284988, -18.8292561, -18.8303661, -18.8282146, -18.8284454, -18.8311844, -18.8320503, -18.8300476, -18.828001
1555.519999999995, -19.2321911, -19.2321339, -19.2399101, -19.2481461, -19.2363739, -19.2317123, -19.2393608, -19.2688541, -19.2891941, -19.2451191
1555.539999999995, -19.6931973, -19.6868572, -19.6828022, -19.6809196, -19.6835575, -19.6806183, -19.6774769, -19.6768112, -19.6766739, -19.6785221
1555.559999999995, -20.0012665, -19.9991856, -19.9997597, -19.9949398, -19.9938011, -19.9906044, -19.9878407, -19.9906197, -19.9908676, -19.9893703
1555.579999999995, -20.0686283, -20.0743446, -20.0710354, -20.0716228, -20.0734463, -20.0740471, -20.0736179, -20.0767384, -20.0763035, -20.0732841
1555.599999999995, -19.9501953, -19.9546528, -19.9634361, -19.968977, -19.9742317, -19.9783421, -19.9818974, -19.9894466, -19.9868927, -19.987711
1555.619999999995, -19.7925682, -19.7965469, -19.8022423, -19.8118782, -19.8187389, -19.8236427, -19.8282566, -19.8280582, -19.8288288, -19.8305283
1555.6399999999949, -19.6200943, -19.6195698, -19.6227646, -19.6299019, -19.6380177, -19.6451015, -19.6462364, -19.649332, -19.6540375, -19.6504822
1555.6599999999949, -19.4648094, -19.4684219, -19.4733963, -19.4773178, -19.4789467, -19.4812241, -19.4805508, -19.4830151, -19.4851227, -19.4879799
1555.6799999999948, -19.3179359, -19.3206673, -19.3282986, -19.3264809, -19.3235359, -19.3235798, -19.3267212, -19.3269024, -19.3272629, -19.3289452
1555.6999999999948, -19.1268406, -19.1267643, -19.1282749, -19.1303825, -19.1325417, -19.1342945, -19.1328297, -19.133913, -19.1326523, -19.1335278
1555.7199999999948, -18.9318752, -18.9319172, -18.9315166, -18.9309044, -18.9334927, -18.9309235, -18.9303055, -18.9340096, -18.9316216, -18.931633
1555.7399999999948, -18.8937759, -18.8893604, -18.8900719, -18.8933582, -18.8944702, -18.8893528, -18.8892803, -18.8897057, -18.8864555, -18.8899612
1555.7599999999948, -19.0813923, -19.0783195, -19.074337, -19.0752869, -19.0762157, -19.0783501, -19.0782871, -19.0803719, -19.0761623, -19.0752296
1555.7799999999947, -19.4163551, -19.4212265, -19.4177322, -19.4173622, -19.4163303, -19.4178619, -19.4174156, -19.4144306, -19.4134388, -19.4110451
1555.7999999999947, -19.7432327, -19.740778, -19.7409172, -19.7409172, -19.7438087, -19.7425499, -19.7436771, -19.7435207, -19.7425842, -19.7457848
1555.8199999999947, -19.9403877, -19.9402332, -19.9402885, -19.9411621, -19.9400272, -19.9396896, -19.9420128, -19.9432735, -19.9426117, -19.941946
1555.8399999999947, -19.943779, -19.9434834, -19.9480381, -19.9513741, -19.9469128, -19.9439087, -19.9422188, -19.9452744, -19.9454632, -19.9448967
1555.8599999999947, -19.7298222, -19.7281399, -19.7292919, -19.7297363, -19.7309532, -19.7278709, -19.7279758, -19.7303295, -19.7265739, -19.7275486
1555.8799999999947, -19.4201279, -19.4191685, -19.4117928, -19.4163475, -19.4132557, -19.4129601, -19.4102554, -19.4109821, -19.4092216, -19.4094257
1555.8999999999946, -19.0694466, -19.0699787, -19.0714321, -19.0710411, -19.0769348, -19.0732136, -19.0754814, -19.0692215, -19.0702667, -19.0721741
1555.9199999999946, -18.8608704, -18.8664532, -18.8659458, -18.8597031, -18.8595219, -18.8599224, -18.8586731, -18.8680344, -18.8621902, -18.866354
1555.9399999999946, -18.9741631, -18.9751492, -18.9718189, -18.9729328, -18.9745464, -18.9732761, -18.9706383, -18.9745789, -18.9729939, -18.9746075
1555.9599999999946, -19.8127728, -19.7971287, -19.8024464, -19.7863293, -19.7517948, -19.7476177, -19.7481232, -19.7476692, -19.7483063, -19.7623672
1555.9799999999946, -19.2892246, -19.2886944, -19.2906055, -19.2894154, -19.2907429, -19.294138, -19.2951221, -19.3086243, -19.3192959, -19.3300266
1555.9999999999945, -19.6559544, -19.6594791, -19.6618023, -19.6595039, -19.6582851, -19.6607361, -19.6562347, -19.6616116, -19.6668644, -19.6628475
1556.0199999999945, -19.9065247, -19.9080734, -19.9073944, -19.9039536, -19.9077568, -19.9053898, -19.9039326, -19.906683, -19.905138, -19.9042244
1556.0399999999945, -19.9408321, -19.9436531, -19.9447613, -19.9432487, -19.9421139, -19.941555, -19.9386444, -19.942503, -19.9399529, -19.9397163
1556.0599999999945, -19.7458267, -19.7443714, -19.7428093, -19.741724, -19.7410889, -19.7426167, -19.7451763, -19.7461567, -19.7414532, -19.7397099
1556.0799999999945, -19.3674488, -19.3660908, -19.3677349, -19.3672409, -19.367178, -19.3642769, -19.3644123, -19.3642178, -19.364193, -19.3632545
1556.0999999999945, -18.9396992, -18.9383869, -18.939188, -18.9377594, -18.9382744, -18.9372101, -18.936842, -18.9377003, -18.9377213, -18.9364777
1556.1199999999944, -18.6199818, -18.6195869, -18.6198063, -18.6194897, -18.6168327, -18.6187687, -18.6167889, -18.6180458, -18.6179276, -18.6167622
1556.1399999999944, -18.5598965, -18.5602951, -18.5601082, -18.5613594, -18.5621128, -18.5630379, -18.5650272, -18.5637417, -18.5625095, -18.5625019
1556.1599999999944, -18.8273697, -18.8275986, -18.8295956, -18.8288231, -18.8293266, -18.8306446, -18.8300343, -18.8297195, -18.8280315, -18.8291016
1556.1799999999944, -19.2766113, -19.2760715, -19.2752342, -19.2753277, -19.2763824, -19.2754345, -19.2732792, -19.2742653, -19.2741299, -19.2760296
1556.1999999999944, -19.6547356, -19.654171, -19.6560555, -19.6563702, -19.6615009, -19.6594448, -19.6577454, -19.6554813, -19.6577415, -19.6605988
1556.2199999999943, -19.8058414, -19.8066006, -19.8070488, -19.8088226, -19.8105183, -19.8051338, -19.805006, -19.8090076, -19.8073978, -19.8116016
1556.2399999999943, -19.6683178, -19.670517, -19.6718254, -19.6711445, -19.6679993, -19.668581, -19.6686401, -19.6671448, -19.6697254, -19.6671772
1556.2599999999943, -19.3116589, -19.3160133, -19.3136196, -19.3088093, -19.3107834, -19.3084297, -19.3088398, -19.309948, -19.3072414, -19.3071098
1556.2799999999943, -18.951088, -18.9495888, -18.951273, -18.9482765, -18.9514256, -18.95051, -18.9473419, -18.9478722, -18.9483929, -18.947773
1556.2999999999943, -18.7760105, -18.7786007, -18.7792034, -18.7781868, -18.778223, -18.7771435, -18.7778683, -18.7762585, -18.7770424, -18.7762909
1556.3199999999943, -18.9367714, -18.9386158, -18.9401112, -18.9384937, -18.9371243, -18.9398251, -18.9368229, -18.9363632, -18.9378014, -18.93964
1556.3399999999942, -19.3589783, -19.358181, -19.3554649, -19.358902, -19.3565922, -19.3556023, -19.3600006, -19.3554077, -19.3527737, -19.3551693
1556.3599999999942, -19.769516, -19.7692051, -19.770853, -19.7728195, -19.7729225, -19.7713509, -19.7703018, -19.7697754, -19.7699871, -19.7681694
1556.3799999999942, -20.0025387, -20.0003777, -20.0011711, -20.0027161, -20.0050621, -20.0019169, -20.0017776, -20.0020752, -20.000185, -20.0003185
1556.3999999999942, -20.1450691, -20.1458149, -20.1461525, -20.1413364, -20.1406841, -20.1406384, -20.1401005, -20.1392441, -20.1404667, -20.1396904
1556.4199999999942, -20.1953602, -20.1969986, -20.1993427, -20.1942635, -20.1996174, -20.200243, -20.1979351, -20.1990738, -20.1965961, -20.1960945
1556.4399999999941, -20.1560249, -20.1572628, -20.1591949, -20.1601868, -20.1685524, -20.167078, -20.1634502, -20.1606712, -20.1641216, -20.1640301
1556.4599999999941, -19.9931374, -19.9987087, -20.0047455, -20.0130596, -20.0208969, -20.0232983, -20.0279942, -20.0301132, -20.0278263, -20.0274067
1556.479999999994, -19.7550488, -19.7665348, -19.7727184, -19.7859745, -19.7943363, -19.8039246, -19.8118534, -19.8119221, -19.8167801, -19.816309
1556.499999999994, -19.4938965, -19.496418, -19.5046196, -19.5150261, -19.5189857, -19.5287132, -19.5389309, -19.5481796, -19.5528641, -19.5545235
1556.519999999994, -19.2533073, -19.2583523, -19.2621708, -19.2683563, -19.2717991, -19.2758694, -19.283144, -19.286932, -19.2860661, -19.2845726
1556.539999999994, -19.086834, -19.0882969, -19.0921059, -19.0965958, -19.0965691, -19.0996513, -19.1003838, -19.1010284, -19.1010952, -19.0995197
1556.559999999994, -19.0495796, -19.0493507, -19.0493011, -19.049715, -19.0466518, -19.0438023, -19.045023, -19.0434475, -19.0446129, -19.0446777
1556.579999999994, -19.1613617, -19.1631756, -19.1610909, -19.1590595, -19.158186, -19.154026, -19.1509228, -19.1523781, -19.156517, -19.1553593
1556.599999999994, -19.4067287, -19.4064178, -19.4040966, -19.4050064, -19.4013271, -19.4001083, -19.4005737, -19.400898, -19.4013367, -19.4056301
1556.619999999994, -19.6887856, -19.6886654, -19.6866722, -19.6873665, -19.6879749, -19.6846905, -19.686018, -19.6864452, -19.6894131, -19.6870861
1556.639999999994, -19.926899, -19.9266376, -19.9278183, -19.9260063, -19.927599, -19.9283562, -19.926012, -19.9304733, -19.9282379, -19.9276028
1556.659999999994, -20.0044765, -20.0035248, -20.0029049, -20.0026646, -20.0047798, -20.0032673, -20.0033932, -20.008213, -20.0063438, -20.0048771
1556.679999999994, -19.8737679, -19.8820324, -19.8810349, -19.8770084, -19.8759823, -19.873539, -19.87537, -19.8799438, -19.8777943, -19.878046
1556.699999999994, -19.6010189, -19.5995407, -19.5967598, -19.593668, -19.5970917, -19.5974731, -19.6024799, -19.5996933, -19.5995617, -19.6002502
1556.719999999994, -19.2228489, -19.2220898, -19.2247047, -19.2250519, -19.2252674, -19.2283649, -19.2255249, -19.2256107, -19.2238026, -19.2240067
1556.7399999999939, -18.9027462, -18.9020977, -18.9023075, -18.900938, -18.8990822, -18.9021225, -18.8999424, -18.9008675, -18.9039402, -18.9002914
1556.7599999999939, -18.8043594, -18.8007145, -18.7988758, -18.8001385, -18.8009701, -18.7996635, -18.7976017, -18.7979774, -18.800581, -18.7994289
1556.7799999999938, -19.5659122, -19.5683441, -19.5683212, -19.5707302, -19.5832291, -19.5912285, -19.5838718, -19.5800877, -19.5757751, -19.5867252
1556.7999999999938, -19.1326351, -19.130991, -19.1314316, -19.1324444, -19.1321335, -19.1317616, -19.1319904, -19.1321068, -19.1298981, -19.1311359
1556.8199999999938, -19.4605923, -19.4648304, -19.4690609, -19.4657001, -19.4648933, -19.4645596, -19.4625931, -19.4664288, -19.4640369, -19.4636707
1556.8399999999938, -19.7578106, -19.7594891, -19.7640953, -19.76157, -19.7600861, -19.7585125, -19.7591343, -19.7602272, -19.760149, -19.760582
1556.8599999999938, -19.8831959, -19.8837547, -19.8850288, -19.8836975, -19.8847828, -19.8853226, -19.8856125, -19.8873863, -19.8849163, -19.8862839
1556.8799999999937, -19.8061504, -19.8026772, -19.8036251, -19.8048763, -19.8087273, -19.8086376, -19.8106098, -19.8069324, -19.8071136, -19.8085442
1556.8999999999937, -19.5652771, -19.5656109, -19.5662022, -19.5647678, -19.565321, -19.5626106, -19.5668736, -19.5700245, -19.5641327, -19.563776
1556.9199999999937, -19.2467976, -19.2463455, -19.2476025, -19.2495289, -19.2489567, -19.2472, -19.2437019, -19.2454395, -19.2454453, -19.2433281
1556.9399999999937, -18.9321861, -18.9333305, -18.9332085, -18.9320469, -18.9322681, -18.9331551, -18.9344921, -18.9334488, -18.9348526, -18.9346066
1556.9599999999937, -18.7737446, -18.7718983, -18.7723255, -18.7724247, -18.7751083, -18.7769394, -18.7739582, -18.7732925, -18.7731152, -18.7743435
1556.9799999999937, -18.8766804, -18.8769474, -18.8794365, -18.8790646, -18.8784428, -18.8787746, -18.8809013, -18.8860283, -18.8826408, -18.8803501
1556.9999999999936, -19.2442036, -19.2400703, -19.2398567, -19.2385216, -19.2441196, -19.2438087, -19.2399178, -19.2392216, -19.2393017, -19.2377148
1557.0199999999936, -19.6465302, -19.6506481, -19.6497955, -19.6452255, -19.6428566, -19.6408138, -19.6432667, -19.6433105, -19.6456223, -19.6441879
1557.0399999999936, -19.9472027, -19.945715, -19.9479733, -19.950016, -19.9466629, -19.9442844, -19.9453506, -19.9436741, -19.9445496, -19.9436626
1557.0599999999936, -20.0215626, -20.0181313, -20.0184422, -20.0164165, -20.0178642, -20.0167809, -20.033556, -20.0217056, -20.0214825, -20.0221577
1557.0799999999936, -19.8185062, -19.8164253, -19.8122158, -19.8139725, -19.8178101, -19.8140373, -19.8138218, -19.8139572, -19.819025, -19.8176136
1557.0999999999935, -19.4521599, -19.4537525, -19.4516163, -19.4521751, -19.4544125, -19.4487801, -19.4501743, -19.4474163, -19.4488926, -19.4485493
1557.1199999999935, -19.1661301, -19.1642933, -19.1664944, -19.1680508, -19.1671619, -19.1666527, -19.1662922, -19.1635838, -19.1634712, -19.1638374
1557.1399999999935, -19.1435452, -19.14011, -19.1388645, -19.1389771, -19.1379223, -19.1375694, -19.1396046, -19.1414795, -19.1385536, -19.1375465
1557.1599999999935, -19.3345737, -19.3369064, -19.3370342, -19.3342972, -19.3344631, -19.3382435, -19.3390503, -19.3390331, -19.3375912, -19.3409519
1557.1799999999935, -19.5289516, -19.5267658, -19.5256996, -19.5265732, -19.5277519, -19.528204, -19.5275459, -19.52672, -19.5281849, -19.528019
1557.1999999999935, -19.7618713, -19.759058, -19.7571087, -19.7561798, -19.7576904, -19.7569809, -19.7582836, -19.7598839, -19.7580128, -19.7617836
1557.2199999999934, -20.0211582, -20.0195122, -20.0182114, -20.0205956, -20.0206966, -20.021307, -20.0200386, -20.0196514, -20.0189877, -20.0204124
1557.2399999999934, -20.1964607, -20.196167, -20.1935825, -20.1946526, -20.1910591, -20.1902199, -20.1919422, -20.1933918, -20.1916199, -20.193552
1557.2599999999934, -20.183651, -20.1873016, -20.1887875, -20.1872005, -20.1875896, -20.195528, -20.1911087, -20.1948109, -20.1897507, -20.1898956
1557.2799999999934, -19.9830666, -19.9839554, -19.9868622, -19.9938202, -19.9976654, -19.9935989, -19.9914951, -19.9937096, -19.9929562, -19.9929276
1557.2999999999934, -19.6340599, -19.6373615, -19.6498451, -19.6505852, -19.6569004, -19.6626263, -19.6617088, -19.6612415, -19.6638451, -19.6676216
1557.3199999999933, -19.3111382, -19.3183765, -19.3234539, -19.3325653, -19.3464718, -19.3481579, -19.3542137, -19.3571167, -19.352356, -19.3553581
1557.3399999999933, -19.0600815, -19.0616894, -19.0710011, -19.0752239, -19.0806084, -19.0847549, -19.0885754, -19.0915565, -19.0971603, -19.0990009
1557.3599999999933, -18.9454021, -18.9471931, -18.9499702, -18.9495144, -18.9508591, -18.9518051, -18.9524384, -18.9550037, -18.9574604, -18.9559612
1557.3799999999933, -18.9894848, -18.9895344, -18.9848557, -18.9813671, -18.9785557, -18.9767208, -18.9766216, -18.9773464, -18.9746456, -18.9741631
1557.3999999999933, -19.1641235, -19.160944, -19.1534805, -19.1474457, -19.1438198, -19.1376705, -19.1334782, -19.133213, -19.1293049, -19.1274948
1557.4199999999933, -19.4200344, -19.4179077, -19.4086666, -19.4078522, -19.4055958, -19.3978806, -19.396965, -19.3981628, -19.3954353, -19.3945675
1557.4399999999932, -19.7124825, -19.7126408, -19.7065125, -19.7038345, -19.7015553, -19.7100334, -19.7113438, -19.7008781, -19.7003651, -19.7050095
1557.4599999999932, -19.9460087, -19.9398918, -19.9355888, -19.934639, -19.9348049, -19.9353485, -19.9391384, -19.9420509, -19.9392262, -19.9367371
1557.4799999999932, -20.0439434, -20.0449963, -20.0416679, -20.0382195, -20.0431061, -20.0388031, -20.038475, -20.0368214, -20.0359688, -20.0351353
1557.4999999999932, -19.9724083, -19.9733753, -19.9736958, -19.9758377, -19.9756985, -19.9743385, -19.9752808, -19.972187, -19.9748211, -19.9738712
1557.5199999999932, -19.7531128, -19.7511883, -19.7498932, -19.74897, -19.7503872, -19.7524414, -19.7494717, -19.7503414, -19.7505779, -19.7484665
1557.5399999999931, -19.4315681, -19.4282913, -19.4281731, -19.4276714, -19.4282761, -19.4281063, -19.4355965, -19.4330673, -19.4277935, -19.4312286
1557.5599999999931, -19.0846996, -19.0799656, -19.0803642, -19.0808048, -19.0779667, -19.0822601, -19.0780067, -19.076189, -19.0790443, -19.0825748
1557.579999999993, -18.833601, -18.8299198, -18.8294086, -18.8313274, -18.8330975, -18.8303261, -18.8302116, -18.8291302, -18.8357182, -18.831955
1557.599999999993, -18.8840981, -18.8818207, -18.8826122, -18.8840027, -18.8839188, -18.8825092, -18.8796234, -18.8803844, -18.8834553, -18.8837929
1557.619999999993, -25.9864483, -25.9777756, -25.9153633, -25.9279652, -25.9189873, -25.9249897, -25.9382896, -25.9694805, -25.9492378, -25.9538403
1557.639999999993, -19.3274689, -19.3286381, -19.3269196, -19.328516, -19.3312721, -19.3306885, -19.3277702, -19.3306694, -19.3304272, -19.3265514
1557.659999999993, -19.7301826, -19.7265911, -19.7252998, -19.7281609, -19.725975, -19.7280865, -19.7280331, -19.7278404, -19.7257004, -19.7273331
1557.679999999993, -19.981163, -19.9806232, -19.984724, -19.9853592, -19.9841118, -19.9833374, -19.982542, -19.9826641, -19.9874058, -19.9847622
1557.699999999993, -20.0148315, -20.0151691, -20.0129642, -20.0148926, -20.0168552, -20.0196838, -20.0142746, -20.0157471, -20.0167332, -20.0148315
1557.719999999993, -19.8567581, -19.8567867, -19.8514214, -19.8513584, -19.8542576, -19.8588352, -19.858427, -19.8580914, -19.8608189, -19.8551197
1557.739999999993, -19.5690041, -19.563982, -19.5556221, -19.5503063, -19.5554504, -19.5539112, -19.5526485, -19.5535889, -19.549715, -19.5483818
1557.759999999993, -19.2217655, -19.2309208, -19.2123508, -19.2022724, -19.2052937, -19.2009449, -19.1953392, -19.1971531, -19.1982193, -19.1995182
1557.779999999993, -18.9194851, -18.9214649, -18.9186211, -18.9190464, -18.9173431, -18.9148998, -18.9164963, -18.9179955, -18.9161072, -18.916502
1557.799999999993, -18.8673859, -18.8638344, -18.8620567, -18.8630905, -18.8671913, -18.8673058, -18.8645191, -18.8660488, -18.8641357, -18.8616905
1557.819999999993, -19.0936642, -19.0952358, -19.1015167, -19.1011047, -19.0993214, -19.0969524, -19.0971489, -19.0950184, -19.0961285, -19.0974731
1557.8399999999929, -19.5308247, -19.5339737, -19.5287552, -19.5299568, -19.5343018, -19.5309505, -19.5293674, -19.52598, -19.5270176, -19.5292377
1557.8599999999929, -19.9840946, -19.9835453, -19.9845943, -19.9816589, -19.9817028, -19.9782639, -19.9793663, -19.9811859, -19.9842911, -19.9851074
1557.8799999999928, -20.2341328, -20.2370396, -20.2375889, -20.2417812, -20.2373161, -20.2373905, -20.235836, -20.2334213, -20.2352066, -20.234766
1557.8999999999928, -20.1761055, -20.1786346, -20.185379, -20.1833992, -20.1795063, -20.1776085, -20.1753559, -20.1745071, -20.1774082, -20.1784401
1557.9199999999928, -19.9386959, -19.9416122, -19.9376469, -19.9367161, -19.936367, -19.9345703, -19.9343929, -19.9436207, -19.9399738, -19.9371376
1557.9399999999928, -19.7015152, -19.6981907, -19.7000332, -19.7023602, -19.696825, -19.6973839, -19.6946068, -19.6955814, -19.6964607, -19.6954632
1557.9599999999928, -19.5668507, -19.564436, -19.5688496, -19.5768471, -19.5730667, -19.5726357, -19.5612679, -19.5636234, -19.5651169, -19.5634804
1557.9799999999927, -19.3904018, -19.3874207, -19.3874645, -19.3851585, -19.385994, -19.3838844, -19.3829632, -19.3854256, -19.3842354, -19.3856335
1557.9999999999927, -19.2589874, -19.2609768, -19.2634735, -19.2615662, -19.2604046, -19.2614803, -19.2604084, -19.2615795, -19.2630424, -19.2656212
1558.0199999999927, -19.4485664, -19.4522896, -19.450531, -19.4532776, -19.4539604, -19.4529476, -19.4543877, -19.4567146, -19.4538174, -19.4524441
1558.0399999999927, -19.8457623, -19.8452358, -19.8439178, -19.8458385, -19.8473949, -19.8470745, -19.8501511, -19.8522148, -19.8464127, -19.847971
1558.0599999999927, -20.1839981, -20.1804466, -20.1806755, -20.1786842, -20.1788769, -20.1795139, -20.1805286, -20.1816635, -20.1856651, -20.1820259
1558.0799999999927, -20.2642479, -20.260313, -20.2589321, -20.2574673, -20.260252, -20.2584076, -20.2632809, -20.2625618, -20.2619762, -20.2633686
1558.0999999999926, -20.0662766, -20.0691814, -20.0677319, -20.0678673, -20.0715084, -20.0701351, -20.0709076, -20.0680332, -20.0666313, -20.0699043
1558.1199999999926, -19.7092228, -19.7069626, -19.7054882, -19.708931, -19.7131081, -19.7167435, -19.7085323, -19.7085609, -19.7117519, -19.7109032
1558.1399999999926, -19.3282127, -19.326849, -19.3276005, -19.3256493, -19.3281574, -19.3250942, -19.3266449, -19.330946, -19.3316422, -19.3276939
1558.1599999999926, -19.0405312, -19.0430088, -19.0424995, -19.0436382, -19.0469513, -19.048975, -19.0474777, -19.0458755, -19.0465794, -19.0500011
1558.1799999999926, -18.97159, -18.9671459, -18.9708042, -18.974659, -18.9783459, -18.9711037, -18.9692478, -18.9689846, -18.9723644, -18.9682446
1558.1999999999925, -19.1137924, -19.1066742, -19.1024799, -19.1020489, -19.0986137, -19.0945702, -19.0943871, -19.0911121, -19.0881615, -19.0878658
1558.2199999999925, -19.3897629, -19.3827095, -19.3760777, -19.3666153, -19.3587742, -19.3571777, -19.3528595, -19.3471336, -19.346138, -19.3425694
1558.2399999999925, -19.6707611, -19.6620312, -19.654438, -19.6475449, -19.6384926, -19.6311855, -19.6250057, -19.6159248, -19.6131687, -19.6107674
1558.2599999999925, -19.8921242, -19.8937836, -19.8789158, -19.8714561, -19.8637924, -19.85639, -19.8507633, -19.8482075, -19.8482838, -19.8477001
1558.2799999999925, -20.0468788, -20.0386028, -20.0403023, -20.0410194, -20.0304565, -20.0286636, -20.0252628, -20.0282574, -20.026598, -20.0226364
1558.2999999999925, -20.103941, -20.1103497, -20.1136608, -20.1072731, -20.1033192, -20.1015091, -20.0975475, -20.0995293, -20.1022129, -20.1051579
1558.3199999999924, -20.0494556, -20.0483971, -20.0437622, -20.0454311, -20.0481167, -20.0473442, -20.0461006, -20.0470886, -20.0453434, -20.0463123
1558.3399999999924, -19.8660431, -19.8682079, -19.8664074, -19.8666534, -19.8687191, -19.8717613, -19.8698044, -19.869072, -19.8692589, -19.871624
1558.3599999999924, -19.61343, -19.6121082, -19.6150856, -19.6216793, -19.6197319, -19.6219597, -19.6215572, -19.6195469, -19.6189709, -19.61796
1558.3799999999924, -19.3014545, -19.2971458, -19.2970905, -19.300518, -19.2993507, -19.2955608, -19.2981262, -19.2991657, -19.2966022, -19.2965012
1558.3999999999924, -19.0146713, -19.0166206, -19.0209713, -19.0192852, -19.0153198, -19.0170479, -19.0145359, -19.0126057, -19.012661, -19.011507
1558.4199999999923, -18.8897724, -18.8901443, -18.8878326, -18.8884239, -18.8923817, -18.8889046, -18.8889217, -18.8907909, -18.8898754, -18.8872738
1558.4399999999923, -19.1559467, -19.1545677, -19.1564884, -19.1595917, -19.159029, -19.1544514, -19.1579399, -19.1580238, -19.1614094, -19.1574078
1558.4599999999923, -19.4024258, -19.3997898, -19.3936501, -19.3891659, -19.3943539, -19.3966045, -19.3959885, -19.4017563, -19.4053135, -19.4142323
1558.4799999999923, -19.5221062, -19.5230675, -19.5290012, -19.5325451, -19.5232754, -19.5258503, -19.5314007, -19.5277691, -19.5272121, -19.524683
1558.4999999999923, -19.8977318, -19.9034634, -19.9029198, -19.8977699, -19.8972244, -19.8974228, -19.8987808, -19.898922, -19.9022808, -19.9048424
1558.5199999999923, -20.1126423, -20.1129799, -20.1170692, -20.1179066, -20.1173401, -20.1144352, -20.1175213, -20.1184082, -20.1152458, -20.115242
1558.5399999999922, -20.1171856, -20.1145191, -20.1168594, -20.1173229, -20.1196995, -20.1238575, -20.122242, -20.1168785, -20.1166439, -20.1171856
1558.5599999999922, -19.925539, -19.9258728, -19.9280701, -19.9271793, -19.9298325, -19.9327602, -19.9338303, -19.9276428, -19.9295368, -19.9313507
1558.5799999999922, -19.6034336, -19.6068344, -19.6135464, -19.6099262, -19.6089249, -19.6053505, -19.6063232, -19.6150856, -19.6235676, -19.6099548
1558.5999999999922, -19.2531872, -19.2499981, -19.2539845, -19.2560234, -19.254158, -19.2508488, -19.251461, -19.2492561, -19.2484512, -19.249979
1558.6199999999922, -19.047699, -19.0472927, -19.0492001, -19.0486279, -19.0510387, -19.0600147, -19.053709, -19.0532436, -19.0485115, -19.0491428
1558.6399999999921, -19.158968, -19.162075, -19.1593227, -19.1607933, -19.1614113, -19.1640587, -19.1617908, -19.1573467, -19.1609459, -19.1647148
1558.6599999999921, -19.5700188, -19.5684605, -19.5749722, -19.5711155, -19.572298, -19.5850067, -19.5749741, -19.5850582, -19.5763245, -19.5775089
1558.679999999992, -20.0869484, -20.085083, -20.0822601, -20.0896587, -20.0839119, -20.0854759, -20.0876179, -20.091156, -20.0974922, -20.0887318
1558.699999999992, -20.3988876, -20.399456, -20.3986721, -20.3979435, -20.3985176, -20.4013729, -20.4103222, -20.3999023, -20.4006538, -20.4016209
1558.719999999992, -20.4902096, -20.4908543, -20.4886971, -20.4895458, -20.4880104, -20.4872398, -20.4886417, -20.4882603, -20.4905224, -20.4882755
1558.739999999992, -20.4378242, -20.4374084, -20.4399261, -20.4383621, -20.4409008, -20.4389839, -20.43536, -20.4393101, -20.4410076, -20.4401112
1558.759999999992, -20.3048058, -20.3024578, -20.3040676, -20.3013096, -20.3053303, -20.3010006, -20.2953243, -20.3000278, -20.2983685, -20.296814
1558.779999999992, -20.0346222, -20.0333366, -20.0357475, -20.0379105, -20.0342484, -20.0349827, -20.0369892, -20.0341721, -20.0379028, -20.0407581
1558.799999999992, -19.6341553, -19.6384506, -19.6343288, -19.6375351, -19.634882, -19.6318359, -19.6331291, -19.6847782, -19.6780033, -19.6584301
1558.819999999992, -19.3179417, -19.3167286, -19.3147621, -19.3119068, -19.3151627, -19.3152313, -19.3146954, -19.3139153, -19.3125916, -19.3135452
1558.839999999992, -19.2916336, -19.2913971, -19.2920876, -19.2914314, -19.2909145, -19.2932758, -19.2901592, -19.2899227, -19.2939758, -19.294384
1558.859999999992, -19.5477924, -19.5507698, -19.547121, -19.5485935, -19.5499516, -19.5455647, -19.5466862, -19.546278, -19.5509071, -19.556612
1558.879999999992, -19.8910427, -19.8917217, -19.8902988, -19.8907356, -19.8871975, -19.8874168, -19.8850422, -19.883831, -19.8843346, -19.8877659
1558.899999999992, -20.1327763, -20.1262302, -20.1274128, -20.1323433, -20.1260185, -20.1278, -20.1342068, -20.1322174, -20.1309223, -20.1271877
1558.919999999992, -20.1706409, -20.1727524, -20.1706409, -20.1703377, -20.1704407, -20.1710377, -20.1704788, -20.1697559, -20.1702919, -20.171526
1558.9399999999919, -19.9849854, -19.9839764, -19.9832935, -19.9871311, -19.9876404, -19.9893036, -19.9891605, -19.9857559, -19.9855175, -19.9841728
1558.9599999999919, -19.6387157, -19.640955, -19.643198, -19.6405621, -19.6381836, -19.6394997, -19.6391315, -19.6390419, -19.6401997, -19.6386471
1558.9799999999918, -19.2585449, -19.2615891, -19.2612114, -19.2584114, -19.2571373, -19.2595291, -19.2577801, -19.256958, -19.2580566, -19.2589855
1558.9999999999918, -19.0286388, -19.034977, -19.0295658, -19.0272255, -19.0291443, -19.028595, -19.0298214, -19.0298939, -19.0294552, -19.0357456
1559.0199999999918, -19.0659809, -19.064497, -19.0636978, -19.0629234, -19.0634003, -19.0639076, -19.0623951, -19.0632038, -19.063467, -19.0654564
1559.0399999999918, -19.3512077, -19.3502941, -19.3466797, -19.3432941, -19.3429775, -19.3446426, -19.3430538, -19.3421707, -19.3372135, -19.3373661
1559.0599999999918, -19.7248783, -19.7190247, -19.7124939, -19.7068958, -19.7051487, -19.7026463, -19.6952019, -19.6912689, -19.6903877, -19.6902237
1559.0799999999917, -20.0535297, -20.0498352, -20.0406857, -20.034832, -20.0301914, -20.0279274, -20.0242691, -20.0243473, -20.0318279, -20.0272121
1559.0999999999917, -20.2503319, -20.2465057, -20.2451305, -20.2382622, -20.2353058, -20.2351818, -20.2288322, -20.2283249, -20.2285328, -20.2271881
1559.1199999999917, -20.3031445, -20.3058949, -20.3060741, -20.3028355, -20.3056927, -20.3034954, -20.3038101, -20.30933, -20.3025169, -20.3041134
1559.1399999999917, -20.2360306, -20.2314911, -20.2340813, -20.241888, -20.2446251, -20.2492619, -20.2491226, -20.2525921, -20.2521801, -20.2544861
1559.1599999999917, -20.0696125, -20.0698261, -20.0760021, -20.0812168, -20.0864944, -20.0944462, -20.1017113, -20.1115456, -20.1114826, -20.1126614
1559.1799999999917, -19.8458843, -19.8512955, -19.8607979, -19.8713169, -19.8828831, -19.8863945, -19.8891602, -19.9002781, -19.8992043, -19.8990879
1559.1999999999916, -19.5891571, -19.5917683, -19.5980682, -19.6020718, -19.6069946, -19.6214352, -19.6263676, -19.6335297, -19.6332951, -19.6346645
1559.2199999999916, -19.3530617, -19.3623466, -19.3633099, -19.3652935, -19.364212, -19.368309, -19.3611431, -19.3574181, -19.3584862, -19.3634262
1559.2399999999916, -19.173872, -19.1756134, -19.1750393, -19.1765499, -19.181345, -19.1798592, -19.1815681, -19.1796494, -19.1840935, -19.1846828
1559.2599999999916, -19.2414417, -19.2408409, -19.2407265, -19.2406826, -19.2403965, -19.2400169, -19.2405853, -19.2390919, -19.236599, -19.2375298
1559.2799999999916, -21.3243694, -21.3180733, -21.296627, -21.3117371, -21.2951336, -21.3144894, -21.2909222, -21.2793961, -21.2839413, -21.3180199
1559.2999999999915, -19.725811, -19.7248077, -19.7238846, -19.7267418, -19.7258797, -19.7264671, -19.724762, -19.7280045, -19.7284603, -19.7314053
1559.3199999999915, -20.0438633, -20.0501347, -20.0435867, -20.0440674, -20.0412235, -20.0426903, -20.0427456, -20.0484085, -20.0435104, -20.0436573
1559.3399999999915, -20.2845325, -20.280405, -20.2862759, -20.2891541, -20.2920437, -20.2816048, -20.2830181, -20.2875271, -20.2824497, -20.2851982
1559.3599999999915, -20.3414059, -20.339344, -20.3429146, -20.3459244, -20.3430977, -20.3404961, -20.3386078, -20.3430653, -20.3431644, -20.3487148
1559.3799999999915, -20.211874, -20.2179012, -20.2149086, -20.2164307, -20.2104893, -20.2098103, -20.2123547, -20.2167397, -20.2201271, -20.2242947
1559.3999999999915, -19.9373188, -19.9367981, -19.9363079, -19.9372845, -19.9396305, -19.9396992, -19.936264, -19.9316578, -19.9314003, -19.9364738
1559.4199999999914, -19.5819149, -19.5784397, -19.5786934, -19.5712719, -19.5733833, -19.5783443, -19.5773888, -19.5718441, -19.5724621, -19.5729351
1559.4399999999914, -19.3310623, -19.3300877, -19.3271732, -19.3271313, -19.3315907, -19.3282299, -19.3257923, -19.3251305, -19.3277893, -19.3285007
1559.4599999999914, -19.3765926, -19.3776703, -19.3801651, -19.3788109, -19.3761806, -19.3801041, -19.3752022, -19.3754787, -19.3796215, -19.3797302
1559.4799999999914, -19.723959, -19.7257652, -19.7183781, -19.7137775, -19.7159252, -19.7226429, -19.7162743, -19.7181358, -19.7199249, -19.7160015
1559.4999999999914, -20.0121555, -20.0264359, -20.0136833, -20.0144367, -20.0132885, -20.0096474, -20.0097561, -20.0104485, -20.0092144, -20.0077782
1559.5199999999913, -20.2329693, -20.2323895, -20.232605, -20.2342644, -20.232851, -20.2341213, -20.2337265, -20.232769, -20.2333145, -20.2345123
1559.5399999999913, -20.4742374, -20.4789982, -20.4800301, -20.4757652, -20.4733543, -20.4753819, -20.4807243, -20.4791565, -20.4779739, -20.4786568
1559.5599999999913, -20.6386299, -20.6367321, -20.6428375, -20.6395435, -20.6380634, -20.6383343, -20.6399689, -20.6430321, -20.6426182, -20.6524658
1559.5799999999913, -20.6585217, -20.6597004, -20.6595383, -20.6625214, -20.6599045, -20.6623745, -20.6722832, -20.6656666, -20.6651783, -20.6689243
1559.5999999999913, -20.4586582, -20.4578419, -20.459692, -20.4609585, -20.4615707, -20.4693737, -20.4665318, -20.4612865, -20.4578724, -20.4538136
1559.6199999999913, -20.0745354, -20.074049, -20.0713921, -20.0701752, -20.0709972, -20.0691967, -20.0703449, -20.0703583, -20.0684052, -20.0676785
1559.6399999999912, -19.651619, -19.6452122, -19.6484776, -19.6440029, -19.6440182, -19.644289, -19.6428719, -19.6437092, -19.6424904, -19.6451721
1559.6599999999912, -19.4377747, -19.437664, -19.4392967, -19.4355373, -19.4359703, -19.4356918, -19.4393024, -19.435791, -19.4354897, -19.4340248
1559.6799999999912, -19.5403099, -19.5423069, -19.5406837, -19.5435123, -19.5419617, -19.5450897, -19.5467739, -19.5416546, -19.5403099, -19.5438824
1559.6999999999912, -19.8844814, -19.8854313, -19.8852253, -19.883049, -19.8843555, -19.8882923, -19.8857098, -19.8819351, -19.8836098, -19.8834248
1559.7199999999912, -20.2344837, -20.2359371, -20.2390041, -20.2430439, -20.2385082, -20.2379665, -20.2358685, -20.2350998, -20.2351036, -20.2363396
1559.7399999999911, -20.4609814, -20.4591827, -20.4578571, -20.4577656, -20.4597988, -20.4580612, -20.4592075, -20.4584732, -20.4576836, -20.4579582
1559.7599999999911, -20.4395962, -20.4392147, -20.4394455, -20.4419022, -20.4410458, -20.4427319, -20.4406586, -20.4418488, -20.4405384, -20.4412956
1559.779999999991, -20.2104149, -20.2121201, -20.2135086, -20.211771, -20.2100468, -20.2053833, -20.2058773, -20.2079258, -20.2127323, -20.2087059
1559.799999999991, -19.817606, -19.8182011, -19.8178902, -19.814476, -19.8142834, -19.8162079, -19.8150387, -19.8161449, -19.8184814, -19.8168297
1559.819999999991, -19.431757, -19.4275608, -19.4295425, -19.4251232, -19.4205666, -19.4216747, -19.4238243, -19.4261875, -19.4256248, -19.427084
1559.839999999991, -19.1623058, -19.1584282, -19.1561546, -19.1574802, -19.1553192, -19.1558571, -19.1566677, -19.1537857, -19.1532745, -19.1541214
1559.859999999991, -19.1829891, -19.1853962, -19.1855621, -19.1847553, -19.1868153, -19.1837692, -19.1842136, -19.1819439, -19.1825752, -19.1827507
1559.879999999991, -19.4780254, -19.4796944, -19.4798737, -19.4801559, -19.4808178, -19.480135, -19.4782238, -19.4799347, -19.478838, -19.4792995
1559.899999999991, -19.9141579, -19.9118309, -19.9081535, -19.9071159, -19.9040565, -19.9035015, -19.9024124, -19.903553, -19.9020329, -19.9012146
1559.919999999991, -20.2610035, -20.2557259, -20.2528572, -20.2532635, -20.2551289, -20.2524681, -20.2529564, -20.2590446, -20.2508259, -20.2539349
1559.939999999991, -20.449379, -20.4496231, -20.4353123, -20.4321423, -20.437809, -20.4379635, -20.4308643, -20.4280796, -20.427187, -20.4267693
1559.959999999991, -20.4251308, -20.4278965, -20.4241295, -20.4287491, -20.4292889, -20.429472, -20.4284859, -20.4298496, -20.4366264, -20.4380779
1559.979999999991, -20.2567635, -20.2601357, -20.2624493, -20.2691936, -20.2782936, -20.2830887, -20.2905884, -20.3036079, -20.305542, -20.30299
1559.999999999991, -20.047884, -20.043541, -20.0469742, -20.0518684, -20.0597782, -20.0651684, -20.0677891, -20.0737495, -20.0765667, -20.0798435
