wavelength_nm ,power_reading_0_dbm ,power_reading_1_dbm ,power_reading_2_dbm ,power_reading_3_dbm ,power_reading_4_dbm ,power_reading_5_dbm ,power_reading_6_dbm ,power_reading_7_dbm ,power_reading_8_dbm ,power_reading_9_dbm 
1550.3, -1.56709824E+01, -1.56696730E+01, -1.56698227E+01, -1.56706944E+01, -1.56687899E+01, -1.56673021E+01, -1.56699314E+01, -1.56706686E+01, -1.56705751E+01, -1.56681557E+01
1550.305, -1.56872578E+01, -1.56860876E+01, -1.56824532E+01, -1.56788740E+01, -1.56765099E+01, -1.56844759E+01, -1.56817303E+01, -1.56807289E+01, -1.56804924E+01, -1.56824722E+01
1550.3100000000002, -1.56954937E+01, -1.56957569E+01, -1.56957674E+01, -1.56951656E+01, -1.56956882E+01, -1.56944981E+01, -1.56941957E+01, -1.56942091E+01, -1.56943960E+01, -1.56901093E+01
1550.3150000000003, -1.57010660E+01, -1.57027626E+01, -1.57017717E+01, -1.57019768E+01, -1.57014875E+01, -1.56996984E+01, -1.57024460E+01, -1.57029514E+01, -1.57041273E+01, -1.57021694E+01
1550.3200000000004, -1.57014360E+01, -1.57008648E+01, -1.57009363E+01, -1.56924610E+01, -1.56927738E+01, -1.56991224E+01, -1.57017202E+01, -1.56981583E+01, -1.57005825E+01, -1.57012119E+01
1550.3250000000005, -1.56945324E+01, -1.56978283E+01, -1.56963005E+01, -1.56975632E+01, -1.56970854E+01, -1.56993771E+01, -1.56990604E+01, -1.56983690E+01, -1.56986504E+01, -1.56997004E+01
1550.3300000000006, -1.56948137E+01, -1.56944675E+01, -1.56939125E+01, -1.56939240E+01, -1.56942682E+01, -1.56944132E+01, -1.56941843E+01, -1.56942997E+01, -1.56928349E+01, -1.56934242E+01
1550.3350000000007, -1.56837769E+01, -1.56854439E+01, -1.56841850E+01, -1.56840487E+01, -1.56863890E+01, -1.56871605E+01, -1.56865950E+01, -1.56874952E+01, -1.56855583E+01, -1.56848230E+01
1550.3400000000008, -1.56779528E+01, -1.56777334E+01, -1.56785965E+01, -1.56785164E+01, -1.56774588E+01, -1.56777534E+01, -1.56786442E+01, -1.56788359E+01, -1.56785183E+01, -1.56755476E+01
1550.345000000001, -1.56655235E+01, -1.56668596E+01, -1.56699133E+01, -1.56697845E+01, -1.56709318E+01, -1.56704531E+01, -1.56683455E+01, -1.56678381E+01, -1.56702843E+01, -1.56698265E+01
1550.350000000001, -1.56512032E+01, -1.56516447E+01, -1.56512499E+01, -1.56520128E+01, -1.56522350E+01, -1.56526089E+01, -1.56518497E+01, -1.56518230E+01, -1.56523485E+01, -1.56531258E+01
1550.3550000000012, -1.56299334E+01, -1.56350136E+01, -1.56373453E+01, -1.56381578E+01, -1.56372089E+01, -1.56374550E+01, -1.56377592E+01, -1.56384163E+01, -1.56386843E+01, -1.56386299E+01
1550.3600000000013, -1.56259823E+01, -1.56264343E+01, -1.56270370E+01, -1.56272755E+01, -1.56276255E+01, -1.56277609E+01, -1.56279926E+01, -1.56275625E+01, -1.56285753E+01, -1.56264830E+01
1550.3650000000014, -1.56113567E+01, -1.56129999E+01, -1.56137543E+01, -1.56144466E+01, -1.56141958E+01, -1.56133547E+01, -1.56130953E+01, -1.56135387E+01, -1.56144295E+01, -1.56156960E+01
1550.3700000000015, -1.56050920E+01, -1.56045380E+01, -1.56030464E+01, -1.56049099E+01, -1.56044931E+01, -1.56034393E+01, -1.56060057E+01, -1.56066341E+01, -1.56068354E+01, -1.56062803E+01
1550.3750000000016, -1.55888996E+01, -1.55964069E+01, -1.55988617E+01, -1.55986166E+01, -1.56000662E+01, -1.55983467E+01, -1.56000252E+01, -1.55988073E+01, -1.55991621E+01, -1.56003475E+01
1550.3800000000017, -1.55996456E+01, -1.55991812E+01, -1.55987797E+01, -1.55997496E+01, -1.56006403E+01, -1.55995750E+01, -1.55986538E+01, -1.55990486E+01, -1.55994759E+01, -1.55976162E+01
1550.3850000000018, -1.55866747E+01, -1.55880756E+01, -1.55889044E+01, -1.55906229E+01, -1.55901527E+01, -1.55892010E+01, -1.55904512E+01, -1.55956593E+01, -1.55982971E+01, -1.55984135E+01
1550.390000000002, -1.56001310E+01, -1.56013327E+01, -1.56009665E+01, -1.56053724E+01, -1.56024733E+01, -1.56030397E+01, -1.56116638E+01, -1.56188774E+01, -1.56159115E+01, -1.56174688E+01
1550.395000000002, -1.56547985E+01, -1.56547327E+01, -1.56550579E+01, -1.56535854E+01, -1.56538916E+01, -1.56520596E+01, -1.56530886E+01, -1.56534729E+01, -1.56547346E+01, -1.56544819E+01
1550.4000000000021, -1.56924772E+01, -1.56920195E+01, -1.56903782E+01, -1.56906328E+01, -1.56914406E+01, -1.56902838E+01, -1.56886320E+01, -1.56914539E+01, -1.56913404E+01, -1.56901588E+01
1550.4050000000022, -1.57444572E+01, -1.57438431E+01, -1.57440863E+01, -1.57430468E+01, -1.57438955E+01, -1.57402954E+01, -1.57405310E+01, -1.57408085E+01, -1.57408705E+01, -1.57412186E+01
1550.4100000000024, -1.58037367E+01, -1.58020468E+01, -1.58011932E+01, -1.58000956E+01, -1.57995234E+01, -1.57996578E+01, -1.57986689E+01, -1.58003550E+01, -1.57997122E+01, -1.57984858E+01
1550.4150000000025, -1.58860102E+01, -1.58866949E+01, -1.58863020E+01, -1.58849554E+01, -1.58850336E+01, -1.58829775E+01, -1.58804293E+01, -1.58807125E+01, -1.58809910E+01, -1.58818865E+01
1550.4200000000026, -1.59644632E+01, -1.59632721E+01, -1.59635878E+01, -1.59647684E+01, -1.59614401E+01, -1.59604778E+01, -1.59604206E+01, -1.59610100E+01, -1.59619303E+01, -1.59622002E+01
1550.4250000000027, -1.60409679E+01, -1.60419617E+01, -1.60417156E+01, -1.60430355E+01, -1.60423660E+01, -1.60421925E+01, -1.60425739E+01, -1.60424232E+01, -1.60431232E+01, -1.60436211E+01
1550.4300000000028, -1.61284351E+01, -1.61293144E+01, -1.61277714E+01, -1.61274052E+01, -1.61264839E+01, -1.61263294E+01, -1.61255054E+01, -1.61269360E+01, -1.61264648E+01, -1.61256638E+01
1550.435000000003, -1.62187729E+01, -1.62199020E+01, -1.62190342E+01, -1.62167168E+01, -1.62173901E+01, -1.62183437E+01, -1.62188110E+01, -1.62176914E+01, -1.62180424E+01, -1.62171803E+01
1550.440000000003, -1.62938919E+01, -1.62952290E+01, -1.62952347E+01, -1.62944717E+01, -1.62931156E+01, -1.62929192E+01, -1.62910271E+01, -1.62908039E+01, -1.62905102E+01, -1.62910633E+01
1550.4450000000031, -1.63425674E+01, -1.63433533E+01, -1.63386459E+01, -1.63403225E+01, -1.63413448E+01, -1.63402615E+01, -1.63410301E+01, -1.63407135E+01, -1.63417664E+01, -1.63417377E+01
1550.4500000000032, -1.63654575E+01, -1.63647785E+01, -1.63613644E+01, -1.63594742E+01, -1.63613930E+01, -1.63638763E+01, -1.63629398E+01, -1.63629990E+01, -1.63607311E+01, -1.63621788E+01
1550.4550000000033, -1.63682919E+01, -1.63686409E+01, -1.63693390E+01, -1.63690548E+01, -1.63690472E+01, -1.63683281E+01, -1.63692169E+01, -1.63686352E+01, -1.63689175E+01, -1.63688240E+01
1550.4600000000034, -1.63617840E+01, -1.63609486E+01, -1.63615017E+01, -1.63615608E+01, -1.63620358E+01, -1.63625698E+01, -1.63624229E+01, -1.63641186E+01, -1.63609486E+01, -1.63599129E+01
1550.4650000000036, -1.63552265E+01, -1.63562126E+01, -1.63563652E+01, -1.63555965E+01, -1.63550682E+01, -1.63551292E+01, -1.63554516E+01, -1.63557339E+01, -1.63547077E+01, -1.63532467E+01
1550.4700000000037, -1.63571930E+01, -1.63562260E+01, -1.63495502E+01, -1.63523636E+01, -1.63571033E+01, -1.63572102E+01, -1.63551102E+01, -1.63567848E+01, -1.63570728E+01, -1.63583336E+01
1550.4750000000038, -1.63703480E+01, -1.63709469E+01, -1.63709717E+01, -1.63696365E+01, -1.63693752E+01, -1.63714638E+01, -1.63667622E+01, -1.63670883E+01, -1.63689747E+01, -1.63720322E+01
1550.4800000000039, -1.63924160E+01, -1.63926411E+01, -1.63938980E+01, -1.63938217E+01, -1.63935909E+01, -1.63939266E+01, -1.63941631E+01, -1.63934708E+01, -1.63931541E+01, -1.63927021E+01
1550.485000000004, -1.63983421E+01, -1.63989143E+01, -1.63982143E+01, -1.63980103E+01, -1.63989525E+01, -1.63977776E+01, -1.63972797E+01, -1.63979416E+01, -1.63970356E+01, -1.63970680E+01
1550.490000000004, -1.63832817E+01, -1.63828030E+01, -1.63824310E+01, -1.63831120E+01, -1.63835506E+01, -1.63840046E+01, -1.63842335E+01, -1.63818569E+01, -1.63838654E+01, -1.63842716E+01
1550.4950000000042, -1.63418007E+01, -1.63406601E+01, -1.63414059E+01, -1.63416252E+01, -1.63421249E+01, -1.63417568E+01, -1.63413849E+01, -1.63406906E+01, -1.63386040E+01, -1.63389931E+01
1550.5000000000043, -1.62609806E+01, -1.62598400E+01, -1.62580776E+01, -1.62578239E+01, -1.62587395E+01, -1.62595348E+01, -1.62594357E+01, -1.62597218E+01, -1.62596664E+01, -1.62594681E+01
1550.5050000000044, -1.61727676E+01, -1.61725216E+01, -1.61728287E+01, -1.61723099E+01, -1.61709976E+01, -1.61705761E+01, -1.61705551E+01, -1.61719913E+01, -1.61705112E+01, -1.61722221E+01
1550.5100000000045, -1.60603504E+01, -1.60587273E+01, -1.60585861E+01, -1.60600357E+01, -1.60614815E+01, -1.60636272E+01, -1.60624275E+01, -1.60621758E+01, -1.60608807E+01, -1.60625610E+01
1550.5150000000046, -1.59542255E+01, -1.59528580E+01, -1.59539022E+01, -1.59531956E+01, -1.59552584E+01, -1.59564848E+01, -1.59562092E+01, -1.59565401E+01, -1.59560556E+01, -1.59556198E+01
1550.5200000000048, -1.58484974E+01, -1.58496475E+01, -1.58489799E+01, -1.58499098E+01, -1.58496838E+01, -1.58500013E+01, -1.58506765E+01, -1.58490057E+01, -1.58464174E+01, -1.58456631E+01
1550.5250000000049, -1.57560444E+01, -1.57573338E+01, -1.57578497E+01, -1.57580938E+01, -1.57573023E+01, -1.57578039E+01, -1.57570906E+01, -1.57567263E+01, -1.57571621E+01, -1.57549849E+01
1550.530000000005, -1.56841669E+01, -1.56832733E+01, -1.56839180E+01, -1.56826878E+01, -1.56810026E+01, -1.56807394E+01, -1.56799212E+01, -1.56811447E+01, -1.56828690E+01, -1.56842251E+01
1550.535000000005, -1.56183023E+01, -1.56175280E+01, -1.56184225E+01, -1.56173210E+01, -1.56182775E+01, -1.56177845E+01, -1.56186113E+01, -1.56176157E+01, -1.56182737E+01, -1.56182594E+01
1550.5400000000052, -1.55759535E+01, -1.55749693E+01, -1.55753727E+01, -1.55745745E+01, -1.55734653E+01, -1.55736799E+01, -1.55726080E+01, -1.55725479E+01, -1.55725183E+01, -1.55719290E+01
1550.5450000000053, -1.55387812E+01, -1.55383987E+01, -1.55364561E+01, -1.55352545E+01, -1.55304527E+01, -1.55332317E+01, -1.55333176E+01, -1.55334864E+01, -1.55311880E+01, -1.55340433E+01
1550.5500000000054, -1.55390682E+01, -1.55392208E+01, -1.55391264E+01, -1.55367537E+01, -1.55376520E+01, -1.55369539E+01, -1.55376701E+01, -1.55395947E+01, -1.55395870E+01, -1.55385551E+01
1550.5550000000055, -1.55099192E+01, -1.55101557E+01, -1.55101509E+01, -1.55089502E+01, -1.55098467E+01, -1.55097628E+01, -1.55084429E+01, -1.55086136E+01, -1.55091190E+01, -1.55093393E+01
1550.5600000000056, -1.55122833E+01, -1.55130558E+01, -1.55127373E+01, -1.55117521E+01, -1.55128374E+01, -1.55125809E+01, -1.55128298E+01, -1.55126953E+01, -1.55135269E+01, -1.55131149E+01
1550.5650000000057, -1.55199289E+01, -1.55196629E+01, -1.55201683E+01, -1.55208092E+01, -1.55205183E+01, -1.55204649E+01, -1.55197392E+01, -1.55216465E+01, -1.55218716E+01, -1.55213604E+01
1550.5700000000058, -1.55396032E+01, -1.55382891E+01, -1.55393372E+01, -1.55404816E+01, -1.55395317E+01, -1.55394545E+01, -1.55381279E+01, -1.55369968E+01, -1.55350943E+01, -1.55361223E+01
1550.575000000006, -1.55611792E+01, -1.55597467E+01, -1.55596972E+01, -1.55585928E+01, -1.55590391E+01, -1.55587969E+01, -1.55587530E+01, -1.55567999E+01, -1.55592299E+01, -1.55600643E+01
1550.580000000006, -1.55801964E+01, -1.55809784E+01, -1.55815058E+01, -1.55818663E+01, -1.55826712E+01, -1.55828104E+01, -1.55830917E+01, -1.55828905E+01, -1.55829315E+01, -1.55829067E+01
1550.5850000000062, -1.55992584E+01, -1.55995750E+01, -1.55995398E+01, -1.56000566E+01, -1.56008902E+01, -1.56010418E+01, -1.56006317E+01, -1.56020241E+01, -1.56020126E+01, -1.56013308E+01
1550.5900000000063, -1.56197691E+01, -1.56185408E+01, -1.56198311E+01, -1.56204548E+01, -1.56178598E+01, -1.56176691E+01, -1.56186914E+01, -1.56194124E+01, -1.56206875E+01, -1.56211052E+01
1550.5950000000064, -1.56316261E+01, -1.56324692E+01, -1.56333742E+01, -1.56347303E+01, -1.56354342E+01, -1.56358204E+01, -1.56330233E+01, -1.56333055E+01, -1.56342516E+01, -1.56343813E+01
1550.6000000000065, -1.56484556E+01, -1.56473856E+01, -1.56473055E+01, -1.56472940E+01, -1.56477222E+01, -1.56476450E+01, -1.56466417E+01, -1.56448412E+01, -1.56441135E+01, -1.56450014E+01
1550.6050000000066, -1.56556797E+01, -1.56527433E+01, -1.56521053E+01, -1.56532850E+01, -1.56548824E+01, -1.56555128E+01, -1.56548910E+01, -1.56535130E+01, -1.56566191E+01, -1.56572332E+01
1550.6100000000067, -1.56608276E+01, -1.56614113E+01, -1.56607180E+01, -1.56625156E+01, -1.56608629E+01, -1.56605215E+01, -1.56614542E+01, -1.56615276E+01, -1.56599569E+01, -1.56607590E+01
1550.6150000000068, -1.56655149E+01, -1.56626701E+01, -1.56638432E+01, -1.56658850E+01, -1.56655350E+01, -1.56655378E+01, -1.56641073E+01, -1.56642466E+01, -1.56651564E+01, -1.56663628E+01
1550.620000000007, -1.56631031E+01, -1.56640129E+01, -1.56645613E+01, -1.56609554E+01, -1.56588945E+01, -1.56603546E+01, -1.56610117E+01, -1.56613684E+01, -1.56613817E+01, -1.56601582E+01
1550.625000000007, -1.56452837E+01, -1.56468353E+01, -1.56500692E+01, -1.56507225E+01, -1.56507807E+01, -1.56498461E+01, -1.56505413E+01, -1.56499748E+01, -1.56497259E+01, -1.56495342E+01
1550.6300000000072, -1.56385784E+01, -1.56352005E+01, -1.56343250E+01, -1.56359758E+01, -1.56340399E+01, -1.56338749E+01, -1.56357355E+01, -1.56357059E+01, -1.56376848E+01, -1.56394053E+01
1550.6350000000073, -1.56229801E+01, -1.56220093E+01, -1.56224279E+01, -1.56225653E+01, -1.56225977E+01, -1.56220245E+01, -1.56215763E+01, -1.56184578E+01, -1.56209373E+01, -1.56213408E+01
1550.6400000000074, -1.56022902E+01, -1.56019049E+01, -1.56012201E+01, -1.56015501E+01, -1.56018686E+01, -1.56021795E+01, -1.56012144E+01, -1.56006784E+01, -1.56000319E+01, -1.56003428E+01
1550.6450000000075, -1.55758257E+01, -1.55750446E+01, -1.55735178E+01, -1.55733290E+01, -1.55745926E+01, -1.55753765E+01, -1.55753050E+01, -1.55750952E+01, -1.55747824E+01, -1.55746660E+01
1550.6500000000076, -1.55455294E+01, -1.55472450E+01, -1.55489416E+01, -1.55476131E+01, -1.55476465E+01, -1.55489569E+01, -1.55490541E+01, -1.55500669E+01, -1.55496244E+01, -1.55494328E+01
1550.6550000000077, -1.55183420E+01, -1.55190706E+01, -1.55189266E+01, -1.55180035E+01, -1.55168619E+01, -1.55180120E+01, -1.55193205E+01, -1.55187435E+01, -1.55153704E+01, -1.55176334E+01
1550.6600000000078, -1.54903831E+01, -1.54888439E+01, -1.54870701E+01, -1.54870358E+01, -1.54875488E+01, -1.54850283E+01, -1.54861708E+01, -1.54887676E+01, -1.54875536E+01, -1.54890203E+01
1550.665000000008, -1.54594650E+01, -1.54594154E+01, -1.54573069E+01, -1.54561987E+01, -1.54581881E+01, -1.54584894E+01, -1.54593449E+01, -1.54596386E+01, -1.54599829E+01, -1.54598894E+01
1550.670000000008, -1.54329138E+01, -1.54331036E+01, -1.54325066E+01, -1.54315367E+01, -1.54316549E+01, -1.54311304E+01, -1.54327555E+01, -1.54334173E+01, -1.54332771E+01, -1.54327059E+01
1550.6750000000081, -1.54030085E+01, -1.54034462E+01, -1.54031897E+01, -1.54032173E+01, -1.54015799E+01, -1.54010248E+01, -1.54022198E+01, -1.54030485E+01, -1.54025002E+01, -1.54017954E+01
1550.6800000000082, -1.53776188E+01, -1.53776541E+01, -1.53777485E+01, -1.53778448E+01, -1.53766375E+01, -1.53770189E+01, -1.53778734E+01, -1.53775377E+01, -1.53780880E+01, -1.53785772E+01
1550.6850000000084, -1.53572073E+01, -1.53602152E+01, -1.53590794E+01, -1.53584490E+01, -1.53582954E+01, -1.53585148E+01, -1.53585558E+01, -1.53587685E+01, -1.53580008E+01, -1.53579245E+01
1550.6900000000085, -1.53396721E+01, -1.53394842E+01, -1.53398705E+01, -1.53399353E+01, -1.53391361E+01, -1.53395586E+01, -1.53391314E+01, -1.53384886E+01, -1.53393955E+01, -1.53383036E+01
1550.6950000000086, -1.53212252E+01, -1.53232641E+01, -1.53231840E+01, -1.53230562E+01, -1.53223991E+01, -1.53218184E+01, -1.53235455E+01, -1.53239841E+01, -1.53240681E+01, -1.53237705E+01
1550.7000000000087, -1.53147411E+01, -1.53154192E+01, -1.53145590E+01, -1.53146200E+01, -1.53152885E+01, -1.53158312E+01, -1.53160200E+01, -1.53155508E+01, -1.53153057E+01, -1.53145695E+01
1550.7050000000088, -1.53039112E+01, -1.53048401E+01, -1.53041754E+01, -1.53022900E+01, -1.53020468E+01, -1.53039312E+01, -1.53050137E+01, -1.53046379E+01, -1.53037186E+01, -1.53044243E+01
1550.710000000009, -1.53057880E+01, -1.53060389E+01, -1.53065853E+01, -1.53073578E+01, -1.53077545E+01, -1.53082504E+01, -1.53079624E+01, -1.53081875E+01, -1.53077736E+01, -1.53060808E+01
1550.715000000009, -1.53078365E+01, -1.53060932E+01, -1.53074522E+01, -1.53093309E+01, -1.53108196E+01, -1.53118334E+01, -1.53111334E+01, -1.53110189E+01, -1.53019905E+01, -1.52976818E+01
1550.7200000000091, -1.53178701E+01, -1.53189774E+01, -1.53180037E+01, -1.53180180E+01, -1.53187122E+01, -1.53193846E+01, -1.53187952E+01, -1.53180084E+01, -1.53179655E+01, -1.53164911E+01
1550.7250000000092, -1.53278351E+01, -1.53287926E+01, -1.53292513E+01, -1.53290014E+01, -1.53287907E+01, -1.53287611E+01, -1.53265028E+01, -1.53282528E+01, -1.53293533E+01, -1.53297443E+01
1550.7300000000093, -1.53427572E+01, -1.53429718E+01, -1.53433008E+01, -1.53440466E+01, -1.53439331E+01, -1.53435764E+01, -1.53437214E+01, -1.53440695E+01, -1.53438177E+01, -1.53439417E+01
1550.7350000000094, -1.53658419E+01, -1.53658686E+01, -1.53663139E+01, -1.53650618E+01, -1.53662663E+01, -1.53652067E+01, -1.53643923E+01, -1.53652096E+01, -1.53658991E+01, -1.53655901E+01
1550.7400000000096, -1.53812199E+01, -1.53808937E+01, -1.53792238E+01, -1.53795891E+01, -1.53796959E+01, -1.53791742E+01, -1.53783588E+01, -1.53787622E+01, -1.53795633E+01, -1.53795757E+01
1550.7450000000097, -1.53991709E+01, -1.53969374E+01, -1.53978596E+01, -1.53986454E+01, -1.53986540E+01, -1.53978386E+01, -1.53979177E+01, -1.53977594E+01, -1.53974247E+01, -1.53974514E+01
1550.7500000000098, -1.54215193E+01, -1.54208317E+01, -1.54213037E+01, -1.54209213E+01, -1.54218159E+01, -1.54220524E+01, -1.54220762E+01, -1.54227867E+01, -1.54220295E+01, -1.54232111E+01
1550.7550000000099, -1.54361992E+01, -1.54357681E+01, -1.54364061E+01, -1.54382486E+01, -1.54370279E+01, -1.54390659E+01, -1.54391689E+01, -1.54374523E+01, -1.54365902E+01, -1.54374046E+01
1550.76000000001, -1.54651566E+01, -1.54649239E+01, -1.54645443E+01, -1.54650373E+01, -1.54644260E+01, -1.54636431E+01, -1.54642982E+01, -1.54630842E+01, -1.54613543E+01, -1.54608631E+01
1550.76500000001, -1.54856339E+01, -1.54854612E+01, -1.54798269E+01, -1.54746943E+01, -1.54708967E+01, -1.54715929E+01, -1.54834223E+01, -1.54861231E+01, -1.54869843E+01, -1.54863520E+01
1550.7700000000102, -1.55023441E+01, -1.55024586E+01, -1.54996948E+01, -1.55017786E+01, -1.55004826E+01, -1.55012064E+01, -1.55041189E+01, -1.55046024E+01, -1.55037050E+01, -1.55037870E+01
1550.7750000000103, -1.55209923E+01, -1.55207224E+01, -1.55220222E+01, -1.55200663E+01, -1.55216017E+01, -1.55198517E+01, -1.55193834E+01, -1.55181522E+01, -1.55197582E+01, -1.55211687E+01
1550.7800000000104, -1.55337572E+01, -1.55354490E+01, -1.55364904E+01, -1.55365095E+01, -1.55370378E+01, -1.55375118E+01, -1.55379524E+01, -1.55372934E+01, -1.55375948E+01, -1.55375671E+01
1550.7850000000105, -1.55466375E+01, -1.55477533E+01, -1.55478802E+01, -1.55484495E+01, -1.55478973E+01, -1.55490646E+01, -1.55493155E+01, -1.55490656E+01, -1.55480251E+01, -1.55470791E+01
1550.7900000000107, -1.55581341E+01, -1.55587101E+01, -1.55586348E+01, -1.55574789E+01, -1.55566225E+01, -1.55569115E+01, -1.55569220E+01, -1.55555010E+01, -1.55555563E+01, -1.55562220E+01
1550.7950000000108, -1.55599823E+01, -1.55584545E+01, -1.55579329E+01, -1.55602455E+01, -1.55600872E+01, -1.55588360E+01, -1.55593319E+01, -1.55600481E+01, -1.55605974E+01, -1.55613260E+01
1550.8000000000109, -1.55625963E+01, -1.55627279E+01, -1.55636387E+01, -1.55635929E+01, -1.55660410E+01, -1.55678749E+01, -1.55687628E+01, -1.55705328E+01, -1.55705605E+01, -1.55706701E+01
1550.805000000011, -1.55683613E+01, -1.55684347E+01, -1.55679188E+01, -1.55676594E+01, -1.55630484E+01, -1.55643244E+01, -1.55618792E+01, -1.55619526E+01, -1.55626392E+01, -1.55633621E+01
1550.810000000011, -1.55577402E+01, -1.55575676E+01, -1.55573311E+01, -1.55583906E+01, -1.55566463E+01, -1.55556383E+01, -1.55562363E+01, -1.55561714E+01, -1.55552759E+01, -1.55555983E+01
1550.8150000000112, -1.55594654E+01, -1.55590048E+01, -1.55593538E+01, -1.55579615E+01, -1.55575857E+01, -1.55561895E+01, -1.55555267E+01, -1.55569820E+01, -1.55556726E+01, -1.55584221E+01
1550.8200000000113, -1.55441484E+01, -1.55433598E+01, -1.55433588E+01, -1.55450745E+01, -1.55436926E+01, -1.55452681E+01, -1.55456285E+01, -1.55460463E+01, -1.55458498E+01, -1.55451498E+01
1550.8250000000114, -1.55405502E+01, -1.55386410E+01, -1.55377607E+01, -1.55393696E+01, -1.55412712E+01, -1.55409603E+01, -1.55416822E+01, -1.55413866E+01, -1.55416908E+01, -1.55416002E+01
1550.8300000000115, -1.55258503E+01, -1.55259600E+01, -1.55253315E+01, -1.55264959E+01, -1.55266876E+01, -1.55263309E+01, -1.55260296E+01, -1.55258284E+01, -1.55265923E+01, -1.55261288E+01
1550.8350000000116, -1.55059338E+01, -1.55060701E+01, -1.55063457E+01, -1.55062828E+01, -1.55051126E+01, -1.55051804E+01, -1.55072613E+01, -1.55054770E+01, -1.55080547E+01, -1.55087948E+01
1550.8400000000117, -1.54855709E+01, -1.54852753E+01, -1.54842796E+01, -1.54858608E+01, -1.54860954E+01, -1.54819832E+01, -1.54824409E+01, -1.54859858E+01, -1.54833450E+01, -1.54851685E+01
1550.8450000000119, -1.54666967E+01, -1.54667282E+01, -1.54665527E+01, -1.54671383E+01, -1.54670382E+01, -1.54661465E+01, -1.54666767E+01, -1.54658194E+01, -1.54653711E+01, -1.54663324E+01
1550.850000000012, -1.54430103E+01, -1.54437075E+01, -1.54432001E+01, -1.54435434E+01, -1.54426098E+01, -1.54426107E+01, -1.54428759E+01, -1.54420471E+01, -1.54423037E+01, -1.54411497E+01
1550.855000000012, -1.54157534E+01, -1.54154425E+01, -1.54161119E+01, -1.54119339E+01, -1.54162140E+01, -1.54165640E+01, -1.54146252E+01, -1.54114981E+01, -1.53660851E+01, -1.53828344E+01
1550.8600000000122, -1.53932419E+01, -1.53868046E+01, -1.53904696E+01, -1.53939219E+01, -1.53944254E+01, -1.53929615E+01, -1.53917437E+01, -1.53914738E+01, -1.53939352E+01, -1.53916578E+01
1550.8650000000123, -1.53687868E+01, -1.53696785E+01, -1.53698416E+01, -1.53703632E+01, -1.53708248E+01, -1.53687840E+01, -1.53695135E+01, -1.53695946E+01, -1.53704662E+01, -1.53699064E+01
1550.8700000000124, -1.53574591E+01, -1.53566551E+01, -1.53567705E+01, -1.53554592E+01, -1.53568497E+01, -1.53571711E+01, -1.53569155E+01, -1.53573084E+01, -1.53570471E+01, -1.53562326E+01
1550.8750000000125, -1.53368301E+01, -1.53384848E+01, -1.53375893E+01, -1.53377056E+01, -1.53372402E+01, -1.53378057E+01, -1.53370600E+01, -1.53362904E+01, -1.53353014E+01, -1.53333216E+01
1550.8800000000126, -1.53290710E+01, -1.53287497E+01, -1.53276310E+01, -1.53280220E+01, -1.53273802E+01, -1.53270741E+01, -1.53275433E+01, -1.53269005E+01, -1.53262100E+01, -1.53273792E+01
1550.8850000000127, -1.53132648E+01, -1.53166561E+01, -1.53181114E+01, -1.53183517E+01, -1.53174582E+01, -1.53174133E+01, -1.53181944E+01, -1.53176270E+01, -1.53160982E+01, -1.53169298E+01
1550.8900000000128, -1.53130121E+01, -1.53100586E+01, -1.53143320E+01, -1.53155708E+01, -1.53166647E+01, -1.53146896E+01, -1.53165808E+01, -1.53174934E+01, -1.53175011E+01, -1.53180857E+01
1550.895000000013, -1.53179255E+01, -1.53159866E+01, -1.53193722E+01, -1.53196354E+01, -1.53170576E+01, -1.53172674E+01, -1.53188486E+01, -1.53208475E+01, -1.53208237E+01, -1.53209496E+01
1550.900000000013, -1.53238583E+01, -1.53247347E+01, -1.53239107E+01, -1.53248997E+01, -1.53239231E+01, -1.53238239E+01, -1.53243513E+01, -1.53240757E+01, -1.53242998E+01, -1.53231411E+01
1550.9050000000132, -1.53351440E+01, -1.53368587E+01, -1.53367071E+01, -1.53372173E+01, -1.53362455E+01, -1.53346615E+01, -1.53343763E+01, -1.53341188E+01, -1.53345070E+01, -1.53360901E+01
1552.5, -1.52470312E+01, -1.52469540E+01, -1.52464476E+01, -1.52451324E+01, -1.52427187E+01, -1.52441206E+01, -1.52463722E+01, -1.52458277E+01, -1.52443514E+01, -1.52445087E+01
1552.505, -1.52302189E+01, -1.52302713E+01, -1.52316618E+01, -1.52280149E+01, -1.52289743E+01, -1.52279453E+01, -1.52318335E+01, -1.52316694E+01, -1.52327986E+01, -1.52311735E+01
1552.5100000000002, -1.52194262E+01, -1.52200003E+01, -1.52200470E+01, -1.52193365E+01, -1.52194920E+01, -1.52190466E+01, -1.52179918E+01, -1.52165642E+01, -1.52168922E+01, -1.52186766E+01
1552.5150000000003, -1.51957798E+01, -1.51995564E+01, -1.52045631E+01, -1.52087765E+01, -1.52103930E+01, -1.52104816E+01, -1.52102299E+01, -1.52101221E+01, -1.52103043E+01, -1.52104235E+01
1552.5200000000004, -1.52084904E+01, -1.52072744E+01, -1.52085323E+01, -1.52100096E+01, -1.52103806E+01, -1.52100210E+01, -1.52105131E+01, -1.52089748E+01, -1.52093391E+01, -1.52105436E+01
1552.5250000000005, -1.52088518E+01, -1.52089949E+01, -1.52090855E+01, -1.52097540E+01, -1.52106228E+01, -1.52102604E+01, -1.52091703E+01, -1.52101994E+01, -1.52093611E+01, -1.52099752E+01
1552.5300000000007, -1.52220039E+01, -1.52211771E+01, -1.52213497E+01, -1.52211475E+01, -1.52207708E+01, -1.52187605E+01, -1.52211132E+01, -1.52214136E+01, -1.52200289E+01, -1.52185783E+01
1552.5350000000008, -1.52344389E+01, -1.52352409E+01, -1.52340307E+01, -1.52323713E+01, -1.52340965E+01, -1.52340117E+01, -1.52346745E+01, -1.52338181E+01, -1.52345438E+01, -1.52350674E+01
1552.5400000000009, -1.52580070E+01, -1.52566109E+01, -1.52573748E+01, -1.52584429E+01, -1.52584200E+01, -1.52581825E+01, -1.52580738E+01, -1.52568188E+01, -1.52575455E+01, -1.52563086E+01
1552.545000000001, -1.52865324E+01, -1.52884769E+01, -1.52888451E+01, -1.52883530E+01, -1.52871294E+01, -1.52878819E+01, -1.52886362E+01, -1.52879419E+01, -1.52864332E+01, -1.52778292E+01
1552.550000000001, -1.53204346E+01, -1.53215065E+01, -1.53217850E+01, -1.53216734E+01, -1.53224926E+01, -1.53219700E+01, -1.53213005E+01, -1.53232489E+01, -1.53243771E+01, -1.53237467E+01
1552.5550000000012, -1.53523674E+01, -1.53538494E+01, -1.53578949E+01, -1.53606863E+01, -1.53613796E+01, -1.53614359E+01, -1.53611746E+01, -1.53611431E+01, -1.53572760E+01, -1.53555460E+01
1552.5600000000013, -1.54009342E+01, -1.54019375E+01, -1.54019699E+01, -1.54018164E+01, -1.54019136E+01, -1.54032574E+01, -1.54029932E+01, -1.54026861E+01, -1.54026003E+01, -1.54025431E+01
1552.5650000000014, -1.54419804E+01, -1.54416084E+01, -1.54448280E+01, -1.54449587E+01, -1.54444952E+01, -1.54440889E+01, -1.54437857E+01, -1.54452343E+01, -1.54453630E+01, -1.54457922E+01
1552.5700000000015, -1.54800892E+01, -1.54829216E+01, -1.54831572E+01, -1.54843168E+01, -1.54848967E+01, -1.54851828E+01, -1.54862757E+01, -1.54860191E+01, -1.54853926E+01, -1.54818554E+01
1552.5750000000016, -1.55248117E+01, -1.55247660E+01, -1.55251732E+01, -1.55234451E+01, -1.55197754E+01, -1.55168180E+01, -1.55229568E+01, -1.55200300E+01, -1.55233517E+01, -1.55175858E+01
1552.5800000000017, -1.55616789E+01, -1.55636444E+01, -1.55662022E+01, -1.55658035E+01, -1.55649490E+01, -1.55651617E+01, -1.55624113E+01, -1.55529060E+01, -1.55567846E+01, -1.55156612E+01
1552.5850000000019, -1.56032858E+01, -1.56036110E+01, -1.56024141E+01, -1.56030159E+01, -1.56032534E+01, -1.56052132E+01, -1.56064510E+01, -1.56048403E+01, -1.56052151E+01, -1.56034412E+01
1552.590000000002, -1.56344957E+01, -1.56322327E+01, -1.56327524E+01, -1.56349268E+01, -1.56350403E+01, -1.56340694E+01, -1.56330633E+01, -1.56323929E+01, -1.56331615E+01, -1.56315460E+01
1552.595000000002, -1.56584301E+01, -1.56583004E+01, -1.56591787E+01, -1.56570721E+01, -1.56580172E+01, -1.56571894E+01, -1.56578474E+01, -1.56485586E+01, -1.56517744E+01, -1.56546898E+01
1552.6000000000022, -1.56727695E+01, -1.56722250E+01, -1.56785316E+01, -1.56794338E+01, -1.56799889E+01, -1.56796951E+01, -1.56800013E+01, -1.56795092E+01, -1.56789351E+01, -1.56787624E+01
1552.6050000000023, -1.56939077E+01, -1.56929398E+01, -1.56932335E+01, -1.56934128E+01, -1.56908951E+01, -1.56944809E+01, -1.56908703E+01, -1.56909418E+01, -1.56901579E+01, -1.56899862E+01
1552.6100000000024, -1.57035131E+01, -1.57038488E+01, -1.57045679E+01, -1.57038746E+01, -1.57024612E+01, -1.57045002E+01, -1.57047281E+01, -1.57049274E+01, -1.57049551E+01, -1.57057161E+01
1552.6150000000025, -1.57186146E+01, -1.57195301E+01, -1.57212200E+01, -1.57212248E+01, -1.57221003E+01, -1.57189627E+01, -1.57146835E+01, -1.57189503E+01, -1.57211046E+01, -1.57204971E+01
1552.6200000000026, -1.57491388E+01, -1.57485399E+01, -1.57481346E+01, -1.57491112E+01, -1.57513618E+01, -1.57503328E+01, -1.57503824E+01, -1.57513428E+01, -1.57465792E+01, -1.57082195E+01
1552.6250000000027, -1.58082952E+01, -1.58081255E+01, -1.58076439E+01, -1.58089342E+01, -1.58084803E+01, -1.58077230E+01, -1.58085041E+01, -1.58091173E+01, -1.58072081E+01, -1.58056984E+01
1552.6300000000028, -1.58845739E+01, -1.58824205E+01, -1.58860865E+01, -1.58892832E+01, -1.58902836E+01, -1.58903913E+01, -1.58895559E+01, -1.58880558E+01, -1.58808155E+01, -1.58799276E+01
1552.635000000003, -1.59914713E+01, -1.59883585E+01, -1.59910173E+01, -1.59920740E+01, -1.59886732E+01, -1.59914789E+01, -1.59959259E+01, -1.59956999E+01, -1.59930534E+01, -1.59926214E+01
1552.640000000003, -1.61303082E+01, -1.61325054E+01, -1.61318722E+01, -1.61320858E+01, -1.61318531E+01, -1.61317158E+01, -1.61307640E+01, -1.61309147E+01, -1.61305466E+01, -1.61306190E+01
1552.6450000000032, -1.62683296E+01, -1.62683678E+01, -1.62689018E+01, -1.62693043E+01, -1.62590656E+01, -1.62368755E+01, -1.62568016E+01, -1.62684422E+01, -1.62696552E+01, -1.62724953E+01
1552.6500000000033, -1.63709030E+01, -1.63726730E+01, -1.63703423E+01, -1.63706703E+01, -1.63724060E+01, -1.63723202E+01, -1.63728714E+01, -1.63709164E+01, -1.63699284E+01, -1.63691597E+01
1552.6550000000034, -1.63998108E+01, -1.64081459E+01, -1.64120579E+01, -1.64130955E+01, -1.64140778E+01, -1.64106007E+01, -1.64130955E+01, -1.64144020E+01, -1.64141903E+01, -1.64136715E+01
1552.6600000000035, -1.63900070E+01, -1.63847561E+01, -1.63850861E+01, -1.63867798E+01, -1.63856258E+01, -1.63859329E+01, -1.63859367E+01, -1.63868027E+01, -1.63877335E+01, -1.63863869E+01
1552.6650000000036, -1.62785015E+01, -1.62764320E+01, -1.62759190E+01, -1.62787552E+01, -1.62796860E+01, -1.62789116E+01, -1.62788601E+01, -1.62783260E+01, -1.62790031E+01, -1.62783566E+01
1552.6700000000037, -1.61451607E+01, -1.61420956E+01, -1.61447067E+01, -1.61348667E+01, -1.61361160E+01, -1.61450424E+01, -1.61456814E+01, -1.61490383E+01, -1.61488094E+01, -1.61499710E+01
1552.6750000000038, -1.60087261E+01, -1.60067825E+01, -1.60082092E+01, -1.60090179E+01, -1.60105839E+01, -1.60111561E+01, -1.60133991E+01, -1.60106106E+01, -1.60127087E+01, -1.60143242E+01
1552.680000000004, -1.59047832E+01, -1.59009581E+01, -1.59017429E+01, -1.59017200E+01, -1.59014635E+01, -1.59009409E+01, -1.59016867E+01, -1.59017811E+01, -1.59008751E+01, -1.59011059E+01
1552.685000000004, -1.58230753E+01, -1.58213091E+01, -1.58207741E+01, -1.58193617E+01, -1.58211403E+01, -1.58217697E+01, -1.58212843E+01, -1.58212843E+01, -1.58207417E+01, -1.58211193E+01
1552.6900000000041, -1.57666655E+01, -1.57656574E+01, -1.57671471E+01, -1.57672615E+01, -1.57677526E+01, -1.57689419E+01, -1.57693148E+01, -1.57691221E+01, -1.57680426E+01, -1.57666225E+01
1552.6950000000043, -1.57425299E+01, -1.57423820E+01, -1.57422581E+01, -1.57429295E+01, -1.57425594E+01, -1.57418623E+01, -1.57380266E+01, -1.57402143E+01, -1.57409716E+01, -1.57414532E+01
1552.7000000000044, -1.57324352E+01, -1.57315798E+01, -1.57303944E+01, -1.57290916E+01, -1.57301493E+01, -1.57308998E+01, -1.57323437E+01, -1.57304296E+01, -1.57316399E+01, -1.57306175E+01
1552.7050000000045, -1.57251406E+01, -1.57261200E+01, -1.57272863E+01, -1.57276201E+01, -1.57280493E+01, -1.57280588E+01, -1.57279863E+01, -1.57273598E+01, -1.57278643E+01, -1.57273655E+01
1552.7100000000046, -1.57275658E+01, -1.57269630E+01, -1.57264099E+01, -1.57244873E+01, -1.57252502E+01, -1.57234707E+01, -1.57241583E+01, -1.57246752E+01, -1.57232885E+01, -1.57245770E+01
1552.7150000000047, -1.57088623E+01, -1.57096386E+01, -1.57084055E+01, -1.57086964E+01, -1.57092028E+01, -1.57100506E+01, -1.57087641E+01, -1.57079725E+01, -1.57086067E+01, -1.57091017E+01
1552.7200000000048, -1.56934414E+01, -1.56922808E+01, -1.56920433E+01, -1.56913309E+01, -1.56936102E+01, -1.56943645E+01, -1.56946096E+01, -1.56944494E+01, -1.56940670E+01, -1.56928434E+01
1552.725000000005, -1.56596489E+01, -1.56606092E+01, -1.56589050E+01, -1.56596565E+01, -1.56585560E+01, -1.56595984E+01, -1.56591368E+01, -1.56580830E+01, -1.56588602E+01, -1.56627703E+01
1552.730000000005, -1.56234674E+01, -1.56238976E+01, -1.56238632E+01, -1.56249237E+01, -1.56244764E+01, -1.56255856E+01, -1.56250210E+01, -1.56239128E+01, -1.56246033E+01, -1.56249056E+01
1552.7350000000051, -1.55899277E+01, -1.55891657E+01, -1.55888386E+01, -1.55880833E+01, -1.55873852E+01, -1.55870533E+01, -1.55868521E+01, -1.55873327E+01, -1.55843945E+01, -1.55851231E+01
1552.7400000000052, -1.55464773E+01, -1.55444431E+01, -1.55452023E+01, -1.55455503E+01, -1.55454798E+01, -1.55454683E+01, -1.55451603E+01, -1.55446920E+01, -1.55450735E+01, -1.55450544E+01
1552.7450000000053, -1.54942026E+01, -1.54927311E+01, -1.54927511E+01, -1.54912453E+01, -1.54923372E+01, -1.54910221E+01, -1.54904137E+01, -1.54908371E+01, -1.54905348E+01, -1.54897404E+01
1552.7500000000055, -1.54499540E+01, -1.54487972E+01, -1.54485674E+01, -1.54484997E+01, -1.54462128E+01, -1.54454927E+01, -1.54450817E+01, -1.54483042E+01, -1.54485407E+01, -1.54487391E+01
1552.7550000000056, -1.53984060E+01, -1.54007568E+01, -1.53998899E+01, -1.54001226E+01, -1.54004221E+01, -1.53996973E+01, -1.53973379E+01, -1.53976469E+01, -1.53988142E+01, -1.53984499E+01
1552.7600000000057, -1.53627939E+01, -1.53612070E+01, -1.53614016E+01, -1.53600636E+01, -1.53622770E+01, -1.53626556E+01, -1.53600607E+01, -1.53601418E+01, -1.53611193E+01, -1.53605280E+01
1552.7650000000058, -1.53197956E+01, -1.53201914E+01, -1.53177252E+01, -1.53183928E+01, -1.53169165E+01, -1.53179092E+01, -1.53215389E+01, -1.53218689E+01, -1.53209267E+01, -1.53208818E+01
1552.770000000006, -1.52870216E+01, -1.52872162E+01, -1.52872801E+01, -1.52868643E+01, -1.52848577E+01, -1.52847872E+01, -1.52865601E+01, -1.52865381E+01, -1.52859831E+01, -1.52857561E+01
1552.775000000006, -1.52597771E+01, -1.52594595E+01, -1.52597218E+01, -1.52579956E+01, -1.52584639E+01, -1.52579460E+01, -1.52565956E+01, -1.52572594E+01, -1.52593908E+01, -1.52582626E+01
1552.780000000006, -1.52378149E+01, -1.52387438E+01, -1.52344484E+01, -1.52336950E+01, -1.52367868E+01, -1.52386732E+01, -1.52389746E+01, -1.52372379E+01, -1.52390175E+01, -1.52391281E+01
1552.7850000000062, -1.52242374E+01, -1.52223501E+01, -1.52243271E+01, -1.52268772E+01, -1.52272434E+01, -1.52260914E+01, -1.52250929E+01, -1.52222261E+01, -1.52214346E+01, -1.52240238E+01
1552.7900000000063, -1.52187281E+01, -1.52184954E+01, -1.52181482E+01, -1.52182665E+01, -1.52171917E+01, -1.52167921E+01, -1.52179766E+01, -1.52185907E+01, -1.52193546E+01, -1.52184401E+01
1552.7950000000064, -1.52167292E+01, -1.52157307E+01, -1.52184801E+01, -1.52204494E+01, -1.52198753E+01, -1.52205725E+01, -1.52198305E+01, -1.52214928E+01, -1.52204647E+01, -1.52208939E+01
1552.8000000000065, -1.52280760E+01, -1.52269297E+01, -1.52265463E+01, -1.52244377E+01, -1.52294855E+01, -1.52297192E+01, -1.52295790E+01, -1.52303944E+01, -1.52304106E+01, -1.52315702E+01
1552.8050000000067, -1.52424374E+01, -1.52431898E+01, -1.52438898E+01, -1.52439470E+01, -1.52429390E+01, -1.52450085E+01, -1.52446604E+01, -1.52459660E+01, -1.52464514E+01, -1.52461061E+01
1552.8100000000068, -1.52609835E+01, -1.52621565E+01, -1.52630558E+01, -1.52627153E+01, -1.52630110E+01, -1.52622213E+01, -1.52616148E+01, -1.52614794E+01, -1.52629538E+01, -1.52620363E+01
1552.8150000000069, -1.52814922E+01, -1.52816553E+01, -1.52809668E+01, -1.52793169E+01, -1.52809992E+01, -1.52803268E+01, -1.52802973E+01, -1.52817593E+01, -1.52818880E+01, -1.52815428E+01
1552.820000000007, -1.53039551E+01, -1.53041840E+01, -1.53040352E+01, -1.53029051E+01, -1.53029947E+01, -1.53009291E+01, -1.53026485E+01, -1.53048048E+01, -1.53042860E+01, -1.53043442E+01
1552.825000000007, -1.53267536E+01, -1.53254070E+01, -1.53250561E+01, -1.53160276E+01, -1.53238935E+01, -1.53256664E+01, -1.53242979E+01, -1.53171244E+01, -1.53231163E+01, -1.53259449E+01
1552.8300000000072, -1.53509464E+01, -1.53523312E+01, -1.53523302E+01, -1.53535986E+01, -1.53532543E+01, -1.53530226E+01, -1.53528643E+01, -1.53534412E+01, -1.53528538E+01, -1.53519115E+01
1552.8350000000073, -1.53690901E+01, -1.53699856E+01, -1.53707285E+01, -1.53704062E+01, -1.53700142E+01, -1.53694448E+01, -1.53691072E+01, -1.53686342E+01, -1.53690062E+01, -1.53689308E+01
1552.8400000000074, -1.53934412E+01, -1.53926754E+01, -1.53921127E+01, -1.53935671E+01, -1.53927517E+01, -1.53889999E+01, -1.53893652E+01, -1.53908138E+01, -1.53934450E+01, -1.53931541E+01
1552.8450000000075, -1.54112711E+01, -1.54106388E+01, -1.54104691E+01, -1.54104443E+01, -1.54094791E+01, -1.54084539E+01, -1.54111128E+01, -1.54108105E+01, -1.54086132E+01, -1.54092655E+01
1552.8500000000076, -1.54255495E+01, -1.54249945E+01, -1.54252720E+01, -1.54251299E+01, -1.54257479E+01, -1.54261436E+01, -1.54267311E+01, -1.54270267E+01, -1.54272394E+01, -1.54262295E+01
1552.8550000000077, -1.54382486E+01, -1.54377069E+01, -1.54374084E+01, -1.54388313E+01, -1.54387074E+01, -1.54384365E+01, -1.54380293E+01, -1.54372253E+01, -1.54374809E+01, -1.54372320E+01
1552.8600000000079, -1.54459143E+01, -1.54448957E+01, -1.54451342E+01, -1.54457817E+01, -1.54452982E+01, -1.54452429E+01, -1.54465609E+01, -1.54446392E+01, -1.54448566E+01, -1.54446068E+01
1552.865000000008, -1.54514456E+01, -1.54516306E+01, -1.54516249E+01, -1.54515476E+01, -1.54520416E+01, -1.54521341E+01, -1.54512463E+01, -1.54513454E+01, -1.54511728E+01, -1.54516821E+01
1552.870000000008, -1.54507790E+01, -1.54497166E+01, -1.54489241E+01, -1.54504232E+01, -1.54495287E+01, -1.54499474E+01, -1.54500895E+01, -1.54506245E+01, -1.54511261E+01, -1.54511852E+01
1552.8750000000082, -1.54500771E+01, -1.54482517E+01, -1.54493952E+01, -1.54498739E+01, -1.54507923E+01, -1.54506426E+01, -1.54505711E+01, -1.54509001E+01, -1.54509439E+01, -1.54510708E+01
1552.8800000000083, -1.54444923E+01, -1.54449530E+01, -1.54452419E+01, -1.54449711E+01, -1.54449167E+01, -1.54458008E+01, -1.54459581E+01, -1.54448957E+01, -1.54454756E+01, -1.54447613E+01
1552.8850000000084, -1.54313936E+01, -1.54318962E+01, -1.54326763E+01, -1.54315701E+01, -1.54303827E+01, -1.54316750E+01, -1.54313622E+01, -1.54322271E+01, -1.54325514E+01, -1.54341373E+01
1552.8900000000085, -1.54188318E+01, -1.54188099E+01, -1.54186459E+01, -1.54193783E+01, -1.54194469E+01, -1.54193335E+01, -1.54194775E+01, -1.54189081E+01, -1.54190989E+01, -1.54182024E+01
1552.8950000000086, -1.54012966E+01, -1.54017572E+01, -1.54001827E+01, -1.54018469E+01, -1.54008541E+01, -1.54023600E+01, -1.54024572E+01, -1.54009209E+01, -1.53987694E+01, -1.54012785E+01
1552.9000000000087, -1.53850574E+01, -1.53854513E+01, -1.53844051E+01, -1.53819294E+01, -1.53819256E+01, -1.53838587E+01, -1.53871231E+01, -1.53867369E+01, -1.53871727E+01, -1.53863811E+01
1552.9050000000088, -1.53605452E+01, -1.53613958E+01, -1.53621454E+01, -1.53610840E+01, -1.53626404E+01, -1.53639908E+01, -1.53649025E+01, -1.53639030E+01, -1.53628416E+01, -1.53638773E+01
1552.910000000009, -1.53374910E+01, -1.53375559E+01, -1.53384295E+01, -1.53395929E+01, -1.53390150E+01, -1.53383026E+01, -1.53395596E+01, -1.53402042E+01, -1.53396063E+01, -1.53402290E+01
1552.915000000009, -1.53145418E+01, -1.53136415E+01, -1.53148975E+01, -1.53160715E+01, -1.53169651E+01, -1.53156958E+01, -1.53159733E+01, -1.53160143E+01, -1.53165770E+01, -1.53146915E+01
1552.9200000000092, -1.52818699E+01, -1.52850180E+01, -1.52858753E+01, -1.52849798E+01, -1.52865133E+01, -1.52887592E+01, -1.52876520E+01, -1.52888231E+01, -1.52843037E+01, -1.52770996E+01
1552.9250000000093, -1.52603846E+01, -1.52634306E+01, -1.52639952E+01, -1.52641039E+01, -1.52640676E+01, -1.52642546E+01, -1.52657223E+01, -1.52651348E+01, -1.52664537E+01, -1.52655993E+01
1552.9300000000094, -1.52391443E+01, -1.52385492E+01, -1.52395945E+01, -1.52408400E+01, -1.52402706E+01, -1.52409000E+01, -1.52403498E+01, -1.52400303E+01, -1.52389736E+01, -1.52392006E+01
1552.9350000000095, -1.52125359E+01, -1.52128229E+01, -1.52155552E+01, -1.52159233E+01, -1.52162333E+01, -1.52155581E+01, -1.52157221E+01, -1.52163248E+01, -1.52162762E+01, -1.52155724E+01
1552.9400000000096, -1.51922312E+01, -1.51903582E+01, -1.51928816E+01, -1.51950808E+01, -1.51956282E+01, -1.51954823E+01, -1.51909075E+01, -1.51934576E+01, -1.51962242E+01, -1.51974354E+01
1552.9450000000097, -1.51727352E+01, -1.51738186E+01, -1.51731358E+01, -1.51745052E+01, -1.51741867E+01, -1.51737432E+01, -1.51748142E+01, -1.51734972E+01, -1.51736593E+01, -1.51735716E+01
1552.9500000000098, -1.51491232E+01, -1.51482859E+01, -1.51491385E+01, -1.51509609E+01, -1.51495695E+01, -1.51446648E+01, -1.51349125E+01, -1.51444960E+01, -1.51518211E+01, -1.51494875E+01
1552.95500000001, -1.51370821E+01, -1.51376877E+01, -1.51389961E+01, -1.51384029E+01, -1.51366301E+01, -1.51354904E+01, -1.51349678E+01, -1.51374836E+01, -1.51378813E+01, -1.51373291E+01
1552.96000000001, -1.51244869E+01, -1.51242743E+01, -1.51265497E+01, -1.51285505E+01, -1.51290359E+01, -1.51287012E+01, -1.51282864E+01, -1.51281672E+01, -1.51293278E+01, -1.51291018E+01
1552.9650000000101, -1.51143064E+01, -1.51154938E+01, -1.51153765E+01, -1.51149540E+01, -1.51149101E+01, -1.51144009E+01, -1.51152687E+01, -1.51150608E+01, -1.51160135E+01, -1.51157169E+01
1552.9700000000103, -1.51064577E+01, -1.51070776E+01, -1.51052322E+01, -1.51065187E+01, -1.51059189E+01, -1.51075687E+01, -1.51067123E+01, -1.51054411E+01, -1.51061459E+01, -1.51074114E+01
1552.9750000000104, -1.51014700E+01, -1.51020784E+01, -1.51021919E+01, -1.51026344E+01, -1.51008110E+01, -1.51011152E+01, -1.50999613E+01, -1.51010714E+01, -1.51014786E+01, -1.51021442E+01
1552.9800000000105, -1.51017618E+01, -1.51014004E+01, -1.51017590E+01, -1.51008177E+01, -1.51007538E+01, -1.51011791E+01, -1.51003819E+01, -1.50999804E+01, -1.50988407E+01, -1.50978870E+01
1552.9850000000106, -1.51034565E+01, -1.51040154E+01, -1.51026888E+01, -1.51025085E+01, -1.51031113E+01, -1.51040239E+01, -1.51042805E+01, -1.51043015E+01, -1.51031895E+01, -1.51045427E+01
1552.9900000000107, -1.51045942E+01, -1.51072893E+01, -1.51086693E+01, -1.51092873E+01, -1.51070995E+01, -1.51065321E+01, -1.51077156E+01, -1.51067181E+01, -1.51060152E+01, -1.51051464E+01
1552.9950000000108, -1.51149797E+01, -1.51145945E+01, -1.51113396E+01, -1.51114807E+01, -1.51120434E+01, -1.51133633E+01, -1.51117764E+01, -1.51128864E+01, -1.51132221E+01, -1.51122265E+01
1553.000000000011, -1.51204090E+01, -1.51214905E+01, -1.51203575E+01, -1.51209726E+01, -1.51204424E+01, -1.51207075E+01, -1.51214886E+01, -1.51217499E+01, -1.51211567E+01, -1.51196623E+01
1553.005000000011, -1.51290579E+01, -1.51317120E+01, -1.51331024E+01, -1.51315460E+01, -1.51287842E+01, -1.51280041E+01, -1.51303415E+01, -1.51301794E+01, -1.51307411E+01, -1.51300287E+01
1553.0100000000111, -1.51410189E+01, -1.51394844E+01, -1.51358757E+01, -1.51322136E+01, -1.51388187E+01, -1.51415987E+01, -1.51407566E+01, -1.51411657E+01, -1.51412182E+01, -1.51415453E+01
1553.0150000000112, -1.51521311E+01, -1.51535292E+01, -1.51551819E+01, -1.51537027E+01, -1.51511774E+01, -1.51514263E+01, -1.51527195E+01, -1.51518106E+01, -1.51512899E+01, -1.51533260E+01
1553.0200000000114, -1.51692619E+01, -1.51708164E+01, -1.51695538E+01, -1.51680079E+01, -1.51676531E+01, -1.51668854E+01, -1.51672716E+01, -1.51679649E+01, -1.51686287E+01, -1.51677370E+01
1553.0250000000115, -1.51678343E+01, -1.51654377E+01, -1.51661587E+01, -1.51656208E+01, -1.51657982E+01, -1.51660814E+01, -1.51649084E+01, -1.51645708E+01, -1.51596603E+01, -1.51608162E+01
1553.0300000000116, -1.51973448E+01, -1.51914825E+01, -1.51933279E+01, -1.51942444E+01, -1.51993361E+01, -1.51983881E+01, -1.51987505E+01, -1.51985807E+01, -1.52003183E+01, -1.51988754E+01
1553.0350000000117, -1.52186050E+01, -1.52184515E+01, -1.52186794E+01, -1.52181101E+01, -1.52179527E+01, -1.52180738E+01, -1.52166491E+01, -1.52182283E+01, -1.52180891E+01, -1.52175226E+01
1553.0400000000118, -1.52329702E+01, -1.52343750E+01, -1.52352867E+01, -1.52329969E+01, -1.52342701E+01, -1.52343054E+01, -1.52344131E+01, -1.52337580E+01, -1.52337675E+01, -1.52326269E+01
1553.045000000012, -1.52514038E+01, -1.52510090E+01, -1.52481318E+01, -1.52491302E+01, -1.52494030E+01, -1.52482233E+01, -1.52465267E+01, -1.52469282E+01, -1.52464275E+01, -1.52459545E+01
1553.050000000012, -1.52597742E+01, -1.52644100E+01, -1.52653294E+01, -1.52654095E+01, -1.52616673E+01, -1.52631588E+01, -1.52650728E+01, -1.52649698E+01, -1.52636318E+01, -1.52654781E+01
1553.0550000000121, -1.52811975E+01, -1.52816734E+01, -1.52814341E+01, -1.52800579E+01, -1.52792072E+01, -1.52794189E+01, -1.52810059E+01, -1.52819414E+01, -1.52816639E+01, -1.52817154E+01
1553.0600000000122, -1.52970324E+01, -1.52942772E+01, -1.52950678E+01, -1.52960482E+01, -1.52950172E+01, -1.52752953E+01, -1.52728167E+01, -1.52732134E+01, -1.52844572E+01, -1.52929602E+01
1553.0650000000123, -1.53002882E+01, -1.52997322E+01, -1.53033361E+01, -1.53059950E+01, -1.53064356E+01, -1.53059788E+01, -1.53060217E+01, -1.53065491E+01, -1.53072376E+01, -1.53070536E+01
1553.0700000000124, -1.53186665E+01, -1.53183975E+01, -1.53184662E+01, -1.53183203E+01, -1.53185196E+01, -1.53181267E+01, -1.53177109E+01, -1.53167534E+01, -1.53187761E+01, -1.53162365E+01
1553.0750000000126, -1.53284731E+01, -1.53276453E+01, -1.53279018E+01, -1.53288078E+01, -1.53305063E+01, -1.53284502E+01, -1.53284740E+01, -1.53262033E+01, -1.53290462E+01, -1.53296146E+01
1553.0800000000127, -1.53387079E+01, -1.53372107E+01, -1.53377180E+01, -1.53384237E+01, -1.53381357E+01, -1.53381720E+01, -1.53386097E+01, -1.53388500E+01, -1.53393145E+01, -1.53386183E+01
1553.0850000000128, -1.53457603E+01, -1.53451777E+01, -1.53442116E+01, -1.53444386E+01, -1.53446531E+01, -1.53457747E+01, -1.53454790E+01, -1.53459616E+01, -1.53457670E+01, -1.53451509E+01
1553.0900000000129, -1.53503122E+01, -1.53501997E+01, -1.53506174E+01, -1.53509798E+01, -1.53516626E+01, -1.53512211E+01, -1.53510418E+01, -1.53506327E+01, -1.53516226E+01, -1.53519297E+01
1553.095000000013, -1.53565445E+01, -1.53552504E+01, -1.53566265E+01, -1.53581877E+01, -1.53579712E+01, -1.53575792E+01, -1.53566351E+01, -1.53561106E+01, -1.53559713E+01, -1.53563814E+01
1553.100000000013, -1.53561611E+01, -1.53562937E+01, -1.53549881E+01, -1.53554087E+01, -1.53562813E+01, -1.53555403E+01, -1.53561430E+01, -1.53556957E+01, -1.53577032E+01, -1.53563156E+01
1553.1050000000132, -1.53613024E+01, -1.53610735E+01, -1.53610468E+01, -1.53606939E+01, -1.53602991E+01, -1.53595915E+01, -1.53599558E+01, -1.53594427E+01, -1.53584623E+01, -1.53599825E+01
1554.7, -1.53298435E+01, -1.53299484E+01, -1.53292675E+01, -1.53271065E+01, -1.53243389E+01, -1.53254995E+01, -1.53261700E+01, -1.53275118E+01, -1.53272514E+01, -1.53281174E+01
1554.7050000000002, -1.53309803E+01, -1.53317833E+01, -1.53301744E+01, -1.53298368E+01, -1.53312731E+01, -1.53324728E+01, -1.53319063E+01, -1.53319616E+01, -1.53307066E+01, -1.53311186E+01
1554.7100000000003, -1.53312464E+01, -1.53303537E+01, -1.53302355E+01, -1.53307438E+01, -1.53309231E+01, -1.53318377E+01, -1.53308849E+01, -1.53313522E+01, -1.53315926E+01, -1.53323450E+01
1554.7150000000004, -1.53261776E+01, -1.53238440E+01, -1.53257351E+01, -1.53231382E+01, -1.53280420E+01, -1.53292971E+01, -1.53303938E+01, -1.53281012E+01, -1.53290014E+01, -1.53276482E+01
1554.7200000000005, -1.53159704E+01, -1.53185215E+01, -1.53164577E+01, -1.53160973E+01, -1.53195429E+01, -1.53227224E+01, -1.53231964E+01, -1.53227148E+01, -1.53224096E+01, -1.53217554E+01
1554.7250000000006, -1.53027020E+01, -1.53063421E+01, -1.53109188E+01, -1.53107691E+01, -1.53105469E+01, -1.53099937E+01, -1.53090324E+01, -1.53046513E+01, -1.53060703E+01, -1.53099298E+01
1554.7300000000007, -1.52970085E+01, -1.52973843E+01, -1.52996311E+01, -1.52993259E+01, -1.52993984E+01, -1.52999716E+01, -1.53010435E+01, -1.53020468E+01, -1.53016787E+01, -1.53019104E+01
1554.7350000000008, -1.52812681E+01, -1.52833843E+01, -1.52814503E+01, -1.52849340E+01, -1.52859983E+01, -1.52873793E+01, -1.52874041E+01, -1.52881746E+01, -1.52884369E+01, -1.52886715E+01
1554.740000000001, -1.52615957E+01, -1.52626257E+01, -1.52638817E+01, -1.52645683E+01, -1.52670088E+01, -1.52680874E+01, -1.52683401E+01, -1.52682514E+01, -1.52687588E+01, -1.52688951E+01
1554.745000000001, -1.52411041E+01, -1.52429810E+01, -1.52441587E+01, -1.52464705E+01, -1.52478514E+01, -1.52485218E+01, -1.52492580E+01, -1.52493925E+01, -1.52480326E+01, -1.52476912E+01
1554.7500000000011, -1.52250137E+01, -1.52270594E+01, -1.52284451E+01, -1.52281370E+01, -1.52299109E+01, -1.52292099E+01, -1.52291555E+01, -1.52325850E+01, -1.52329969E+01, -1.52320223E+01
1554.7550000000012, -1.52085104E+01, -1.52093906E+01, -1.52095022E+01, -1.52098513E+01, -1.52109737E+01, -1.52112961E+01, -1.52117004E+01, -1.52123442E+01, -1.52128754E+01, -1.52121410E+01
1554.7600000000014, -1.51923437E+01, -1.51927443E+01, -1.51934967E+01, -1.51936159E+01, -1.51935987E+01, -1.51956758E+01, -1.51951475E+01, -1.51949282E+01, -1.51959867E+01, -1.51957941E+01
1554.7650000000015, -1.51766605E+01, -1.51784067E+01, -1.51760635E+01, -1.51764517E+01, -1.51801434E+01, -1.51809673E+01, -1.51793423E+01, -1.51802711E+01, -1.51769371E+01, -1.51725998E+01
1554.7700000000016, -1.51691923E+01, -1.51697683E+01, -1.51705713E+01, -1.51717386E+01, -1.51727695E+01, -1.51727304E+01, -1.51718454E+01, -1.51690435E+01, -1.51700630E+01, -1.51722383E+01
1554.7750000000017, -1.51691961E+01, -1.51689825E+01, -1.51693344E+01, -1.51692047E+01, -1.51670189E+01, -1.51650162E+01, -1.51656275E+01, -1.51648064E+01, -1.51675434E+01, -1.51679068E+01
1554.7800000000018, -1.51760340E+01, -1.51756983E+01, -1.51752348E+01, -1.51757040E+01, -1.51736898E+01, -1.51716290E+01, -1.51708212E+01, -1.51730185E+01, -1.51730471E+01, -1.51725607E+01
1554.785000000002, -1.51894646E+01, -1.51894455E+01, -1.51896152E+01, -1.51890039E+01, -1.51878061E+01, -1.51862249E+01, -1.51869946E+01, -1.51869888E+01, -1.51866283E+01, -1.51864872E+01
1554.790000000002, -1.52154160E+01, -1.52131805E+01, -1.52116098E+01, -1.52113314E+01, -1.52101946E+01, -1.52095919E+01, -1.52087975E+01, -1.52090359E+01, -1.52075243E+01, -1.52080278E+01
1554.7950000000021, -1.52453442E+01, -1.52445097E+01, -1.52417088E+01, -1.52379942E+01, -1.52379837E+01, -1.52384472E+01, -1.52370672E+01, -1.52366037E+01, -1.52361202E+01, -1.52345848E+01
1554.8000000000022, -1.52902632E+01, -1.52892780E+01, -1.52862854E+01, -1.52820959E+01, -1.52830963E+01, -1.52823992E+01, -1.52816343E+01, -1.52807713E+01, -1.52792950E+01, -1.52777252E+01
1554.8050000000023, -1.53566370E+01, -1.53541059E+01, -1.53474293E+01, -1.53477249E+01, -1.53482561E+01, -1.53500185E+01, -1.53494778E+01, -1.53410473E+01, -1.53428583E+01, -1.53450394E+01
1554.8100000000024, -1.54236059E+01, -1.54203510E+01, -1.54169636E+01, -1.54149876E+01, -1.54136477E+01, -1.54116125E+01, -1.54110117E+01, -1.54107752E+01, -1.54105701E+01, -1.54105787E+01
1554.8150000000026, -1.55029984E+01, -1.55015163E+01, -1.55012455E+01, -1.55002909E+01, -1.54992380E+01, -1.54968128E+01, -1.54941931E+01, -1.54922476E+01, -1.54916143E+01, -1.54885645E+01
1554.8200000000027, -1.55996857E+01, -1.55975437E+01, -1.55967579E+01, -1.55930090E+01, -1.55895624E+01, -1.55868645E+01, -1.55858145E+01, -1.55817652E+01, -1.55783005E+01, -1.55774364E+01
1554.8250000000028, -1.57035141E+01, -1.57021732E+01, -1.56986876E+01, -1.56959753E+01, -1.56933336E+01, -1.56873312E+01, -1.56856480E+01, -1.56882257E+01, -1.56896181E+01, -1.56906347E+01
1554.8300000000029, -1.57999659E+01, -1.57984619E+01, -1.57953148E+01, -1.57915306E+01, -1.57893791E+01, -1.57883310E+01, -1.57875414E+01, -1.57860870E+01, -1.57853928E+01, -1.57840347E+01
1554.835000000003, -1.58736115E+01, -1.58721800E+01, -1.58727894E+01, -1.58700523E+01, -1.58678398E+01, -1.58649635E+01, -1.58654461E+01, -1.58665924E+01, -1.58667889E+01, -1.58653202E+01
1554.840000000003, -1.59499083E+01, -1.59472113E+01, -1.59457541E+01, -1.59446535E+01, -1.59437580E+01, -1.59418774E+01, -1.59405413E+01, -1.58940630E+01, -1.59192476E+01, -1.59162178E+01
1554.8450000000032, -1.60031090E+01, -1.60031452E+01, -1.60038433E+01, -1.60011158E+01, -1.59986582E+01, -1.59986563E+01, -1.59981813E+01, -1.59965897E+01, -1.59965935E+01, -1.59964247E+01
1554.8500000000033, -1.60244884E+01, -1.60204010E+01, -1.60206490E+01, -1.60243835E+01, -1.60229034E+01, -1.60226307E+01, -1.60220852E+01, -1.60213985E+01, -1.60227947E+01, -1.60238628E+01
1554.8550000000034, -1.60213203E+01, -1.60241985E+01, -1.60246296E+01, -1.60242405E+01, -1.60242844E+01, -1.60237904E+01, -1.60178432E+01, -1.60240898E+01, -1.60252190E+01, -1.60263577E+01
1554.8600000000035, -1.60064278E+01, -1.60067844E+01, -1.60072441E+01, -1.60066624E+01, -1.60066929E+01, -1.60073643E+01, -1.60055656E+01, -1.60058918E+01, -1.60079002E+01, -1.60056515E+01
1554.8650000000036, -1.59794645E+01, -1.59782572E+01, -1.59779644E+01, -1.59790077E+01, -1.59803915E+01, -1.59799690E+01, -1.59701519E+01, -1.59596996E+01, -1.59573898E+01, -1.59681139E+01
1554.8700000000038, -1.59563179E+01, -1.59553099E+01, -1.59507418E+01, -1.59524155E+01, -1.59540844E+01, -1.59565973E+01, -1.59584684E+01, -1.59579706E+01, -1.59580584E+01, -1.59587841E+01
1554.8750000000039, -1.59490023E+01, -1.59496717E+01, -1.59493504E+01, -1.59489822E+01, -1.59485817E+01, -1.59507694E+01, -1.59510231E+01, -1.59505596E+01, -1.59505224E+01, -1.59505949E+01
1554.880000000004, -1.59489508E+01, -1.59482670E+01, -1.59496145E+01, -1.59502363E+01, -1.59500580E+01, -1.59509001E+01, -1.59504185E+01, -1.59500790E+01, -1.59501705E+01, -1.59501190E+01
1554.885000000004, -1.59475946E+01, -1.59497843E+01, -1.59513836E+01, -1.59518986E+01, -1.59493895E+01, -1.59387703E+01, -1.59100647E+01, -1.58680382E+01, -1.58742886E+01, -1.59151869E+01
1554.8900000000042, -1.59409657E+01, -1.59405870E+01, -1.59417906E+01, -1.59386721E+01, -1.59362164E+01, -1.59356346E+01, -1.59409924E+01, -1.59410934E+01, -1.59414940E+01, -1.59397554E+01
1554.8950000000043, -1.59105835E+01, -1.59108715E+01, -1.59115372E+01, -1.59123917E+01, -1.59143963E+01, -1.59158726E+01, -1.59145660E+01, -1.59167271E+01, -1.59178247E+01, -1.59174299E+01
1554.9000000000044, -1.58691425E+01, -1.58680172E+01, -1.58679514E+01, -1.58675184E+01, -1.58686228E+01, -1.58639050E+01, -1.58686390E+01, -1.58706007E+01, -1.58731833E+01, -1.58729792E+01
1554.9050000000045, -1.58071537E+01, -1.58089685E+01, -1.58103037E+01, -1.58096981E+01, -1.58085518E+01, -1.58080788E+01, -1.58081970E+01, -1.58104639E+01, -1.58119307E+01, -1.58110800E+01
1554.9100000000046, -1.57205906E+01, -1.57211742E+01, -1.57152128E+01, -1.57178335E+01, -1.56957836E+01, -1.56967487E+01, -1.57148647E+01, -1.57199268E+01, -1.57180195E+01, -1.57218714E+01
1554.9150000000047, -1.56487141E+01, -1.56486712E+01, -1.56475716E+01, -1.56435490E+01, -1.56384497E+01, -1.56410942E+01, -1.56440773E+01, -1.56455383E+01, -1.56455259E+01, -1.56454172E+01
1554.9200000000048, -1.55445843E+01, -1.55540609E+01, -1.55544081E+01, -1.55566139E+01, -1.55620747E+01, -1.55652685E+01, -1.55626421E+01, -1.55523262E+01, -1.55693130E+01, -1.55031281E+01
1554.925000000005, -1.53477249E+01, -1.54414139E+01, -1.54762831E+01, -1.54640055E+01, -1.54641619E+01, -1.54570770E+01, -1.54751167E+01, -1.54827280E+01, -1.54814920E+01, -1.54763603E+01
1554.930000000005, -1.54030170E+01, -1.54078121E+01, -1.54045658E+01, -1.54031515E+01, -1.54058876E+01, -1.54071989E+01, -1.54076509E+01, -1.54067020E+01, -1.54066849E+01, -1.54071035E+01
1554.9350000000052, -1.53395205E+01, -1.53394709E+01, -1.53391275E+01, -1.53361282E+01, -1.53375759E+01, -1.53407221E+01, -1.53400364E+01, -1.53410368E+01, -1.53401995E+01, -1.53237619E+01
1554.9400000000053, -1.52902441E+01, -1.52903862E+01, -1.52483158E+01, -1.51651678E+01, -1.52009153E+01, -1.52010069E+01, -1.52229328E+01, -1.52646694E+01, -1.52827978E+01, -1.52866249E+01
1554.9450000000054, -1.52452250E+01, -1.52469110E+01, -1.52477388E+01, -1.52480745E+01, -1.52461996E+01, -1.52429590E+01, -1.52439585E+01, -1.52461967E+01, -1.52477427E+01, -1.52479935E+01
1554.9500000000055, -1.52123594E+01, -1.52149973E+01, -1.52187634E+01, -1.52209826E+01, -1.52202559E+01, -1.52192192E+01, -1.52197943E+01, -1.52186565E+01, -1.52183447E+01, -1.52192812E+01
1554.9550000000056, -1.52151108E+01, -1.52170439E+01, -1.52188406E+01, -1.52181873E+01, -1.52181349E+01, -1.52178221E+01, -1.52164335E+01, -1.52164097E+01, -1.52194023E+01, -1.52181988E+01
1554.9600000000057, -1.51926680E+01, -1.51913271E+01, -1.51928816E+01, -1.51930838E+01, -1.51941023E+01, -1.51933584E+01, -1.51936483E+01, -1.51930771E+01, -1.51927242E+01, -1.51931419E+01
1554.9650000000058, -1.51990099E+01, -1.52000980E+01, -1.51874952E+01, -1.51936827E+01, -1.51967936E+01, -1.51985683E+01, -1.52002935E+01, -1.52011623E+01, -1.52007980E+01, -1.51993008E+01
1554.970000000006, -1.51773338E+01, -1.51949673E+01, -1.52074499E+01, -1.52088242E+01, -1.52114925E+01, -1.52115498E+01, -1.52127275E+01, -1.52132492E+01, -1.52146702E+01, -1.52121563E+01
1554.975000000006, -1.52199297E+01, -1.52126665E+01, -1.52232046E+01, -1.52239552E+01, -1.52215395E+01, -1.52206268E+01, -1.52237082E+01, -1.52246122E+01, -1.52252893E+01, -1.52244263E+01
1554.9800000000062, -1.52367802E+01, -1.52387142E+01, -1.52392397E+01, -1.52388258E+01, -1.52386656E+01, -1.52369232E+01, -1.52390499E+01, -1.52380657E+01, -1.52341852E+01, -1.52342463E+01
1554.9850000000063, -1.52474079E+01, -1.52524424E+01, -1.52523575E+01, -1.52563915E+01, -1.52572279E+01, -1.52572269E+01, -1.52568111E+01, -1.52567310E+01, -1.52577562E+01, -1.52570229E+01
1554.9900000000064, -1.52810793E+01, -1.52777119E+01, -1.52786551E+01, -1.52759457E+01, -1.52795162E+01, -1.52821856E+01, -1.52799711E+01, -1.52797489E+01, -1.52811213E+01, -1.52823334E+01
1554.9950000000065, -1.52950897E+01, -1.52959633E+01, -1.52956333E+01, -1.52955275E+01, -1.52970295E+01, -1.52966328E+01, -1.52962370E+01, -1.52962723E+01, -1.52955503E+01, -1.52948761E+01
1555.0000000000066, -1.53124151E+01, -1.53128071E+01, -1.53145990E+01, -1.53141069E+01, -1.53138094E+01, -1.53141432E+01, -1.53153028E+01, -1.53149824E+01, -1.53145123E+01, -1.53136940E+01
1555.0050000000067, -1.53286409E+01, -1.53276138E+01, -1.53267479E+01, -1.53272743E+01, -1.53276644E+01, -1.53260431E+01, -1.53273325E+01, -1.53274546E+01, -1.53264999E+01, -1.53255234E+01
1555.0100000000068, -1.53415308E+01, -1.53415680E+01, -1.53407507E+01, -1.53408422E+01, -1.53405380E+01, -1.53374872E+01, -1.53376198E+01, -1.53383579E+01, -1.53404274E+01, -1.53405905E+01
1555.015000000007, -1.53431787E+01, -1.53438120E+01, -1.53420887E+01, -1.53415461E+01, -1.53422098E+01, -1.53435812E+01, -1.53442764E+01, -1.53436384E+01, -1.53436899E+01, -1.53439445E+01
1555.020000000007, -1.53469057E+01, -1.53456430E+01, -1.53457651E+01, -1.53462210E+01, -1.53481865E+01, -1.53437548E+01, -1.53434792E+01, -1.53471050E+01, -1.53476429E+01, -1.53456793E+01
1555.0250000000071, -1.53431196E+01, -1.53411198E+01, -1.53399706E+01, -1.53383436E+01, -1.53378878E+01, -1.53380318E+01, -1.53386288E+01, -1.53401546E+01, -1.53416538E+01, -1.53420286E+01
1555.0300000000072, -1.53300505E+01, -1.53302298E+01, -1.53276386E+01, -1.53289232E+01, -1.53276510E+01, -1.53280783E+01, -1.53293772E+01, -1.53290653E+01, -1.53291206E+01, -1.53283024E+01
1555.0350000000074, -1.53110552E+01, -1.53090668E+01, -1.53102818E+01, -1.53102121E+01, -1.53119745E+01, -1.53117237E+01, -1.53124456E+01, -1.53120947E+01, -1.53101625E+01, -1.53118553E+01
1555.0400000000075, -1.52878332E+01, -1.52837200E+01, -1.52888374E+01, -1.52898502E+01, -1.52797441E+01, -1.52801800E+01, -1.52843714E+01, -1.52874794E+01, -1.52913914E+01, -1.52911768E+01
1555.0450000000076, -1.52721205E+01, -1.52742615E+01, -1.52742958E+01, -1.52747984E+01, -1.52737064E+01, -1.52718725E+01, -1.52733517E+01, -1.52735710E+01, -1.52734327E+01, -1.52743464E+01
1555.0500000000077, -1.52458153E+01, -1.52443342E+01, -1.52428932E+01, -1.52431364E+01, -1.52454014E+01, -1.52450886E+01, -1.52442417E+01, -1.52469530E+01, -1.52468758E+01, -1.52461195E+01
1555.0550000000078, -1.52232351E+01, -1.52221880E+01, -1.52230473E+01, -1.52233353E+01, -1.52232332E+01, -1.52226400E+01, -1.52220802E+01, -1.52226028E+01, -1.52219439E+01, -1.52216387E+01
1555.060000000008, -1.51933613E+01, -1.51930990E+01, -1.51933737E+01, -1.51936741E+01, -1.51926470E+01, -1.51919689E+01, -1.51912098E+01, -1.51921835E+01, -1.51929331E+01, -1.51928368E+01
1555.065000000008, -1.51637964E+01, -1.51613951E+01, -1.51618280E+01, -1.51624222E+01, -1.51620378E+01, -1.51618872E+01, -1.51580086E+01, -1.51557007E+01, -1.51587467E+01, -1.51605577E+01
1555.0700000000081, -1.51330357E+01, -1.51341257E+01, -1.51328983E+01, -1.51324368E+01, -1.51333427E+01, -1.51343756E+01, -1.51346893E+01, -1.51342049E+01, -1.51344709E+01, -1.51342402E+01
1555.0750000000082, -1.51001558E+01, -1.51006222E+01, -1.51008081E+01, -1.51003380E+01, -1.50995541E+01, -1.50988913E+01, -1.50993948E+01, -1.50999241E+01, -1.50979958E+01, -1.50978870E+01
1555.0800000000083, -1.50733433E+01, -1.50724983E+01, -1.50724316E+01, -1.50728760E+01, -1.50721703E+01, -1.50686541E+01, -1.50722113E+01, -1.50731573E+01, -1.50729809E+01, -1.50731554E+01
1555.0850000000084, -1.50442448E+01, -1.50448971E+01, -1.50456038E+01, -1.50446367E+01, -1.50445814E+01, -1.50451908E+01, -1.50446835E+01, -1.50443001E+01, -1.50426445E+01, -1.50410404E+01
1555.0900000000086, -1.50252428E+01, -1.50259933E+01, -1.50262985E+01, -1.50260448E+01, -1.50263548E+01, -1.50264893E+01, -1.50266409E+01, -1.50263138E+01, -1.50257769E+01, -1.50268984E+01
1555.0950000000087, -1.50013847E+01, -1.50055819E+01, -1.50027828E+01, -1.50012255E+01, -1.50053205E+01, -1.50091038E+01, -1.50086441E+01, -1.50051384E+01, -1.50030766E+01, -1.50064659E+01
1555.1000000000088, -1.49961262E+01, -1.49959755E+01, -1.49947338E+01, -1.49943781E+01, -1.49951572E+01, -1.49960947E+01, -1.49963799E+01, -1.49977531E+01, -1.49943008E+01, -1.49937763E+01
1555.1050000000089, -1.49866076E+01, -1.49880285E+01, -1.49885168E+01, -1.49883709E+01, -1.49886131E+01, -1.49886513E+01, -1.49870577E+01, -1.49840679E+01, -1.49863787E+01, -1.49857197E+01
1555.110000000009, -1.49904623E+01, -1.49910231E+01, -1.49886074E+01, -1.49881248E+01, -1.49884491E+01, -1.49894896E+01, -1.49870243E+01, -1.49870262E+01, -1.49886780E+01, -1.49879513E+01
1555.115000000009, -1.49842243E+01, -1.49859886E+01, -1.49872398E+01, -1.49879475E+01, -1.49871273E+01, -1.49877920E+01, -1.49877548E+01, -1.49885654E+01, -1.49883566E+01, -1.49887342E+01
1555.1200000000092, -1.49920845E+01, -1.49923363E+01, -1.49900675E+01, -1.49904165E+01, -1.49931154E+01, -1.49936819E+01, -1.49925785E+01, -1.49919214E+01, -1.49914484E+01, -1.49909678E+01
1555.1250000000093, -1.49849405E+01, -1.49914389E+01, -1.49931927E+01, -1.49933939E+01, -1.49926090E+01, -1.49915686E+01, -1.49888878E+01, -1.49903059E+01, -1.49910660E+01, -1.49897366E+01
1555.1300000000094, -1.50137920E+01, -1.50134411E+01, -1.50126991E+01, -1.50124931E+01, -1.50118685E+01, -1.50127935E+01, -1.50117693E+01, -1.50110636E+01, -1.50091505E+01, -1.50103922E+01
1555.1350000000095, -1.50294094E+01, -1.50284796E+01, -1.50293083E+01, -1.50305309E+01, -1.50311460E+01, -1.50318890E+01, -1.50317144E+01, -1.50314827E+01, -1.50317259E+01, -1.50314798E+01
1555.1400000000096, -1.50464230E+01, -1.50464907E+01, -1.50456362E+01, -1.50467968E+01, -1.50469179E+01, -1.50472221E+01, -1.50465660E+01, -1.50459146E+01, -1.50470181E+01, -1.50477152E+01
1555.1450000000098, -1.50725222E+01, -1.50722914E+01, -1.50715199E+01, -1.50719910E+01, -1.50732212E+01, -1.50734892E+01, -1.50734482E+01, -1.50733490E+01, -1.50737381E+01, -1.50736141E+01
1555.1500000000099, -1.51029367E+01, -1.51034975E+01, -1.51036520E+01, -1.51015711E+01, -1.51022625E+01, -1.51014061E+01, -1.51020288E+01, -1.51023579E+01, -1.51024103E+01, -1.51028118E+01
1555.15500000001, -1.51325254E+01, -1.51321754E+01, -1.51326323E+01, -1.51331968E+01, -1.51331911E+01, -1.51308050E+01, -1.51331635E+01, -1.51339626E+01, -1.51333456E+01, -1.51331244E+01
1555.16000000001, -1.51555786E+01, -1.51557226E+01, -1.51568928E+01, -1.51571178E+01, -1.51566591E+01, -1.51566496E+01, -1.51573191E+01, -1.51577816E+01, -1.51576233E+01, -1.51583805E+01
1555.1650000000102, -1.51847029E+01, -1.51837854E+01, -1.51838102E+01, -1.51824417E+01, -1.51828566E+01, -1.51809254E+01, -1.51834288E+01, -1.51818819E+01, -1.51807470E+01, -1.51813660E+01
1555.1700000000103, -1.52055464E+01, -1.52067842E+01, -1.52064800E+01, -1.52062988E+01, -1.52059793E+01, -1.52039185E+01, -1.52033014E+01, -1.52044649E+01, -1.52047911E+01, -1.52034664E+01
1555.1750000000104, -1.52361479E+01, -1.52344933E+01, -1.52346582E+01, -1.52340155E+01, -1.52352419E+01, -1.52345314E+01, -1.52353067E+01, -1.52358341E+01, -1.52365217E+01, -1.52350693E+01
1555.1800000000105, -1.52490520E+01, -1.52507238E+01, -1.52477741E+01, -1.52500362E+01, -1.52503366E+01, -1.52536478E+01, -1.52545195E+01, -1.52538023E+01, -1.52529268E+01, -1.52536783E+01
1555.1850000000106, -1.52683163E+01, -1.52644491E+01, -1.52643661E+01, -1.52655973E+01, -1.52676487E+01, -1.52674408E+01, -1.52683849E+01, -1.52671480E+01, -1.52656813E+01, -1.52670965E+01
1555.1900000000107, -1.52750626E+01, -1.52778301E+01, -1.52802563E+01, -1.52799091E+01, -1.52798805E+01, -1.52792139E+01, -1.52808628E+01, -1.52815933E+01, -1.52809534E+01, -1.52817001E+01
1555.1950000000109, -1.52875233E+01, -1.52882299E+01, -1.52880392E+01, -1.52865915E+01, -1.52843781E+01, -1.52850733E+01, -1.52807245E+01, -1.52819204E+01, -1.52846289E+01, -1.52859440E+01
1555.200000000011, -1.52912273E+01, -1.52921677E+01, -1.52909460E+01, -1.52924824E+01, -1.52917118E+01, -1.52900724E+01, -1.52907314E+01, -1.52909374E+01, -1.52911510E+01, -1.52900324E+01
1555.205000000011, -1.52911768E+01, -1.52910385E+01, -1.52912321E+01, -1.52907887E+01, -1.52915077E+01, -1.52909575E+01, -1.52901306E+01, -1.52907219E+01, -1.52905178E+01, -1.52906179E+01
1555.2100000000112, -1.52859278E+01, -1.52869768E+01, -1.52856770E+01, -1.52858353E+01, -1.52852936E+01, -1.52840490E+01, -1.52834539E+01, -1.52848558E+01, -1.52856226E+01, -1.52854433E+01
1555.2150000000113, -1.52695255E+01, -1.52695332E+01, -1.52701149E+01, -1.52701120E+01, -1.52703209E+01, -1.52699537E+01, -1.52703123E+01, -1.52698689E+01, -1.52695961E+01, -1.52687206E+01
1555.2200000000114, -1.52550516E+01, -1.52538452E+01, -1.52547331E+01, -1.52544365E+01, -1.52539911E+01, -1.52538872E+01, -1.52543430E+01, -1.52554302E+01, -1.52566128E+01, -1.52561836E+01
1555.2250000000115, -1.52370481E+01, -1.52364197E+01, -1.52362194E+01, -1.52344475E+01, -1.52344093E+01, -1.52352114E+01, -1.52355785E+01, -1.52353191E+01, -1.52346411E+01, -1.52352743E+01
1555.2300000000116, -1.52097502E+01, -1.52088947E+01, -1.52084246E+01, -1.52090292E+01, -1.52086735E+01, -1.52095032E+01, -1.52094002E+01, -1.52090626E+01, -1.52087297E+01, -1.52089128E+01
1555.2350000000117, -1.51836271E+01, -1.51851330E+01, -1.51855621E+01, -1.51841526E+01, -1.51820183E+01, -1.51826830E+01, -1.51833839E+01, -1.51845007E+01, -1.51840887E+01, -1.51846132E+01
1555.2400000000118, -1.51596384E+01, -1.51598043E+01, -1.51596689E+01, -1.51609383E+01, -1.51617813E+01, -1.51607866E+01, -1.51615782E+01, -1.51596308E+01, -1.51571550E+01, -1.51558990E+01
1555.245000000012, -1.51365948E+01, -1.51345596E+01, -1.51343670E+01, -1.51341724E+01, -1.51352968E+01, -1.51346111E+01, -1.51345596E+01, -1.51359653E+01, -1.51328878E+01, -1.51326675E+01
1555.250000000012, -1.51043682E+01, -1.51033659E+01, -1.51047153E+01, -1.51037359E+01, -1.51042213E+01, -1.51053734E+01, -1.51053753E+01, -1.51042261E+01, -1.51047935E+01, -1.51049623E+01
1555.2550000000122, -1.50775728E+01, -1.50750036E+01, -1.50764389E+01, -1.50763054E+01, -1.50756302E+01, -1.50766087E+01, -1.50763569E+01, -1.50756845E+01, -1.50760460E+01, -1.50759859E+01
1555.2600000000123, -1.50456448E+01, -1.50454683E+01, -1.50435791E+01, -1.50460987E+01, -1.50497885E+01, -1.50511456E+01, -1.50490952E+01, -1.50487585E+01, -1.50509033E+01, -1.50501575E+01
1555.2650000000124, -1.50269384E+01, -1.50268383E+01, -1.50268269E+01, -1.50262527E+01, -1.50244246E+01, -1.50227718E+01, -1.50213604E+01, -1.50250559E+01, -1.50252142E+01, -1.50252056E+01
1555.2700000000125, -1.50096169E+01, -1.50107174E+01, -1.50100489E+01, -1.50100918E+01, -1.50094519E+01, -1.50095205E+01, -1.50083046E+01, -1.50089836E+01, -1.50084982E+01, -1.50091324E+01
1555.2750000000126, -1.49902182E+01, -1.49902124E+01, -1.49909611E+01, -1.49877815E+01, -1.49882116E+01, -1.49869347E+01, -1.49861097E+01, -1.49859409E+01, -1.49885073E+01, -1.49882727E+01
1555.2800000000127, -1.49783411E+01, -1.49793549E+01, -1.49796791E+01, -1.49781818E+01, -1.49790678E+01, -1.49791937E+01, -1.49792681E+01, -1.49796810E+01, -1.49790554E+01, -1.49793835E+01
1555.2850000000128, -1.49684772E+01, -1.49694099E+01, -1.49700012E+01, -1.49707947E+01, -1.49720221E+01, -1.49725056E+01, -1.49705954E+01, -1.49700451E+01, -1.49696932E+01, -1.49700422E+01
1555.290000000013, -1.49676704E+01, -1.49649668E+01, -1.49640312E+01, -1.49672832E+01, -1.49682627E+01, -1.49678793E+01, -1.49656849E+01, -1.49656219E+01, -1.49650621E+01, -1.49639587E+01
1555.295000000013, -1.49636459E+01, -1.49641705E+01, -1.49674740E+01, -1.49688663E+01, -1.49695616E+01, -1.49708080E+01, -1.49681225E+01, -1.49696665E+01, -1.49711695E+01, -1.49710712E+01
1555.3000000000131, -1.49728365E+01, -1.49727640E+01, -1.49732838E+01, -1.49730883E+01, -1.49729691E+01, -1.49718122E+01, -1.49704018E+01, -1.49729929E+01, -1.49732151E+01, -1.49733601E+01
1555.3050000000133, -1.49809427E+01, -1.49804964E+01, -1.49810667E+01, -1.49810295E+01, -1.49810076E+01, -1.49816313E+01, -1.49821558E+01, -1.49798670E+01, -1.49781113E+01, -1.49774103E+01
