wavelength_nm ,power_reading_0_dbm ,power_reading_1_dbm ,power_reading_2_dbm ,power_reading_3_dbm ,power_reading_4_dbm ,power_reading_5_dbm ,power_reading_6_dbm ,power_reading_7_dbm ,power_reading_8_dbm ,power_reading_9_dbm 
1539.6099999999992, -1.74442387E+01, -1.74487057E+01, -1.74499588E+01, -1.74459496E+01, -1.74458599E+01, -1.74440212E+01, -1.74462929E+01, -1.74477291E+01, -1.74481564E+01, -1.74498196E+01
1539.6119999999992, -1.77127705E+01, -1.78558483E+01, -1.76441612E+01, -1.74977169E+01, -1.74948120E+01, -1.74765320E+01, -1.74753227E+01, -1.74724941E+01, -1.74615059E+01, -1.74560699E+01
1539.6139999999991, -1.74734535E+01, -1.74740276E+01, -1.74718418E+01, -1.74712086E+01, -1.74722614E+01, -1.74721680E+01, -1.74724102E+01, -1.74756832E+01, -1.74748135E+01, -1.74733658E+01
1539.615999999999, -1.74842873E+01, -1.74863529E+01, -1.74974232E+01, -1.74987164E+01, -1.74875870E+01, -1.74894714E+01, -1.74886227E+01, -1.74900360E+01, -1.74857178E+01, -1.74832325E+01
1539.617999999999, -1.74945126E+01, -1.74981899E+01, -1.74975510E+01, -1.74952774E+01, -1.74933510E+01, -1.74948845E+01, -1.75013943E+01, -1.74985886E+01, -1.74930477E+01, -1.74923820E+01
1539.619999999999, -1.75116959E+01, -1.75085888E+01, -1.75110798E+01, -1.75124855E+01, -1.75230293E+01, -1.75213299E+01, -1.75172615E+01, -1.75198555E+01, -1.75140114E+01, -1.75124969E+01
1539.621999999999, -1.75214539E+01, -1.75226116E+01, -1.75202332E+01, -1.75212193E+01, -1.75243855E+01, -1.75290775E+01, -1.75235710E+01, -1.75265446E+01, -1.75215054E+01, -1.75202999E+01
1539.623999999999, -1.75306568E+01, -1.75321846E+01, -1.75301285E+01, -1.75331478E+01, -1.75327282E+01, -1.75305309E+01, -1.75305386E+01, -1.75301819E+01, -1.75383987E+01, -1.75337830E+01
1539.6259999999988, -1.75352612E+01, -1.75379715E+01, -1.75374851E+01, -1.75372410E+01, -1.75358925E+01, -1.75407009E+01, -1.75403957E+01, -1.75385914E+01, -1.75387688E+01, -1.75391216E+01
1539.6279999999988, -1.75478706E+01, -1.75478935E+01, -1.75520439E+01, -1.75483971E+01, -1.75472889E+01, -1.75471935E+01, -1.75477009E+01, -1.75483627E+01, -1.75468082E+01, -1.75476608E+01
1539.6299999999987, -1.75570793E+01, -1.75575237E+01, -1.75531254E+01, -1.75547886E+01, -1.75504150E+01, -1.75509605E+01, -1.75508709E+01, -1.75538025E+01, -1.75525017E+01, -1.75557384E+01
1539.6319999999987, -1.75560169E+01, -1.75554943E+01, -1.75567684E+01, -1.75566578E+01, -1.75571804E+01, -1.75567131E+01, -1.75568962E+01, -1.75547771E+01, -1.75514183E+01, -1.75512924E+01
1539.6339999999987, -1.75593910E+01, -1.75586872E+01, -1.75572395E+01, -1.75563908E+01, -1.75599117E+01, -1.75559006E+01, -1.75623703E+01, -1.75559025E+01, -1.75567188E+01, -1.75535812E+01
1539.6359999999986, -1.75567837E+01, -1.75561161E+01, -1.75560341E+01, -1.75549507E+01, -1.75544014E+01, -1.75556240E+01, -1.75544395E+01, -1.75544434E+01, -1.75550747E+01, -1.75553436E+01
1539.6379999999986, -1.75533619E+01, -1.75553875E+01, -1.75584660E+01, -1.75608845E+01, -1.75643311E+01, -1.75551872E+01, -1.75552540E+01, -1.75637379E+01, -1.75619755E+01, -1.75658531E+01
1539.6399999999985, -1.75459270E+01, -1.75469208E+01, -1.75426712E+01, -1.75405560E+01, -1.75411606E+01, -1.75428886E+01, -1.75460205E+01, -1.75431633E+01, -1.75445461E+01, -1.75452518E+01
1539.6419999999985, -1.75499744E+01, -1.75391808E+01, -1.75449524E+01, -1.75422859E+01, -1.75439224E+01, -1.75465393E+01, -1.76119099E+01, -1.76104813E+01, -1.75890617E+01, -1.75596848E+01
1539.6439999999984, -1.75301704E+01, -1.75298023E+01, -1.75311108E+01, -1.75314178E+01, -1.75312901E+01, -1.75298595E+01, -1.75283756E+01, -1.75273151E+01, -1.75272579E+01, -1.75316544E+01
1539.6459999999984, -1.75223083E+01, -1.75224552E+01, -1.75262642E+01, -1.75223999E+01, -1.75271721E+01, -1.75249825E+01, -1.75188580E+01, -1.75212135E+01, -1.75194530E+01, -1.75221405E+01
1539.6479999999983, -1.75096931E+01, -1.75098190E+01, -1.75098801E+01, -1.75158405E+01, -1.75138988E+01, -1.75076542E+01, -1.75080757E+01, -1.75091972E+01, -1.75102043E+01, -1.75017738E+01
1539.6499999999983, -1.74890766E+01, -1.74893913E+01, -1.74904652E+01, -1.74935703E+01, -1.74968185E+01, -1.74932594E+01, -1.74932976E+01, -1.74913044E+01, -1.74905663E+01, -1.74954529E+01
1539.6519999999982, -1.74729080E+01, -1.74733524E+01, -1.74757881E+01, -1.74837666E+01, -1.74807549E+01, -1.74791965E+01, -1.74772835E+01, -1.74744415E+01, -1.74766369E+01, -1.74735279E+01
1539.6539999999982, -1.74570408E+01, -1.74570217E+01, -1.74606228E+01, -1.74601288E+01, -1.74528656E+01, -1.74530964E+01, -1.74563522E+01, -1.74585915E+01, -1.74595909E+01, -1.74631557E+01
1539.6559999999981, -1.74365749E+01, -1.74329338E+01, -1.74374485E+01, -1.74345131E+01, -1.74318333E+01, -1.74322186E+01, -1.74336834E+01, -1.74373436E+01, -1.74380207E+01, -1.74340305E+01
1539.657999999998, -1.74162006E+01, -1.74103432E+01, -1.74096088E+01, -1.74083061E+01, -1.74102497E+01, -1.74105110E+01, -1.74108810E+01, -1.74120770E+01, -1.74123650E+01, -1.74138947E+01
1539.659999999998, -1.73795776E+01, -1.73786678E+01, -1.73848724E+01, -1.73865089E+01, -1.73868141E+01, -1.73885498E+01, -1.73842049E+01, -1.73822727E+01, -1.73857689E+01, -1.73876343E+01
1539.661999999998, -1.73737774E+01, -1.73718090E+01, -1.73657761E+01, -1.73643837E+01, -1.73686142E+01, -1.73666821E+01, -1.73636990E+01, -1.73685074E+01, -1.73678341E+01, -1.73659248E+01
1539.663999999998, -1.73363724E+01, -1.73351727E+01, -1.73302383E+01, -1.73318939E+01, -1.73281803E+01, -1.73337574E+01, -1.73289299E+01, -1.73314552E+01, -1.73313541E+01, -1.73336201E+01
1539.665999999998, -1.73114243E+01, -1.73143291E+01, -1.73150578E+01, -1.73206329E+01, -1.73181362E+01, -1.73118248E+01, -1.73087921E+01, -1.73083248E+01, -1.73155365E+01, -1.73113422E+01
1539.6679999999978, -1.73133125E+01, -1.73430996E+01, -1.73136578E+01, -1.72988319E+01, -1.72918358E+01, -1.72888718E+01, -1.72801781E+01, -1.72782135E+01, -1.72882690E+01, -1.72804928E+01
1539.6699999999978, -1.72570591E+01, -1.72588081E+01, -1.72548103E+01, -1.72577839E+01, -1.72600040E+01, -1.72620201E+01, -1.72647095E+01, -1.72617207E+01, -1.72614670E+01, -1.72583389E+01
1539.6719999999978, -1.72305450E+01, -1.72302361E+01, -1.72282333E+01, -1.72265072E+01, -1.72274876E+01, -1.72283802E+01, -1.72264252E+01, -1.72302895E+01, -1.72339306E+01, -1.72331715E+01
1539.6739999999977, -1.72323418E+01, -1.72329273E+01, -1.72187595E+01, -1.72054958E+01, -1.72064285E+01, -1.72073803E+01, -1.72090034E+01, -1.72088223E+01, -1.72065258E+01, -1.72061863E+01
1539.6759999999977, -1.71788998E+01, -1.71803150E+01, -1.71810036E+01, -1.71787453E+01, -1.71813145E+01, -1.71812553E+01, -1.71860447E+01, -1.71966915E+01, -1.71845684E+01, -1.71791553E+01
1539.6779999999976, -1.71423759E+01, -1.71393051E+01, -1.71448326E+01, -1.71418781E+01, -1.71415234E+01, -1.71399288E+01, -1.71455498E+01, -1.71426983E+01, -1.71445847E+01, -1.71390057E+01
1539.6799999999976, -1.71145344E+01, -1.71199188E+01, -1.71129704E+01, -1.71140442E+01, -1.71145515E+01, -1.71146603E+01, -1.71126900E+01, -1.71123657E+01, -1.71119061E+01, -1.71112881E+01
1539.6819999999975, -1.70915565E+01, -1.70802193E+01, -1.70809574E+01, -1.70759544E+01, -1.70770531E+01, -1.70752621E+01, -1.70777645E+01, -1.70839710E+01, -1.70803928E+01, -1.70807228E+01
1539.6839999999975, -1.70377197E+01, -1.70327415E+01, -1.70342045E+01, -1.70396175E+01, -1.70378532E+01, -1.70387802E+01, -1.70349770E+01, -1.70407524E+01, -1.70447655E+01, -1.70360260E+01
1539.6859999999974, -1.70074120E+01, -1.70060463E+01, -1.70091038E+01, -1.70067081E+01, -1.70086098E+01, -1.70049419E+01, -1.70058746E+01, -1.70094223E+01, -1.70072689E+01, -1.70093517E+01
1539.6879999999974, -1.69868813E+01, -1.69829445E+01, -1.69806747E+01, -1.69815769E+01, -1.69831123E+01, -1.69847908E+01, -1.69801960E+01, -1.69779758E+01, -1.69808006E+01, -1.69825630E+01
1539.6899999999973, -1.69475307E+01, -1.69479408E+01, -1.69452229E+01, -1.69439793E+01, -1.69474373E+01, -1.69447670E+01, -1.69439278E+01, -1.69432697E+01, -1.69449444E+01, -1.69457836E+01
1539.6919999999973, -1.69242802E+01, -1.69208584E+01, -1.69191704E+01, -1.69191704E+01, -1.69159660E+01, -1.69142494E+01, -1.69155312E+01, -1.69148121E+01, -1.69211655E+01, -1.69180908E+01
1539.6939999999972, -1.68832264E+01, -1.68837070E+01, -1.68916473E+01, -1.68899899E+01, -1.68891220E+01, -1.68810215E+01, -1.68855343E+01, -1.68892422E+01, -1.68888855E+01, -1.68892612E+01
1539.6959999999972, -1.68504868E+01, -1.68489609E+01, -1.68510284E+01, -1.68487625E+01, -1.68476200E+01, -1.68534794E+01, -1.68564472E+01, -1.68521233E+01, -1.68523006E+01, -1.68562794E+01
1539.6979999999971, -1.68105145E+01, -1.68094368E+01, -1.68135014E+01, -1.68134060E+01, -1.68135338E+01, -1.68149700E+01, -1.68229084E+01, -1.68201046E+01, -1.68172150E+01, -1.68217888E+01
1539.699999999997, -1.67952805E+01, -1.67890377E+01, -1.67872238E+01, -1.67855377E+01, -1.67940006E+01, -1.67909870E+01, -1.67929001E+01, -1.67853489E+01, -1.67888508E+01, -1.67968082E+01
1539.701999999997, -1.67669296E+01, -1.67667332E+01, -1.67619743E+01, -1.67597752E+01, -1.67579021E+01, -1.67594128E+01, -1.67594337E+01, -1.67635860E+01, -1.67607651E+01, -1.67600441E+01
1539.703999999997, -1.67387638E+01, -1.67405434E+01, -1.67402344E+01, -1.67388172E+01, -1.67406616E+01, -1.67367153E+01, -1.67342815E+01, -1.67342186E+01, -1.67373428E+01, -1.67401390E+01
1539.705999999997, -1.67153893E+01, -1.67167606E+01, -1.67211647E+01, -1.67160454E+01, -1.67150688E+01, -1.67131157E+01, -1.67133369E+01, -1.67126350E+01, -1.67136154E+01, -1.67153835E+01
1539.707999999997, -1.66894455E+01, -1.66941757E+01, -1.66937752E+01, -1.66969337E+01, -1.66999016E+01, -1.67027168E+01, -1.66988430E+01, -1.67029438E+01, -1.67039795E+01, -1.67002659E+01
1539.7099999999969, -1.66899662E+01, -1.66894932E+01, -1.66921692E+01, -1.66915150E+01, -1.66916866E+01, -1.66863213E+01, -1.66869831E+01, -1.66868858E+01, -1.66848392E+01, -1.66818924E+01
1539.7119999999968, -1.66643791E+01, -1.66691303E+01, -1.66718483E+01, -1.66720562E+01, -1.66725788E+01, -1.66684380E+01, -1.66688118E+01, -1.66682549E+01, -1.66723423E+01, -1.66701260E+01
1539.7139999999968, -1.66618862E+01, -1.66600437E+01, -1.66694717E+01, -1.66655178E+01, -1.66632442E+01, -1.66639957E+01, -1.66611729E+01, -1.66627522E+01, -1.66655846E+01, -1.66627998E+01
1539.7159999999967, -1.66621609E+01, -1.66662846E+01, -1.66646976E+01, -1.66627083E+01, -1.66610928E+01, -1.66605396E+01, -1.66647243E+01, -1.66649723E+01, -1.66731796E+01, -1.66627998E+01
1539.7179999999967, -1.66741199E+01, -1.66680603E+01, -1.66682320E+01, -1.66699467E+01, -1.66703815E+01, -1.66668510E+01, -1.66681557E+01, -1.66690331E+01, -1.66712608E+01, -1.66726665E+01
1539.7199999999966, -1.66743336E+01, -1.66826992E+01, -1.66829433E+01, -1.66807499E+01, -1.66793804E+01, -1.66812534E+01, -1.66822453E+01, -1.66771755E+01, -1.66770573E+01, -1.66777420E+01
1539.7219999999966, -1.66945400E+01, -1.66966572E+01, -1.67049789E+01, -1.67019215E+01, -1.67007580E+01, -1.66969242E+01, -1.67018585E+01, -1.67009068E+01, -1.67046680E+01, -1.66958904E+01
1539.7239999999965, -1.67236328E+01, -1.67201767E+01, -1.67233639E+01, -1.67201176E+01, -1.67211304E+01, -1.67227707E+01, -1.67269058E+01, -1.67301388E+01, -1.67305984E+01, -1.67245636E+01
1539.7259999999965, -1.67712364E+01, -1.67719097E+01, -1.67739639E+01, -1.67674828E+01, -1.67683907E+01, -1.67711830E+01, -1.67723026E+01, -1.67699394E+01, -1.67715206E+01, -1.67701683E+01
1539.7279999999964, -1.67989731E+01, -1.68008022E+01, -1.68036385E+01, -1.68017712E+01, -1.68040142E+01, -1.67989292E+01, -1.67988682E+01, -1.68013515E+01, -1.68084583E+01, -1.68037605E+01
1539.7299999999964, -1.68601074E+01, -1.68584499E+01, -1.68644619E+01, -1.68775959E+01, -1.68778038E+01, -1.68657875E+01, -1.68612099E+01, -1.68619537E+01, -1.68604393E+01, -1.68654079E+01
1539.7319999999963, -1.69023209E+01, -1.69087276E+01, -1.69152393E+01, -1.69230862E+01, -1.69106026E+01, -1.69119415E+01, -1.69163132E+01, -1.69324532E+01, -1.69518089E+01, -1.69810429E+01
1539.7339999999963, -1.70010071E+01, -1.69997292E+01, -1.70009022E+01, -1.70012569E+01, -1.69999790E+01, -1.69977646E+01, -1.69963608E+01, -1.69967556E+01, -1.70007057E+01, -1.70011940E+01
1539.7359999999962, -1.70654449E+01, -1.70644493E+01, -1.70672626E+01, -1.70688705E+01, -1.70708771E+01, -1.70760117E+01, -1.70737076E+01, -1.70719719E+01, -1.70673370E+01, -1.70673695E+01
1539.7379999999962, -1.71489372E+01, -1.71428490E+01, -1.71402340E+01, -1.71381760E+01, -1.71391239E+01, -1.71422405E+01, -1.71419449E+01, -1.71407757E+01, -1.71417027E+01, -1.71406479E+01
1539.7399999999961, -1.72677765E+01, -1.72908821E+01, -1.73033447E+01, -1.72935123E+01, -1.72904129E+01, -1.72820034E+01, -1.72814579E+01, -1.72711811E+01, -1.72717705E+01, -1.72685833E+01
1539.741999999996, -1.73777466E+01, -1.73769798E+01, -1.73780708E+01, -1.73799820E+01, -1.73802967E+01, -1.73853703E+01, -1.73890762E+01, -1.73852444E+01, -1.73888760E+01, -1.73855743E+01
1539.743999999996, -1.75631752E+01, -1.75625877E+01, -1.75695572E+01, -1.75693493E+01, -1.75715237E+01, -1.75755501E+01, -1.75713787E+01, -1.75716305E+01, -1.75723667E+01, -1.75803051E+01
1539.745999999996, -1.78125935E+01, -1.78231678E+01, -1.78309441E+01, -1.78300724E+01, -1.78312893E+01, -1.78403091E+01, -1.78404388E+01, -1.78485699E+01, -1.78489552E+01, -1.78401012E+01
1539.747999999996, -1.80789795E+01, -1.80612812E+01, -1.80569763E+01, -1.80395660E+01, -1.80425739E+01, -1.80431938E+01, -1.80451012E+01, -1.80476761E+01, -1.80602779E+01, -1.80580425E+01
1539.749999999996, -1.83933945E+01, -1.83924103E+01, -1.83840313E+01, -1.83859100E+01, -1.83898945E+01, -1.83983250E+01, -1.84087849E+01, -1.83975849E+01, -1.83902340E+01, -1.83935261E+01
1539.7519999999959, -1.86924000E+01, -1.86936760E+01, -1.87300491E+01, -1.87057476E+01, -1.86988277E+01, -1.86998062E+01, -1.87077465E+01, -1.86897964E+01, -1.86832142E+01, -1.86817226E+01
1539.7539999999958, -1.90554123E+01, -1.90812073E+01, -1.90788403E+01, -1.90685425E+01, -1.90791264E+01, -1.90836678E+01, -1.90860977E+01, -1.90893478E+01, -1.90852127E+01, -1.90728626E+01
1539.7559999999958, -1.97466469E+01, -1.97703476E+01, -1.97439079E+01, -1.97489910E+01, -1.97522182E+01, -1.97705345E+01, -1.97984905E+01, -1.97898121E+01, -1.97858658E+01, -1.98156929E+01
1539.7579999999957, -2.03583965E+01, -2.03712883E+01, -2.03882332E+01, -2.03966236E+01, -2.03915005E+01, -2.03701706E+01, -2.03757935E+01, -2.03738708E+01, -2.03918476E+01, -2.03938465E+01
1539.7599999999957, -2.13831940E+01, -2.13837872E+01, -2.14622059E+01, -2.14261036E+01, -2.14390602E+01, -2.14359360E+01, -2.14417782E+01, -2.14403000E+01, -2.14527531E+01, -2.14449253E+01
1539.7619999999956, -2.21917267E+01, -2.21931438E+01, -2.22052631E+01, -2.21990814E+01, -2.21957073E+01, -2.21964455E+01, -2.22003136E+01, -2.22275200E+01, -2.22215157E+01, -2.22163563E+01
1539.7639999999956, -2.27575760E+01, -2.27684975E+01, -2.27727871E+01, -2.27730503E+01, -2.27823849E+01, -2.27813911E+01, -2.27855682E+01, -2.27821636E+01, -2.27785435E+01, -2.27883224E+01
1539.7659999999955, -2.26958752E+01, -2.26907196E+01, -2.26885376E+01, -2.26836338E+01, -2.26751385E+01, -2.26655884E+01, -2.26465778E+01, -2.26285362E+01, -2.26141739E+01, -2.26209621E+01
1539.7679999999955, -2.19218102E+01, -2.19295712E+01, -2.19278278E+01, -2.18795071E+01, -2.18829212E+01, -2.18664074E+01, -2.18398914E+01, -2.18510838E+01, -2.18662090E+01, -2.18451214E+01
1539.7699999999954, -2.11629295E+01, -2.11682491E+01, -2.11547070E+01, -2.11617870E+01, -2.11430531E+01, -2.11209602E+01, -2.11451321E+01, -2.11472969E+01, -2.11444569E+01, -2.11507168E+01
1539.7719999999954, -2.02429581E+01, -2.02675610E+01, -2.02589455E+01, -2.02356110E+01, -2.02381382E+01, -2.02339897E+01, -2.02362556E+01, -2.02303448E+01, -2.02160606E+01, -2.01891632E+01
1539.7739999999953, -1.95969086E+01, -1.95833168E+01, -1.95634632E+01, -1.95629711E+01, -1.95638008E+01, -1.95865040E+01, -1.95945797E+01, -1.96135159E+01, -1.95867615E+01, -1.96034698E+01
1539.7759999999953, -1.89871025E+01, -1.89864178E+01, -1.89599285E+01, -1.89710445E+01, -1.89702625E+01, -1.89975262E+01, -1.89851494E+01, -1.90092678E+01, -1.90048599E+01, -1.89968166E+01
1539.7779999999952, -1.85890388E+01, -1.85886459E+01, -1.85953007E+01, -1.85915794E+01, -1.85920925E+01, -1.85955067E+01, -1.85846882E+01, -1.85793056E+01, -1.85924606E+01, -1.85792961E+01
1539.7799999999952, -1.82929649E+01, -1.82797604E+01, -1.82754955E+01, -1.82772808E+01, -1.82718678E+01, -1.82809715E+01, -1.82749596E+01, -1.82799149E+01, -1.82748737E+01, -1.82786312E+01
1539.7819999999952, -1.80812721E+01, -1.80836964E+01, -1.80818977E+01, -1.80874462E+01, -1.80931187E+01, -1.80883160E+01, -1.80833015E+01, -1.80840473E+01, -1.80782261E+01, -1.80747910E+01
1539.783999999995, -1.79355106E+01, -1.79407272E+01, -1.79361801E+01, -1.79197330E+01, -1.79182758E+01, -1.79212608E+01, -1.79206123E+01, -1.79207172E+01, -1.79163990E+01, -1.79156113E+01
1539.785999999995, -1.78361702E+01, -1.78311100E+01, -1.78311729E+01, -1.78379631E+01, -1.78310528E+01, -1.78334217E+01, -1.78405437E+01, -1.78406410E+01, -1.78449631E+01, -1.78368893E+01
1539.787999999995, -1.77683640E+01, -1.77711830E+01, -1.77678127E+01, -1.77670612E+01, -1.77662907E+01, -1.77674828E+01, -1.77717361E+01, -1.77698078E+01, -1.77668781E+01, -1.77686901E+01
1539.789999999995, -1.77050266E+01, -1.77021008E+01, -1.77008572E+01, -1.76999741E+01, -1.77017269E+01, -1.77028484E+01, -1.76984730E+01, -1.77016773E+01, -1.77054882E+01, -1.77060528E+01
1539.791999999995, -1.76543713E+01, -1.76533699E+01, -1.76578712E+01, -1.76582184E+01, -1.76656837E+01, -1.76652470E+01, -1.76608868E+01, -1.76586456E+01, -1.76598816E+01, -1.76575813E+01
1539.7939999999949, -1.76432056E+01, -1.76428299E+01, -1.76437836E+01, -1.76416607E+01, -1.76412582E+01, -1.76410084E+01, -1.76408310E+01, -1.76434078E+01, -1.76454296E+01, -1.76405430E+01
1539.7959999999948, -1.76174488E+01, -1.76191845E+01, -1.76188221E+01, -1.76211224E+01, -1.76233959E+01, -1.76190777E+01, -1.76193771E+01, -1.76177521E+01, -1.76193790E+01, -1.76156273E+01
1539.7979999999948, -1.76113434E+01, -1.76125088E+01, -1.76113415E+01, -1.76108685E+01, -1.76122971E+01, -1.76132526E+01, -1.76160355E+01, -1.76140690E+01, -1.76138382E+01, -1.76140594E+01
1539.7999999999947, -1.76050282E+01, -1.76104221E+01, -1.76036434E+01, -1.76040287E+01, -1.76002502E+01, -1.76008301E+01, -1.76071281E+01, -1.76044388E+01, -1.76013699E+01, -1.76028576E+01
1539.8019999999947, -1.77137375E+01, -1.76362038E+01, -1.76405544E+01, -1.76362591E+01, -1.76374416E+01, -1.76255493E+01, -1.76129303E+01, -1.76041851E+01, -1.76003075E+01, -1.75981998E+01
1539.8039999999946, -1.75997887E+01, -1.75985775E+01, -1.75974674E+01, -1.76002579E+01, -1.76037674E+01, -1.76035061E+01, -1.76049137E+01, -1.76011124E+01, -1.75994911E+01, -1.75971527E+01
1539.8059999999946, -1.75977821E+01, -1.75985603E+01, -1.76007328E+01, -1.75999718E+01, -1.75978508E+01, -1.75974579E+01, -1.75987949E+01, -1.75979004E+01, -1.76003361E+01, -1.75983562E+01
1539.8079999999945, -1.75955315E+01, -1.75960999E+01, -1.75949478E+01, -1.75980301E+01, -1.75972157E+01, -1.75992985E+01, -1.75974102E+01, -1.75959187E+01, -1.75977478E+01, -1.75958691E+01
1539.8099999999945, -1.75959167E+01, -1.75955753E+01, -1.75972042E+01, -1.75974636E+01, -1.75960712E+01, -1.75937729E+01, -1.75965557E+01, -1.75923367E+01, -1.75947475E+01, -1.75996380E+01
1539.8119999999944, -1.75932617E+01, -1.75960083E+01, -1.75939331E+01, -1.75962772E+01, -1.75923347E+01, -1.75927429E+01, -1.75907001E+01, -1.75927162E+01, -1.75918503E+01, -1.75931492E+01
1539.8139999999944, -1.75903397E+01, -1.75942783E+01, -1.75927677E+01, -1.75945663E+01, -1.75970573E+01, -1.76012955E+01, -1.76180019E+01, -1.76128597E+01, -1.76356735E+01, -1.76391735E+01
1539.8159999999943, -1.75831680E+01, -1.75838680E+01, -1.75864925E+01, -1.75841866E+01, -1.75865326E+01, -1.75843811E+01, -1.75837517E+01, -1.75849228E+01, -1.75848370E+01, -1.75808525E+01
1539.8179999999943, -1.75733604E+01, -1.75729733E+01, -1.75746841E+01, -1.75729733E+01, -1.75748100E+01, -1.75757561E+01, -1.75723362E+01, -1.75740643E+01, -1.75734520E+01, -1.75735054E+01
1539.8199999999943, -1.75687351E+01, -1.75694122E+01, -1.75725365E+01, -1.75685940E+01, -1.75697231E+01, -1.75681973E+01, -1.75675983E+01, -1.75691109E+01, -1.75668087E+01, -1.75674229E+01
1539.8219999999942, -1.75653152E+01, -1.75606861E+01, -1.75613403E+01, -1.75606289E+01, -1.75691967E+01, -1.75680752E+01, -1.75648251E+01, -1.75636215E+01, -1.75628910E+01, -1.75635624E+01
1539.8239999999942, -1.75538788E+01, -1.75502186E+01, -1.75505733E+01, -1.75491791E+01, -1.75481853E+01, -1.75502644E+01, -1.75465660E+01, -1.75513134E+01, -1.75516262E+01, -1.75522118E+01
1539.825999999994, -1.75404911E+01, -1.75393295E+01, -1.75381031E+01, -1.75384197E+01, -1.75386467E+01, -1.75382557E+01, -1.75394707E+01, -1.75414066E+01, -1.75402813E+01, -1.75428638E+01
1539.827999999994, -1.75840130E+01, -1.75815983E+01, -1.75537319E+01, -1.75436840E+01, -1.75392189E+01, -1.76173038E+01, -1.77540207E+01, -1.77708817E+01, -1.78416862E+01, -1.78275070E+01
1539.829999999994, -1.75251656E+01, -1.75192547E+01, -1.75273724E+01, -1.75183601E+01, -1.75161724E+01, -1.75164661E+01, -1.75245361E+01, -1.75233631E+01, -1.75185204E+01, -1.75196667E+01
1539.831999999994, -1.75004444E+01, -1.75051556E+01, -1.74996433E+01, -1.74972267E+01, -1.74976864E+01, -1.75013714E+01, -1.75004768E+01, -1.75006733E+01, -1.75022202E+01, -1.75038986E+01
1539.833999999994, -1.74816742E+01, -1.74818974E+01, -1.74802761E+01, -1.74813309E+01, -1.74846745E+01, -1.74862099E+01, -1.74851341E+01, -1.74819069E+01, -1.74813156E+01, -1.74827003E+01
1539.8359999999939, -1.74673634E+01, -1.74653301E+01, -1.74657288E+01, -1.74657059E+01, -1.74681473E+01, -1.74671326E+01, -1.74654884E+01, -1.74636402E+01, -1.74622593E+01, -1.74644470E+01
1539.8379999999938, -1.74370346E+01, -1.74363632E+01, -1.74387417E+01, -1.74373417E+01, -1.74425583E+01, -1.74410095E+01, -1.74426003E+01, -1.74378777E+01, -1.74346371E+01, -1.74367485E+01
1539.8399999999938, -1.74205799E+01, -1.74202652E+01, -1.74225502E+01, -1.74187984E+01, -1.74199104E+01, -1.74210873E+01, -1.74193611E+01, -1.74208183E+01, -1.74195023E+01, -1.74203949E+01
1539.8419999999937, -1.73989506E+01, -1.73926849E+01, -1.73939037E+01, -1.73949261E+01, -1.73923187E+01, -1.73912449E+01, -1.73946209E+01, -1.73893375E+01, -1.73922272E+01, -1.73939037E+01
1539.8439999999937, -1.73687725E+01, -1.73683720E+01, -1.73672085E+01, -1.73702583E+01, -1.73699837E+01, -1.73745365E+01, -1.73732910E+01, -1.73728714E+01, -1.73695087E+01, -1.73728256E+01
1539.8459999999936, -1.73405190E+01, -1.73389759E+01, -1.73374405E+01, -1.73446865E+01, -1.73412514E+01, -1.73432293E+01, -1.73458958E+01, -1.73441010E+01, -1.73416977E+01, -1.73410339E+01
1539.8479999999936, -1.73184795E+01, -1.73208084E+01, -1.73209095E+01, -1.73182869E+01, -1.73183861E+01, -1.73144894E+01, -1.73144741E+01, -1.73131924E+01, -1.73173466E+01, -1.73143311E+01
1539.8499999999935, -1.72826977E+01, -1.72830811E+01, -1.72902393E+01, -1.72833023E+01, -1.72855263E+01, -1.72799549E+01, -1.72839413E+01, -1.72808361E+01, -1.72814598E+01, -1.72819118E+01
1539.8519999999935, -1.72663021E+01, -1.72629948E+01, -1.72621155E+01, -1.72643433E+01, -1.72614040E+01, -1.72573872E+01, -1.72617950E+01, -1.72576218E+01, -1.72538452E+01, -1.72566223E+01
1539.8539999999934, -1.72288589E+01, -1.72265911E+01, -1.72297745E+01, -1.72327099E+01, -1.72302570E+01, -1.72293797E+01, -1.72295151E+01, -1.72327709E+01, -1.72289639E+01, -1.72277946E+01
1539.8559999999934, -1.72025490E+01, -1.72035046E+01, -1.72003517E+01, -1.72003479E+01, -1.72001781E+01, -1.72014484E+01, -1.72038651E+01, -1.71989899E+01, -1.72015018E+01, -1.72007542E+01
1539.8579999999934, -1.71651440E+01, -1.71675835E+01, -1.71666985E+01, -1.71650944E+01, -1.71644897E+01, -1.71701031E+01, -1.71665287E+01, -1.71670017E+01, -1.71672192E+01, -1.71670742E+01
1539.8599999999933, -1.71366444E+01, -1.71394062E+01, -1.71379414E+01, -1.71379070E+01, -1.71406784E+01, -1.71375008E+01, -1.71393585E+01, -1.71374722E+01, -1.71371288E+01, -1.71393452E+01
1539.8619999999933, -1.71141033E+01, -1.71051731E+01, -1.71020317E+01, -1.71040916E+01, -1.71037521E+01, -1.71059742E+01, -1.71037388E+01, -1.71024361E+01, -1.71029167E+01, -1.71017437E+01
1539.8639999999932, -1.70776768E+01, -1.70767002E+01, -1.70783005E+01, -1.70781784E+01, -1.70754128E+01, -1.70750694E+01, -1.70747700E+01, -1.70750408E+01, -1.70751038E+01, -1.70754757E+01
1539.8659999999932, -1.70401707E+01, -1.70436649E+01, -1.70443001E+01, -1.70465641E+01, -1.70365524E+01, -1.70352039E+01, -1.70401287E+01, -1.70394859E+01, -1.70361042E+01, -1.70344944E+01
1539.8679999999931, -1.70066185E+01, -1.70095444E+01, -1.70077515E+01, -1.70113106E+01, -1.70134602E+01, -1.70198860E+01, -1.70120697E+01, -1.70117474E+01, -1.70078163E+01, -1.70081501E+01
1539.869999999993, -1.69748840E+01, -1.69811440E+01, -1.69743557E+01, -1.69742012E+01, -1.69743195E+01, -1.69773750E+01, -1.69801064E+01, -1.69779663E+01, -1.69726048E+01, -1.69732628E+01
1539.871999999993, -1.69496593E+01, -1.69483452E+01, -1.69486618E+01, -1.69432831E+01, -1.69454079E+01, -1.69425449E+01, -1.69431171E+01, -1.69425812E+01, -1.69437008E+01, -1.69462357E+01
1539.873999999993, -1.69205761E+01, -1.69173203E+01, -1.69095097E+01, -1.69227867E+01, -1.69127617E+01, -1.69145622E+01, -1.69103622E+01, -1.69089622E+01, -1.69100742E+01, -1.69107666E+01
1539.875999999993, -1.69668140E+01, -1.69313164E+01, -1.69265499E+01, -1.69017410E+01, -1.69004288E+01, -1.68960075E+01, -1.68927937E+01, -1.68866405E+01, -1.68854389E+01, -1.68902931E+01
1539.8779999999929, -1.68665848E+01, -1.68615017E+01, -1.68667507E+01, -1.68623505E+01, -1.68656292E+01, -1.68626213E+01, -1.68590794E+01, -1.68587532E+01, -1.68642921E+01, -1.68624649E+01
1539.8799999999928, -1.68262482E+01, -1.68253803E+01, -1.68291817E+01, -1.68320923E+01, -1.68278847E+01, -1.68270168E+01, -1.68263588E+01, -1.68296909E+01, -1.68319397E+01, -1.68306847E+01
1539.8819999999928, -1.68102665E+01, -1.68066235E+01, -1.68006401E+01, -1.67987862E+01, -1.68066807E+01, -1.68187523E+01, -1.68130608E+01, -1.68195457E+01, -1.68125324E+01, -1.68045330E+01
1539.8839999999927, -1.67861366E+01, -1.67908669E+01, -1.67832947E+01, -1.67751408E+01, -1.67730446E+01, -1.67726269E+01, -1.67709274E+01, -1.67705784E+01, -1.67736416E+01, -1.67701950E+01
1539.8859999999927, -1.67521763E+01, -1.67539444E+01, -1.67525387E+01, -1.67502804E+01, -1.67513905E+01, -1.67526627E+01, -1.67466888E+01, -1.67460842E+01, -1.67426624E+01, -1.67434998E+01
1539.8879999999926, -1.67142830E+01, -1.67066574E+01, -1.67057190E+01, -1.67077732E+01, -1.67053642E+01, -1.67108936E+01, -1.67075329E+01, -1.67137299E+01, -1.67169781E+01, -1.67205048E+01
1539.8899999999926, -1.66919460E+01, -1.66960468E+01, -1.66960926E+01, -1.66956577E+01, -1.66946716E+01, -1.66909027E+01, -1.66925697E+01, -1.66930790E+01, -1.66958447E+01, -1.67003155E+01
1539.8919999999925, -1.66633244E+01, -1.66636715E+01, -1.66635323E+01, -1.66682568E+01, -1.66628513E+01, -1.66629143E+01, -1.66634254E+01, -1.66642494E+01, -1.66663017E+01, -1.66654415E+01
1539.8939999999925, -1.66605892E+01, -1.66529903E+01, -1.66464481E+01, -1.66480236E+01, -1.66487179E+01, -1.66490326E+01, -1.66493683E+01, -1.66519318E+01, -1.66490917E+01, -1.66512623E+01
1539.8959999999925, -1.66251659E+01, -1.66233997E+01, -1.66220169E+01, -1.66232052E+01, -1.66182518E+01, -1.66230259E+01, -1.66247520E+01, -1.66292515E+01, -1.66232548E+01, -1.66259193E+01
1539.8979999999924, -1.66048050E+01, -1.66133270E+01, -1.66102467E+01, -1.66075916E+01, -1.66054115E+01, -1.66062489E+01, -1.66046505E+01, -1.66073647E+01, -1.66049786E+01, -1.66142311E+01
1539.8999999999924, -1.65853863E+01, -1.65863323E+01, -1.65860119E+01, -1.65869503E+01, -1.65836658E+01, -1.65888615E+01, -1.65901413E+01, -1.65885372E+01, -1.65842800E+01, -1.65835667E+01
1539.9019999999923, -1.65719662E+01, -1.65685768E+01, -1.65698490E+01, -1.65763283E+01, -1.65716057E+01, -1.65732498E+01, -1.65703144E+01, -1.65713139E+01, -1.65697117E+01, -1.65729198E+01
1539.9039999999923, -1.65721321E+01, -1.65683060E+01, -1.65547562E+01, -1.65561008E+01, -1.65622921E+01, -1.65676041E+01, -1.65588837E+01, -1.65559025E+01, -1.65597076E+01, -1.65543022E+01
1539.9059999999922, -1.65451393E+01, -1.65417080E+01, -1.65456085E+01, -1.65441856E+01, -1.65422592E+01, -1.65416470E+01, -1.65426826E+01, -1.65454369E+01, -1.65386848E+01, -1.65381699E+01
1539.9079999999922, -1.65328503E+01, -1.65338078E+01, -1.65327110E+01, -1.65268478E+01, -1.65263653E+01, -1.65292950E+01, -1.65404320E+01, -1.65369930E+01, -1.65365047E+01, -1.65313034E+01
1539.9099999999921, -1.65169182E+01, -1.65177269E+01, -1.65189972E+01, -1.65229473E+01, -1.65293865E+01, -1.65411930E+01, -1.65189056E+01, -1.65272064E+01, -1.65314102E+01, -1.65318737E+01
1539.911999999992, -1.65157166E+01, -1.65205307E+01, -1.65134087E+01, -1.65093880E+01, -1.65135422E+01, -1.65113239E+01, -1.65129948E+01, -1.65123806E+01, -1.65111198E+01, -1.65075340E+01
1541.2099999999978, -1.74621296E+01, -1.74514713E+01, -1.74558716E+01, -1.74490051E+01, -1.74525604E+01, -1.74483662E+01, -1.74490128E+01, -1.74504910E+01, -1.74501343E+01, -1.74484234E+01
1541.2119999999977, -1.74713287E+01, -1.74724445E+01, -1.74741650E+01, -1.74760036E+01, -1.74731045E+01, -1.74764061E+01, -1.74741058E+01, -1.74733219E+01, -1.74724350E+01, -1.74789543E+01
1541.2139999999977, -1.74984398E+01, -1.74930859E+01, -1.74978104E+01, -1.74963245E+01, -1.74964390E+01, -1.74968491E+01, -1.74951439E+01, -1.74981441E+01, -1.74974670E+01, -1.74987164E+01
1541.2159999999976, -1.75157299E+01, -1.75175800E+01, -1.75211086E+01, -1.75189095E+01, -1.75153084E+01, -1.75136814E+01, -1.75144329E+01, -1.75151920E+01, -1.75150146E+01, -1.75146675E+01
1541.2179999999976, -1.75334034E+01, -1.75383434E+01, -1.75434380E+01, -1.75381775E+01, -1.75392075E+01, -1.75493393E+01, -1.75488396E+01, -1.75635357E+01, -1.75495510E+01, -1.75423679E+01
1541.2199999999975, -1.75509892E+01, -1.75491295E+01, -1.75492916E+01, -1.75485306E+01, -1.75503025E+01, -1.75548515E+01, -1.75543861E+01, -1.75518951E+01, -1.75536041E+01, -1.75564957E+01
1541.2219999999975, -1.75677586E+01, -1.75682220E+01, -1.75722523E+01, -1.75811405E+01, -1.75708694E+01, -1.75769634E+01, -1.75730553E+01, -1.75677433E+01, -1.75727215E+01, -1.75707283E+01
1541.2239999999974, -1.75731049E+01, -1.75728149E+01, -1.75819454E+01, -1.75820179E+01, -1.75752678E+01, -1.75728779E+01, -1.75725555E+01, -1.75761471E+01, -1.75737076E+01, -1.75791187E+01
1541.2259999999974, -1.75852013E+01, -1.75848713E+01, -1.75941963E+01, -1.75812836E+01, -1.75833244E+01, -1.76056423E+01, -1.77007961E+01, -1.76496334E+01, -1.76430435E+01, -1.76491241E+01
1541.2279999999973, -1.75891781E+01, -1.75868454E+01, -1.75879040E+01, -1.75852509E+01, -1.75886478E+01, -1.75877380E+01, -1.75895500E+01, -1.75865250E+01, -1.75835209E+01, -1.75867233E+01
1541.2299999999973, -1.75940132E+01, -1.75864868E+01, -1.75811615E+01, -1.75854282E+01, -1.75883217E+01, -1.75890751E+01, -1.75896378E+01, -1.75880280E+01, -1.75883865E+01, -1.75886364E+01
1541.2319999999972, -1.75901966E+01, -1.75887699E+01, -1.75878391E+01, -1.75900021E+01, -1.75913677E+01, -1.75888176E+01, -1.75888786E+01, -1.75911598E+01, -1.75911236E+01, -1.75864830E+01
1541.2339999999972, -1.75902023E+01, -1.75906563E+01, -1.75911636E+01, -1.75844803E+01, -1.75926018E+01, -1.75919456E+01, -1.75940151E+01, -1.75922413E+01, -1.75914249E+01, -1.75909443E+01
1541.2359999999971, -1.75861988E+01, -1.75868587E+01, -1.75856628E+01, -1.75872631E+01, -1.75881920E+01, -1.75872536E+01, -1.75853214E+01, -1.75869579E+01, -1.75867138E+01, -1.75868511E+01
1541.237999999997, -1.75889282E+01, -1.75837784E+01, -1.75932236E+01, -1.76030846E+01, -1.75976219E+01, -1.75894356E+01, -1.75940552E+01, -1.76334267E+01, -1.75913658E+01, -1.75852413E+01
1541.239999999997, -1.75771446E+01, -1.75795631E+01, -1.75747852E+01, -1.75728893E+01, -1.75747204E+01, -1.75764389E+01, -1.75766354E+01, -1.75746040E+01, -1.75746441E+01, -1.75793400E+01
1541.241999999997, -1.75739822E+01, -1.77034531E+01, -1.76173954E+01, -1.75798283E+01, -1.75760555E+01, -1.75672112E+01, -1.75660954E+01, -1.75644817E+01, -1.75650635E+01, -1.75666771E+01
1541.243999999997, -1.75538197E+01, -1.75534668E+01, -1.75537148E+01, -1.75531273E+01, -1.75554237E+01, -1.75541210E+01, -1.75519848E+01, -1.75548820E+01, -1.75549717E+01, -1.75548458E+01
1541.245999999997, -1.75354214E+01, -1.75371609E+01, -1.75331116E+01, -1.75404224E+01, -1.75369015E+01, -1.75316067E+01, -1.75337200E+01, -1.75352116E+01, -1.75373859E+01, -1.75380039E+01
1541.2479999999969, -1.75221519E+01, -1.75205727E+01, -1.75204601E+01, -1.75208931E+01, -1.75278473E+01, -1.75294285E+01, -1.75295525E+01, -1.75341911E+01, -1.75254021E+01, -1.75220146E+01
1541.2499999999968, -1.74993515E+01, -1.75013523E+01, -1.75013733E+01, -1.75013409E+01, -1.76511269E+01, -1.76680298E+01, -1.77038937E+01, -1.75661201E+01, -1.75502605E+01, -1.75437908E+01
1541.2519999999968, -1.74956875E+01, -1.74916973E+01, -1.74825325E+01, -1.74860497E+01, -1.74920692E+01, -1.74949436E+01, -1.74893475E+01, -1.74851875E+01, -1.74835243E+01, -1.74864483E+01
1541.2539999999967, -1.74738293E+01, -1.74719200E+01, -1.74717979E+01, -1.74719143E+01, -1.74731350E+01, -1.74757156E+01, -1.74773598E+01, -1.75592175E+01, -1.75289345E+01, -1.75056133E+01
1541.2559999999967, -1.74450455E+01, -1.74457684E+01, -1.74479694E+01, -1.74493160E+01, -1.74486179E+01, -1.74596119E+01, -1.74565315E+01, -1.74602184E+01, -1.74621887E+01, -1.74516468E+01
1541.2579999999966, -1.74282093E+01, -1.74293213E+01, -1.74292850E+01, -1.74262447E+01, -1.74286461E+01, -1.74364567E+01, -1.74329548E+01, -1.74366207E+01, -1.74287205E+01, -1.74269505E+01
1541.2599999999966, -1.74067707E+01, -1.74221992E+01, -1.74142075E+01, -1.74079971E+01, -1.73965092E+01, -1.74016953E+01, -1.73979473E+01, -1.74031067E+01, -1.74024639E+01, -1.73975792E+01
1541.2619999999965, -1.73822556E+01, -1.73920269E+01, -1.73851719E+01, -1.73832188E+01, -1.73818569E+01, -1.73831577E+01, -1.73837452E+01, -1.73822041E+01, -1.73825512E+01, -1.73821049E+01
1541.2639999999965, -1.73529816E+01, -1.73522663E+01, -1.73510513E+01, -1.73484726E+01, -1.73462315E+01, -1.73444099E+01, -1.73443146E+01, -1.73423615E+01, -1.73487282E+01, -1.73491535E+01
1541.2659999999964, -1.73164082E+01, -1.73186665E+01, -1.73195362E+01, -1.73186588E+01, -1.73173523E+01, -1.73169022E+01, -1.73171635E+01, -1.73200607E+01, -1.73238544E+01, -1.73196487E+01
1541.2679999999964, -1.72770977E+01, -1.72776928E+01, -1.72811584E+01, -1.72815857E+01, -1.72792797E+01, -1.72766800E+01, -1.72771626E+01, -1.72762699E+01, -1.72790356E+01, -1.72765064E+01
1541.2699999999963, -1.72501411E+01, -1.72506313E+01, -1.72523670E+01, -1.72492867E+01, -1.72456417E+01, -1.72467747E+01, -1.72456684E+01, -1.72460728E+01, -1.72478466E+01, -1.72459393E+01
1541.2719999999963, -1.72071228E+01, -1.72090073E+01, -1.72105389E+01, -1.72070293E+01, -1.72054482E+01, -1.72072258E+01, -1.72110386E+01, -1.72132950E+01, -1.72117977E+01, -1.72079773E+01
1541.2739999999962, -1.71804047E+01, -1.71829643E+01, -1.71864910E+01, -1.71858749E+01, -1.71825008E+01, -1.71832256E+01, -1.71783905E+01, -1.71786575E+01, -1.71766376E+01, -1.71805782E+01
1541.2759999999962, -1.71420670E+01, -1.71375389E+01, -1.71373444E+01, -1.71337261E+01, -1.71376553E+01, -1.71338654E+01, -1.71330070E+01, -1.71362152E+01, -1.71391964E+01, -1.71404324E+01
1541.2779999999962, -1.71114998E+01, -1.71078491E+01, -1.71097126E+01, -1.71065502E+01, -1.71070213E+01, -1.71070080E+01, -1.71060867E+01, -1.71052704E+01, -1.71071739E+01, -1.71082821E+01
1541.279999999996, -1.70717068E+01, -1.70704231E+01, -1.70746708E+01, -1.70739479E+01, -1.70748081E+01, -1.70737686E+01, -1.70732441E+01, -1.70692806E+01, -1.70708714E+01, -1.70720062E+01
1541.281999999996, -1.70632687E+01, -1.70534439E+01, -1.70536575E+01, -1.70549164E+01, -1.70508022E+01, -1.70456829E+01, -1.70409889E+01, -1.70440636E+01, -1.70479679E+01, -1.70495338E+01
1541.283999999996, -1.70068111E+01, -1.70033569E+01, -1.70043278E+01, -1.70055389E+01, -1.70059433E+01, -1.70020123E+01, -1.70030804E+01, -1.70044994E+01, -1.70075703E+01, -1.70015621E+01
1541.285999999996, -1.69834442E+01, -1.69795895E+01, -1.69758415E+01, -1.69742336E+01, -1.69763813E+01, -1.69832458E+01, -1.69731255E+01, -1.69737377E+01, -1.69748650E+01, -1.69760513E+01
1541.287999999996, -1.69480534E+01, -1.69542484E+01, -1.69453278E+01, -1.69438572E+01, -1.69436131E+01, -1.69458065E+01, -1.69443035E+01, -1.69451675E+01, -1.69482765E+01, -1.69629097E+01
1541.2899999999959, -1.69094810E+01, -1.69088478E+01, -1.69064713E+01, -1.69084282E+01, -1.69066887E+01, -1.69052010E+01, -1.69085026E+01, -1.69087410E+01, -1.69084702E+01, -1.69061298E+01
1541.2919999999958, -1.68787613E+01, -1.68790131E+01, -1.68757992E+01, -1.68764057E+01, -1.68756924E+01, -1.68716164E+01, -1.68693790E+01, -1.68699741E+01, -1.68760033E+01, -1.68725910E+01
1541.2939999999958, -1.68572159E+01, -1.68539581E+01, -1.68597984E+01, -1.68519096E+01, -1.68478012E+01, -1.68490448E+01, -1.68480797E+01, -1.68529072E+01, -1.68504658E+01, -1.68492813E+01
1541.2959999999957, -1.68194866E+01, -1.68187542E+01, -1.68207073E+01, -1.68213615E+01, -1.68206768E+01, -1.68220577E+01, -1.68263206E+01, -1.68235359E+01, -1.68225002E+01, -1.68229980E+01
1541.2979999999957, -1.68089256E+01, -1.68028126E+01, -1.68045425E+01, -1.68058796E+01, -1.68055573E+01, -1.68044300E+01, -1.68066368E+01, -1.68037968E+01, -1.68068123E+01, -1.68050613E+01
1541.2999999999956, -1.67763500E+01, -1.67774334E+01, -1.67808952E+01, -1.67818966E+01, -1.67907906E+01, -1.67855473E+01, -1.67846603E+01, -1.67872810E+01, -1.67915516E+01, -1.67883339E+01
1541.3019999999956, -1.67770710E+01, -1.67705555E+01, -1.67697010E+01, -1.67717667E+01, -1.67684269E+01, -1.67720718E+01, -1.67680855E+01, -1.67662220E+01, -1.67697124E+01, -1.67806339E+01
1541.3039999999955, -1.67512455E+01, -1.67579937E+01, -1.67578812E+01, -1.67629108E+01, -1.67539463E+01, -1.67566833E+01, -1.67577057E+01, -1.67588673E+01, -1.67641640E+01, -1.67577553E+01
1541.3059999999955, -1.67389107E+01, -1.67427673E+01, -1.67482262E+01, -1.67383575E+01, -1.67382927E+01, -1.67380466E+01, -1.67425518E+01, -1.67441101E+01, -1.67468586E+01, -1.67484436E+01
1541.3079999999954, -1.67397461E+01, -1.67394772E+01, -1.67403164E+01, -1.67413673E+01, -1.67400837E+01, -1.67395077E+01, -1.67429638E+01, -1.67430344E+01, -1.67420177E+01, -1.67391014E+01
1541.3099999999954, -1.67420177E+01, -1.67376461E+01, -1.67389774E+01, -1.67472515E+01, -1.67433147E+01, -1.67425175E+01, -1.67412090E+01, -1.67404423E+01, -1.67416458E+01, -1.67418289E+01
1541.3119999999954, -1.67425327E+01, -1.67419910E+01, -1.67417889E+01, -1.67427769E+01, -1.67469234E+01, -1.67519970E+01, -1.67473583E+01, -1.67428322E+01, -1.67488270E+01, -1.67481022E+01
1541.3139999999953, -1.67503223E+01, -1.67486649E+01, -1.67478600E+01, -1.67478943E+01, -1.67461433E+01, -1.67468357E+01, -1.67491016E+01, -1.67479668E+01, -1.67485313E+01, -1.67484474E+01
1541.3159999999953, -1.67621498E+01, -1.67568398E+01, -1.67545280E+01, -1.67530708E+01, -1.67554092E+01, -1.67576046E+01, -1.67544651E+01, -1.67539005E+01, -1.67542439E+01, -1.67516747E+01
1541.3179999999952, -1.67782555E+01, -1.67768021E+01, -1.67733212E+01, -1.67731915E+01, -1.67702103E+01, -1.67744751E+01, -1.67778702E+01, -1.67770138E+01, -1.67751369E+01, -1.67754230E+01
1541.3199999999952, -1.68070126E+01, -1.68122768E+01, -1.68051300E+01, -1.68092861E+01, -1.68068295E+01, -1.68076649E+01, -1.68104343E+01, -1.68088894E+01, -1.68048878E+01, -1.68068981E+01
1541.3219999999951, -1.68314953E+01, -1.68296528E+01, -1.68353119E+01, -1.68317261E+01, -1.68307056E+01, -1.68317471E+01, -1.68306313E+01, -1.68306580E+01, -1.68340034E+01, -1.68311768E+01
1541.323999999995, -1.68741608E+01, -1.68779945E+01, -1.68790913E+01, -1.68793354E+01, -1.68790569E+01, -1.68796215E+01, -1.68807240E+01, -1.68770065E+01, -1.68759727E+01, -1.68851204E+01
1541.325999999995, -1.69182625E+01, -1.69134674E+01, -1.69136868E+01, -1.69145947E+01, -1.69160309E+01, -1.69179974E+01, -1.69200726E+01, -1.69239368E+01, -1.69266396E+01, -1.69258137E+01
1541.327999999995, -1.69666424E+01, -1.69642601E+01, -1.69681606E+01, -1.69677124E+01, -1.69600315E+01, -1.69651279E+01, -1.69711437E+01, -1.69672699E+01, -1.69678955E+01, -1.69674969E+01
1541.329999999995, -1.70484734E+01, -1.70457840E+01, -1.70406437E+01, -1.70403156E+01, -1.70439301E+01, -1.70460415E+01, -1.70440903E+01, -1.70530910E+01, -1.70422020E+01, -1.70403042E+01
1541.3319999999949, -1.71143837E+01, -1.71066570E+01, -1.71071301E+01, -1.71069717E+01, -1.71059341E+01, -1.71096458E+01, -1.71191559E+01, -1.71082478E+01, -1.71158810E+01, -1.71128159E+01
1541.3339999999948, -1.72227211E+01, -1.72246265E+01, -1.72294998E+01, -1.72328396E+01, -1.72255669E+01, -1.72214642E+01, -1.72253876E+01, -1.72277298E+01, -1.72209415E+01, -1.72209644E+01
1541.3359999999948, -1.73305111E+01, -1.73262939E+01, -1.73275146E+01, -1.73271599E+01, -1.73211212E+01, -1.73210182E+01, -1.73220673E+01, -1.73272228E+01, -1.73231716E+01, -1.73182678E+01
1541.3379999999947, -1.74902840E+01, -1.74889832E+01, -1.74834175E+01, -1.74861221E+01, -1.74865818E+01, -1.74913635E+01, -1.74936085E+01, -1.74933529E+01, -1.74928513E+01, -1.74966545E+01
1541.3399999999947, -1.76569519E+01, -1.76562042E+01, -1.76562405E+01, -1.76571712E+01, -1.76658382E+01, -1.76693211E+01, -1.76691208E+01, -1.76705036E+01, -1.76664467E+01, -1.76556721E+01
1541.3419999999946, -1.79371376E+01, -1.79376087E+01, -1.79307480E+01, -1.79279213E+01, -1.79391518E+01, -1.79473877E+01, -1.79415474E+01, -1.79375000E+01, -1.79472713E+01, -1.79527073E+01
1541.3439999999946, -1.81780624E+01, -1.81904373E+01, -1.81929951E+01, -1.81894779E+01, -1.81822662E+01, -1.81884823E+01, -1.81829948E+01, -1.81907043E+01, -1.81749706E+01, -1.81685791E+01
1541.3459999999945, -1.85671806E+01, -1.85632896E+01, -1.85474987E+01, -1.85426331E+01, -1.85463181E+01, -1.85523167E+01, -1.85611725E+01, -1.85368099E+01, -1.85409355E+01, -1.85479298E+01
1541.3479999999945, -1.88970299E+01, -1.88850727E+01, -1.88875637E+01, -1.88780384E+01, -1.88802776E+01, -1.88867931E+01, -1.88961048E+01, -1.88688145E+01, -1.88727703E+01, -1.88772411E+01
1541.3499999999945, -1.94415131E+01, -1.94576664E+01, -1.94576283E+01, -1.94520321E+01, -1.94629726E+01, -1.94669647E+01, -1.94826431E+01, -1.94667435E+01, -1.94641495E+01, -1.94444027E+01
1541.3519999999944, -2.00305958E+01, -2.00265484E+01, -2.00190296E+01, -2.00325489E+01, -2.00430737E+01, -2.00513420E+01, -2.00321407E+01, -2.00104866E+01, -2.00300026E+01, -2.00270233E+01
1541.3539999999944, -2.08028145E+01, -2.08290730E+01, -2.08249588E+01, -2.08229790E+01, -2.08386269E+01, -2.08547249E+01, -2.08324986E+01, -2.08570042E+01, -2.08619537E+01, -2.08555126E+01
1541.3559999999943, -2.15521946E+01, -2.15589733E+01, -2.15839882E+01, -2.15520191E+01, -2.15502796E+01, -2.15673828E+01, -2.15799236E+01, -2.16119251E+01, -2.16333237E+01, -2.16533699E+01
1541.3579999999943, -2.23156471E+01, -2.23150311E+01, -2.23140411E+01, -2.23167114E+01, -2.23200321E+01, -2.23067207E+01, -2.22928543E+01, -2.22927742E+01, -2.22873230E+01, -2.22856731E+01
1541.3599999999942, -2.25631199E+01, -2.25622540E+01, -2.25675831E+01, -2.25629559E+01, -2.25640030E+01, -2.25643196E+01, -2.25699482E+01, -2.25625534E+01, -2.25548649E+01, -2.25611763E+01
1541.3619999999942, -2.24348335E+01, -2.24413548E+01, -2.24456692E+01, -2.24499874E+01, -2.24643097E+01, -2.24835033E+01, -2.24741173E+01, -2.24934769E+01, -2.24767799E+01, -2.24739399E+01
1541.3639999999941, -2.20514317E+01, -2.20417099E+01, -2.20359287E+01, -2.20371723E+01, -2.20476723E+01, -2.20456448E+01, -2.20548573E+01, -2.20513058E+01, -2.20540085E+01, -2.20754585E+01
1541.365999999994, -2.11736412E+01, -2.11861305E+01, -2.11722050E+01, -2.11973686E+01, -2.11655159E+01, -2.11658630E+01, -2.11340637E+01, -2.11280308E+01, -2.11377106E+01, -2.11349716E+01
1541.367999999994, -2.05524044E+01, -2.05143490E+01, -2.04968872E+01, -2.04664917E+01, -2.04496326E+01, -2.04444160E+01, -2.04349022E+01, -2.04371662E+01, -2.04629059E+01, -2.04836750E+01
1541.369999999994, -1.97113857E+01, -1.96740093E+01, -1.96486111E+01, -1.96635551E+01, -1.96496277E+01, -1.96257191E+01, -1.96538811E+01, -1.96396675E+01, -1.96407146E+01, -1.96446342E+01
1541.371999999994, -1.91144581E+01, -1.91346569E+01, -1.91443214E+01, -1.91322651E+01, -1.91313705E+01, -1.90992508E+01, -1.91199017E+01, -1.91090527E+01, -1.91133614E+01, -1.91116676E+01
1541.3739999999939, -1.85679569E+01, -1.85684986E+01, -1.85724869E+01, -1.85673084E+01, -1.85750217E+01, -1.85605221E+01, -1.85606232E+01, -1.85534248E+01, -1.85628128E+01, -1.85588284E+01
1541.3759999999938, -1.83534088E+01, -1.83652973E+01, -1.83626804E+01, -1.83424473E+01, -1.83192902E+01, -1.83279514E+01, -1.83177681E+01, -1.83164310E+01, -1.83271294E+01, -1.83252106E+01
1541.3779999999938, -1.81612434E+01, -1.81599140E+01, -1.81593800E+01, -1.81560707E+01, -1.81540871E+01, -1.81427155E+01, -1.81375237E+01, -1.81420784E+01, -1.81537647E+01, -1.81556664E+01
1541.3799999999937, -1.79424839E+01, -1.79462204E+01, -1.79502239E+01, -1.79497967E+01, -1.79514942E+01, -1.79440804E+01, -1.79472179E+01, -1.79425659E+01, -1.79471569E+01, -1.79451828E+01
1541.3819999999937, -1.78337975E+01, -1.78335400E+01, -1.78369732E+01, -1.78377972E+01, -1.78394489E+01, -1.78428497E+01, -1.78388252E+01, -1.78341923E+01, -1.78379326E+01, -1.78361549E+01
1541.3839999999936, -1.77331715E+01, -1.77318592E+01, -1.77323017E+01, -1.77296963E+01, -1.77315140E+01, -1.77275486E+01, -1.77273483E+01, -1.77296200E+01, -1.77280216E+01, -1.77297649E+01
1541.3859999999936, -1.76823978E+01, -1.76774063E+01, -1.76808872E+01, -1.76813526E+01, -1.76824818E+01, -1.76818008E+01, -1.76824360E+01, -1.76862907E+01, -1.76830273E+01, -1.76911430E+01
1541.3879999999936, -1.76474342E+01, -1.76451702E+01, -1.76421471E+01, -1.76473198E+01, -1.76462822E+01, -1.76473160E+01, -1.76419640E+01, -1.76466751E+01, -1.76456242E+01, -1.76421261E+01
1541.3899999999935, -1.76146908E+01, -1.76148739E+01, -1.76137600E+01, -1.76132069E+01, -1.76173401E+01, -1.76166325E+01, -1.76147194E+01, -1.76161385E+01, -1.76169128E+01, -1.76157990E+01
1541.3919999999935, -1.76042404E+01, -1.76096153E+01, -1.76101456E+01, -1.76077232E+01, -1.76061916E+01, -1.76062241E+01, -1.76076469E+01, -1.76083412E+01, -1.76167469E+01, -1.76156330E+01
1541.3939999999934, -1.76016731E+01, -1.76037846E+01, -1.76080742E+01, -1.76154289E+01, -1.76026230E+01, -1.76008129E+01, -1.76009865E+01, -1.76020927E+01, -1.76030998E+01, -1.76067448E+01
1541.3959999999934, -1.76065540E+01, -1.76045303E+01, -1.76037998E+01, -1.76062050E+01, -1.76028557E+01, -1.76023865E+01, -1.75992355E+01, -1.76030312E+01, -1.75989285E+01, -1.76016960E+01
1541.3979999999933, -1.76044636E+01, -1.76060410E+01, -1.76038456E+01, -1.76035957E+01, -1.76067772E+01, -1.76067905E+01, -1.76086330E+01, -1.76089573E+01, -1.76047306E+01, -1.76038284E+01
1541.3999999999933, -1.76096344E+01, -1.76111927E+01, -1.76102161E+01, -1.76088486E+01, -1.76083622E+01, -1.76101513E+01, -1.76086006E+01, -1.76074963E+01, -1.76073895E+01, -1.76095772E+01
1541.4019999999932, -1.76155815E+01, -1.76140537E+01, -1.76161613E+01, -1.76176033E+01, -1.76159573E+01, -1.76171513E+01, -1.76182480E+01, -1.76147575E+01, -1.76343632E+01, -1.76262589E+01
1541.4039999999932, -1.76410122E+01, -1.76290512E+01, -1.76366825E+01, -1.76477909E+01, -1.76571255E+01, -1.76428738E+01, -1.76396561E+01, -1.76311760E+01, -1.76350632E+01, -1.76375732E+01
1541.4059999999931, -1.76418667E+01, -1.76378746E+01, -1.76399193E+01, -1.76399555E+01, -1.76384239E+01, -1.76407433E+01, -1.76415367E+01, -1.76443424E+01, -1.76431198E+01, -1.76414299E+01
1541.407999999993, -1.76549644E+01, -1.76588802E+01, -1.76566448E+01, -1.76571922E+01, -1.76546154E+01, -1.76567478E+01, -1.76573601E+01, -1.76608772E+01, -1.76570873E+01, -1.76580315E+01
1541.409999999993, -1.76643887E+01, -1.76651821E+01, -1.76657276E+01, -1.76708317E+01, -1.76709309E+01, -1.76690464E+01, -1.76668625E+01, -1.76599579E+01, -1.76603909E+01, -1.76621265E+01
1541.411999999993, -1.76728058E+01, -1.76726093E+01, -1.76717281E+01, -1.76718559E+01, -1.76731682E+01, -1.76710262E+01, -1.76695919E+01, -1.76717815E+01, -1.76725159E+01, -1.76700459E+01
1541.413999999993, -1.76717529E+01, -1.76749935E+01, -1.76758194E+01, -1.76741943E+01, -1.76752148E+01, -1.76739616E+01, -1.76633854E+01, -1.76629257E+01, -1.76677895E+01, -1.76657791E+01
1541.415999999993, -1.76605186E+01, -1.76602116E+01, -1.76593037E+01, -1.76625004E+01, -1.76683941E+01, -1.76626778E+01, -1.76631546E+01, -1.76706753E+01, -1.76645699E+01, -1.76639156E+01
1541.4179999999928, -1.77406178E+01, -1.77277565E+01, -1.77172699E+01, -1.76686745E+01, -1.77194958E+01, -1.76965847E+01, -1.76981201E+01, -1.76615334E+01, -1.76508446E+01, -1.76492138E+01
1541.4199999999928, -1.76559067E+01, -1.76673298E+01, -1.76550522E+01, -1.76504059E+01, -1.76526356E+01, -1.76508999E+01, -1.76461506E+01, -1.76443672E+01, -1.76486320E+01, -1.76703281E+01
1541.4219999999927, -1.76463833E+01, -1.76488190E+01, -1.76397934E+01, -1.76420670E+01, -1.76410389E+01, -1.76396885E+01, -1.76366177E+01, -1.76498337E+01, -1.76456680E+01, -1.76387463E+01
1541.4239999999927, -1.76357040E+01, -1.76506748E+01, -1.76386642E+01, -1.76285839E+01, -1.76272793E+01, -1.76267719E+01, -1.76386070E+01, -1.76483955E+01, -1.76438522E+01, -1.76413307E+01
1541.4259999999927, -1.76212730E+01, -1.76227512E+01, -1.76606331E+01, -1.76661854E+01, -1.76629295E+01, -1.76409187E+01, -1.76211472E+01, -1.76132183E+01, -1.76150436E+01, -1.76124516E+01
1541.4279999999926, -1.76051025E+01, -1.76030273E+01, -1.76030045E+01, -1.76331177E+01, -1.76324177E+01, -1.76408348E+01, -1.76367207E+01, -1.76173592E+01, -1.76179810E+01, -1.76122055E+01
1541.4299999999926, -1.75951214E+01, -1.75841160E+01, -1.75863132E+01, -1.75860367E+01, -1.75892906E+01, -1.75888138E+01, -1.75885201E+01, -1.75860653E+01, -1.75863857E+01, -1.75839081E+01
1541.4319999999925, -1.75854397E+01, -1.75854931E+01, -1.75783768E+01, -1.75801525E+01, -1.75789471E+01, -1.75769730E+01, -1.75755291E+01, -1.75758553E+01, -1.75754204E+01, -1.75725460E+01
1541.4339999999925, -1.75620823E+01, -1.75618744E+01, -1.75621586E+01, -1.75577621E+01, -1.75566654E+01, -1.75693130E+01, -1.75640984E+01, -1.75664711E+01, -1.75660324E+01, -1.75607147E+01
1541.4359999999924, -1.75352707E+01, -1.75370541E+01, -1.75371647E+01, -1.75366535E+01, -1.75386047E+01, -1.75422955E+01, -1.75506592E+01, -1.75370998E+01, -1.75358715E+01, -1.75366821E+01
1541.4379999999924, -1.75166245E+01, -1.75168495E+01, -1.75211048E+01, -1.75161762E+01, -1.75115929E+01, -1.75116138E+01, -1.75141563E+01, -1.75132866E+01, -1.75132599E+01, -1.75217667E+01
1541.4399999999923, -1.74856453E+01, -1.74909153E+01, -1.74835205E+01, -1.74845123E+01, -1.74899921E+01, -1.74922123E+01, -1.74836559E+01, -1.74826717E+01, -1.74831390E+01, -1.74837208E+01
1541.4419999999923, -1.74688282E+01, -1.74736595E+01, -1.74663219E+01, -1.74639511E+01, -1.74708805E+01, -1.74670181E+01, -1.74825153E+01, -1.74737682E+01, -1.74747639E+01, -1.74728680E+01
1541.4439999999922, -1.74383736E+01, -1.74356403E+01, -1.74302959E+01, -1.74361477E+01, -1.74360676E+01, -1.74331799E+01, -1.74369507E+01, -1.74364033E+01, -1.74305668E+01, -1.74358730E+01
1541.4459999999922, -1.74049435E+01, -1.74039955E+01, -1.74097137E+01, -1.74165363E+01, -1.74143791E+01, -1.74078522E+01, -1.74011936E+01, -1.73984261E+01, -1.74007397E+01, -1.74014263E+01
1541.4479999999921, -1.74006786E+01, -1.73920135E+01, -1.73871384E+01, -1.73890514E+01, -1.73911304E+01, -1.73915710E+01, -1.74084015E+01, -1.74056873E+01, -1.74085178E+01, -1.73938999E+01
1541.449999999992, -1.73395557E+01, -1.73441925E+01, -1.73482838E+01, -1.73514938E+01, -1.73498859E+01, -1.73549786E+01, -1.73479977E+01, -1.73436069E+01, -1.73715000E+01, -1.73745499E+01
1541.451999999992, -1.73044243E+01, -1.73002567E+01, -1.73035679E+01, -1.73009586E+01, -1.73105869E+01, -1.73040695E+01, -1.73027573E+01, -1.73025875E+01, -1.72996883E+01, -1.72991199E+01
1541.453999999992, -1.72704811E+01, -1.72658710E+01, -1.72688141E+01, -1.72651482E+01, -1.72602730E+01, -1.72617722E+01, -1.72598057E+01, -1.72610989E+01, -1.72624054E+01, -1.72614574E+01
1541.455999999992, -1.72376499E+01, -1.72475719E+01, -1.72599010E+01, -1.72448025E+01, -1.72358036E+01, -1.72269039E+01, -1.72266369E+01, -1.72359257E+01, -1.72348728E+01, -1.72393646E+01
1541.457999999992, -1.71839733E+01, -1.71956024E+01, -1.71867390E+01, -1.71854076E+01, -1.71845436E+01, -1.71850739E+01, -1.71874485E+01, -1.71995716E+01, -1.71855869E+01, -1.71850796E+01
1541.4599999999919, -1.71617718E+01, -1.71592712E+01, -1.71559124E+01, -1.71574078E+01, -1.71592579E+01, -1.71583900E+01, -1.71583557E+01, -1.71569386E+01, -1.71551094E+01, -1.71515846E+01
1541.4619999999918, -1.71029854E+01, -1.71216717E+01, -1.71083317E+01, -1.71062469E+01, -1.71096382E+01, -1.71099110E+01, -1.71451645E+01, -1.71554966E+01, -1.71507950E+01, -1.71890411E+01
1541.4639999999918, -1.70769997E+01, -1.71002216E+01, -1.70906925E+01, -1.70934219E+01, -1.70782490E+01, -1.70780163E+01, -1.70836239E+01, -1.70791206E+01, -1.70826340E+01, -1.70791130E+01
1541.4659999999917, -1.70332108E+01, -1.70280800E+01, -1.70321827E+01, -1.70373573E+01, -1.70300579E+01, -1.70265408E+01, -1.70271378E+01, -1.70276756E+01, -1.70269833E+01, -1.70279179E+01
1541.4679999999917, -1.70185280E+01, -1.70572147E+01, -1.70433941E+01, -1.70296345E+01, -1.70326443E+01, -1.70219135E+01, -1.70276260E+01, -1.70271969E+01, -1.70031738E+01, -1.70261402E+01
1541.4699999999916, -1.69492207E+01, -1.69479504E+01, -1.70033703E+01, -1.69632149E+01, -1.69523411E+01, -1.69459953E+01, -1.69487915E+01, -1.69525032E+01, -1.69518948E+01, -1.69462624E+01
1541.4719999999916, -1.69290943E+01, -1.69261150E+01, -1.69158134E+01, -1.69155102E+01, -1.69200726E+01, -1.69193459E+01, -1.69232063E+01, -1.69180164E+01, -1.69161453E+01, -1.69122849E+01
1541.4739999999915, -1.68783398E+01, -1.68755684E+01, -1.68678169E+01, -1.68668766E+01, -1.68658066E+01, -1.68713303E+01, -1.68754578E+01, -1.68673878E+01, -1.68655434E+01, -1.68707390E+01
1541.4759999999915, -1.68377914E+01, -1.68424473E+01, -1.68348522E+01, -1.68327713E+01, -1.68347626E+01, -1.68353119E+01, -1.68358326E+01, -1.68371773E+01, -1.68366985E+01, -1.68477859E+01
1541.4779999999914, -1.67948627E+01, -1.68059025E+01, -1.67941971E+01, -1.68103657E+01, -1.68043442E+01, -1.68326893E+01, -1.68103275E+01, -1.68036594E+01, -1.67980824E+01, -1.67969208E+01
1541.4799999999914, -1.67801285E+01, -1.67858086E+01, -1.67714233E+01, -1.67743168E+01, -1.67687550E+01, -1.67707806E+01, -1.67675915E+01, -1.67704048E+01, -1.67742939E+01, -1.67749176E+01
1541.4819999999913, -1.67355499E+01, -1.67608318E+01, -1.67480659E+01, -1.67788162E+01, -1.67489796E+01, -1.67621403E+01, -1.67581902E+01, -1.67397003E+01, -1.67418251E+01, -1.67434235E+01
1541.4839999999913, -1.67344856E+01, -1.67249985E+01, -1.67198658E+01, -1.67388153E+01, -1.67318916E+01, -1.67194252E+01, -1.67138481E+01, -1.67110729E+01, -1.67106686E+01, -1.67075119E+01
1541.4859999999912, -1.66808472E+01, -1.66807690E+01, -1.66717281E+01, -1.66730042E+01, -1.66772804E+01, -1.66810570E+01, -1.66707726E+01, -1.66726513E+01, -1.66730576E+01, -1.66715393E+01
1541.4879999999912, -1.66713009E+01, -1.66605492E+01, -1.66686420E+01, -1.66547222E+01, -1.66651382E+01, -1.66504936E+01, -1.66540947E+01, -1.66538391E+01, -1.66587505E+01, -1.66544476E+01
1541.4899999999911, -1.66232491E+01, -1.66277695E+01, -1.66346912E+01, -1.66336327E+01, -1.66307106E+01, -1.66323299E+01, -1.66300316E+01, -1.66262646E+01, -1.66267872E+01, -1.66287479E+01
1541.491999999991, -1.66050034E+01, -1.66147461E+01, -1.66039104E+01, -1.66042881E+01, -1.66096039E+01, -1.66061783E+01, -1.66219082E+01, -1.66128540E+01, -1.66165390E+01, -1.66115952E+01
1541.493999999991, -1.65838585E+01, -1.65982323E+01, -1.65996609E+01, -1.65900249E+01, -1.65837898E+01, -1.65828285E+01, -1.68794022E+01, -1.70219460E+01, -1.70260067E+01, -1.69073486E+01
1541.495999999991, -1.65778008E+01, -1.65718842E+01, -1.65665550E+01, -1.65936546E+01, -1.65717850E+01, -1.65677052E+01, -1.65658360E+01, -1.65705509E+01, -1.65693531E+01, -1.65774975E+01
1541.497999999991, -1.65742912E+01, -1.65895500E+01, -1.65884476E+01, -1.65631371E+01, -1.65592709E+01, -1.65569706E+01, -1.65639744E+01, -1.65573902E+01, -1.65561695E+01, -1.65713482E+01
1541.499999999991, -1.65378647E+01, -1.65402470E+01, -1.65426693E+01, -1.65381565E+01, -1.65484657E+01, -1.65488987E+01, -1.65407658E+01, -1.65477600E+01, -1.65431309E+01, -1.65410919E+01
1541.5019999999909, -1.65295906E+01, -1.65293331E+01, -1.65335083E+01, -1.65309772E+01, -1.65299664E+01, -1.65355644E+01, -1.65342560E+01, -1.65348892E+01, -1.65289211E+01, -1.65331612E+01
1541.5039999999908, -1.65200043E+01, -1.65228844E+01, -1.65344124E+01, -1.65271015E+01, -1.65304737E+01, -1.65227051E+01, -1.65201550E+01, -1.65288353E+01, -1.65313644E+01, -1.65525951E+01
1541.5059999999908, -1.65321445E+01, -1.65202179E+01, -1.65245724E+01, -1.65282536E+01, -1.65340691E+01, -1.65210705E+01, -1.65168076E+01, -1.65187225E+01, -1.65162754E+01, -1.65209713E+01
1541.5079999999907, -1.65353947E+01, -1.65266857E+01, -1.65328007E+01, -1.65211220E+01, -1.65184250E+01, -1.65148163E+01, -1.65157661E+01, -1.65204830E+01, -1.65219193E+01, -1.65168304E+01
1541.5099999999907, -1.65177250E+01, -1.65161572E+01, -1.65135403E+01, -1.65221615E+01, -1.65193996E+01, -1.65107651E+01, -1.65148163E+01, -1.65245018E+01, -1.65118599E+01, -1.65108757E+01
1541.5119999999906, -1.65513763E+01, -1.65312462E+01, -1.65256481E+01, -1.65292053E+01, -1.65340652E+01, -1.65320797E+01, -1.65418301E+01, -1.65409737E+01, -1.65329685E+01, -1.65315704E+01
