wavelength_nm ,power_reading_0_dbm ,power_reading_1_dbm ,power_reading_2_dbm ,power_reading_3_dbm ,power_reading_4_dbm ,power_reading_5_dbm ,power_reading_6_dbm ,power_reading_7_dbm ,power_reading_8_dbm ,power_reading_9_dbm 
1551.0, -47.704422, -47.7062988, -47.7063255, -47.7088814, -47.7100296, -47.7104225, -47.7123032, -47.7141037, -47.7148094, -47.7160912
1551.01, -47.7264557, -47.7263489, -47.7266388, -47.7274742, -47.7286568, -47.7318039, -47.7314606, -47.7311478, -47.7318039, -47.733429
1551.02, -47.7360268, -47.7377319, -47.7374191, -47.739521, -47.7400475, -47.7398643, -47.7419395, -47.7416801, -47.7416267, -47.7428093
1551.03, -47.7416534, -47.743309, -47.7445717, -47.7447815, -47.7463074, -47.7459908, -47.7456779, -47.7465706, -47.7474403, -47.7490196
1551.04, -47.7437286, -47.7427025, -47.7437553, -47.7435455, -47.7448082, -47.7460709, -47.7450447, -47.7452011, -47.7450447, -47.7464905
1551.05, -47.7433853, -47.7428894, -47.7445183, -47.7443352, -47.7438622, -47.7457542, -47.7449646, -47.7457581, -47.7461777, -47.7453079
1551.06, -47.7484131, -47.7496262, -47.7482567, -47.7486, -47.7488098, -47.7490196, -47.7483902, -47.7496796, -47.7497063, -47.7505989
1551.07, -47.7465973, -47.7462044, -47.7446785, -47.7468071, -47.7476501, -47.7471237, -47.7478867, -47.7490997, -47.7469139, -47.7473869
1551.08, -47.7479401, -47.747364, -47.7462807, -47.7456779, -47.746521, -47.7470741, -47.7465706, -47.7463341, -47.7456779, -47.7474403
1551.09, -47.7444153, -47.7459679, -47.7472038, -47.7467003, -47.7450981, -47.7467041, -47.7458878, -47.747097, -47.7471237, -47.7470207
1551.1, -47.744072, -47.7430191, -47.7408371, -47.7421532, -47.743309, -47.7422829, -47.7425194, -47.7444649, -47.7432289, -47.7429161
1551.11, -47.7413635, -47.7422829, -47.7419662, -47.741703, -47.743782, -47.7427826, -47.7444649, -47.7437019, -47.7442818, -47.7432022
1551.12, -47.7410469, -47.7422295, -47.7437325, -47.7427559, -47.7427559, -47.741993, -47.7419662, -47.7430458, -47.7427559, -47.7432556
1551.1299999999999, -47.7453346, -47.7436256, -47.7440186, -47.7427559, -47.7434654, -47.7442551, -47.7444153, -47.7446518, -47.7427292, -47.743309
1551.1399999999999, -47.7420731, -47.74189, -47.7415466, -47.742363, -47.7429924, -47.742939, -47.7413368, -47.7419662, -47.7410202, -47.7424927
1551.1499999999999, -47.7408104, -47.7425461, -47.7416534, -47.7424927, -47.7420998, -47.7411537, -47.7423897, -47.7424126, -47.7425194, -47.7425461
1551.1599999999999, -47.7497559, -47.7481766, -47.7463341, -47.745018, -47.7460976, -47.7459908, -47.7450447, -47.7467842, -47.7458878, -47.746151
1551.1699999999998, -47.7533951, -47.7538414, -47.7533417, -47.7524452, -47.7526283, -47.7513657, -47.753212, -47.7529182, -47.7522354, -47.7520752
1551.1799999999998, -47.7551613, -47.7559547, -47.7568779, -47.7554512, -47.7567978, -47.7576447, -47.7582245, -47.7584076, -47.7551613, -47.7572212
1551.1899999999998, -47.7577477, -47.7566414, -47.7582779, -47.7584343, -47.7589645, -47.7581444, -47.7583542, -47.7588844, -47.7583809, -47.7588043
1551.1999999999998, -47.7631607, -47.7609711, -47.7618942, -47.7609978, -47.7621841, -47.7615242, -47.7616539, -47.7595139, -47.7607574, -47.7611008
1551.2099999999998, -47.7689018, -47.7692184, -47.7684517, -47.7694054, -47.7680016, -47.7658844, -47.7658844, -47.7660446, -47.7677917, -47.7678947
1551.2199999999998, -47.7724991, -47.7723961, -47.7734795, -47.7748032, -47.77425, -47.7759438, -47.7759476, -47.7742233, -47.7748604, -47.7752838
1551.2299999999998, -47.7833977, -47.7817535, -47.7817268, -47.7793922, -47.7832108, -47.7819138, -47.7820702, -47.7811966, -47.7811699, -47.7810898
1551.2399999999998, -47.7872238, -47.7876472, -47.7870369, -47.7866135, -47.7879143, -47.7886047, -47.789669, -47.7881813, -47.7890587, -47.7871971
1551.2499999999998, -47.7921143, -47.7919846, -47.7906265, -47.7906799, -47.7911034, -47.7906799, -47.7900925, -47.7903061, -47.7878342, -47.7883377
1551.2599999999998, -47.7994385, -47.7983971, -47.7973595, -47.7992516, -47.8001289, -47.7988243, -47.798584, -47.7979736, -47.8006897, -47.7992516
1551.2699999999998, -47.8088799, -47.8074913, -47.8091469, -47.8111, -47.8111, -47.8092003, -47.8098183, -47.8084259, -47.8088531, -47.8105392
1551.2799999999997, -47.8139038, -47.8149452, -47.8148956, -47.8157768, -47.8153496, -47.816391, -47.8150826, -47.8163109, -47.816124, -47.8168983
1551.2899999999997, -47.8199234, -47.8225479, -47.8213425, -47.8218002, -47.8224411, -47.8245583, -47.8250389, -47.8234863, -47.8241577, -47.8244247
1551.2999999999997, -47.8294411, -47.8282051, -47.8282852, -47.8281517, -47.8295174, -47.8306999, -47.8304024, -47.8306999, -47.8301086, -47.8290367
1551.3099999999997, -47.8336258, -47.8354263, -47.8372002, -47.8358841, -47.8368225, -47.834404, -47.8374939, -47.8370399, -47.8358841, -47.8352661
1551.3199999999997, -47.8447609, -47.8458633, -47.8472939, -47.8480988, -47.8476677, -47.846859, -47.8483696, -47.8479118, -47.8460808, -47.8457031
1551.3299999999997, -47.8581619, -47.8571358, -47.8570824, -47.858593, -47.8579979, -47.8566513, -47.8558388, -47.8562164, -47.8569756, -47.8567314
1551.3399999999997, -47.8678703, -47.8671112, -47.8691406, -47.8701172, -47.8708191, -47.8700905, -47.870388, -47.8701439, -47.8694954, -47.868412
1551.3499999999997, -47.8770561, -47.8780594, -47.8783875, -47.8773003, -47.878006, -47.878006, -47.8791199, -47.8791199, -47.8792267, -47.8782501
1551.3599999999997, -47.8896599, -47.8918648, -47.8928452, -47.8921661, -47.892437, -47.8927078, -47.8932838, -47.8914871, -47.8905067, -47.8925209
1551.3699999999997, -47.9058228, -47.9048958, -47.9040222, -47.9047585, -47.905117, -47.9044838, -47.9049492, -47.9034767, -47.9066429, -47.9058266
1551.3799999999997, -47.9211464, -47.9201584, -47.9196663, -47.9205704, -47.9206505, -47.9204597, -47.9200745, -47.9211731, -47.9205971, -47.9196091
1551.3899999999996, -47.9364357, -47.9380035, -47.9390488, -47.9403419, -47.9411964, -47.9412231, -47.9407539, -47.9391594, -47.9382515, -47.9374275
1551.3999999999996, -47.9558945, -47.9537392, -47.9563103, -47.9572792, -47.9586029, -47.9578285, -47.9585762, -47.9558411, -47.9568901, -47.9553719
1551.4099999999996, -47.9767761, -47.9752197, -47.9738884, -47.9728622, -47.9721413, -47.9724464, -47.9744453, -47.9754143, -47.9746094, -47.9736977
1551.4199999999996, -47.9759445, -47.9754448, -47.9751663, -47.9753342, -47.9758301, -47.9747238, -47.9735031, -47.9725571, -47.9706993, -47.9722824
1551.4299999999996, -48.0143242, -48.0155563, -48.0156403, -48.0155296, -48.0146599, -48.0164833, -48.0146637, -48.0160599, -48.01651, -48.0162849
1551.4399999999996, -48.0369797, -48.0357971, -48.0378799, -48.0362473, -48.0380211, -48.0389786, -48.038784, -48.0376244, -48.037571, -48.0388947
1551.4499999999996, -48.0615349, -48.0595551, -48.0584221, -48.0580826, -48.0576591, -48.0584755, -48.059185, -48.059269, -48.0610542, -48.0604286
1551.4599999999996, -48.0811119, -48.0817909, -48.0805397, -48.0802841, -48.0818787, -48.0809669, -48.0811386, -48.0814209, -48.0795479, -48.0814514
1551.4699999999996, -48.1043434, -48.1017151, -48.1020851, -48.1016273, -48.1018295, -48.102829, -48.1034851, -48.1031151, -48.1028862, -48.1030006
1551.4799999999996, -48.1289978, -48.1265869, -48.1258392, -48.1226501, -48.1227646, -48.1242294, -48.1237717, -48.1261559, -48.1246033, -48.124115
1551.4899999999996, -48.1460228, -48.1443176, -48.1444931, -48.1475792, -48.1486778, -48.1490822, -48.1478386, -48.1482735, -48.1473198, -48.1489677
1551.4999999999995, -48.1723061, -48.1687088, -48.1663589, -48.1641541, -48.1653748, -48.1658363, -48.1680107, -48.1667061, -48.1671104, -48.1657219
1551.5099999999995, -48.189209, -48.1860313, -48.1862373, -48.1844597, -48.1847229, -48.1867294, -48.1868477, -48.1867905, -48.1866455, -48.1869621
1551.5199999999995, -48.2080803, -48.2052689, -48.2036018, -48.2039528, -48.2048607, -48.2033386, -48.2042465, -48.2054176, -48.2072601, -48.204277
1551.5299999999995, -48.222538, -48.22192, -48.2216835, -48.2212753, -48.2221832, -48.2239151, -48.2215385, -48.2209778, -48.2208328, -48.2228889
1551.5399999999995, -48.2424393, -48.241169, -48.2397232, -48.238987, -48.2395172, -48.240078, -48.242054, -48.241909, -48.240078, -48.2416687
1551.5499999999995, -48.2594681, -48.2574539, -48.2572174, -48.2549095, -48.2560349, -48.2578392, -48.2555008, -48.2561531, -48.2564468, -48.2563896
1551.5599999999995, -48.2755547, -48.2731476, -48.274334, -48.2748413, -48.2739487, -48.2744255, -48.275528, -48.2776375, -48.2769852, -48.2749596
1551.5699999999995, -48.2878532, -48.2883606, -48.2896156, -48.289196, -48.2899742, -48.2883606, -48.289257, -48.2900925, -48.2909851, -48.290451
1551.5799999999995, -48.299202, -48.2975883, -48.2961807, -48.2975273, -48.2966614, -48.2973785, -48.2991714, -48.2986946, -48.2980652, -48.2979774
1551.5899999999995, -48.3089867, -48.3081474, -48.306324, -48.3047333, -48.305275, -48.3068886, -48.308239, -48.3070412, -48.3054543, -48.3069229
1551.5999999999995, -48.3167534, -48.3127632, -48.3120461, -48.3120155, -48.3132744, -48.3134537, -48.3137856, -48.3135452, -48.312973, -48.3135452
1551.6099999999994, -48.3157959, -48.3123169, -48.3125572, -48.3132133, -48.3144455, -48.3138771, -48.3121948, -48.3128853, -48.3134537, -48.3128548
1551.6199999999994, -48.3282661, -48.3291397, -48.3292618, -48.3286896, -48.3281784, -48.3288078, -48.3286285, -48.328537, -48.3294411, -48.3284187
1551.6299999999994, -48.3316689, -48.3307953, -48.3330269, -48.3325119, -48.3309784, -48.3322411, -48.3323631, -48.3323326, -48.3348007, -48.3340492
1551.6399999999994, -48.3316383, -48.3288994, -48.3278732, -48.3294106, -48.3309784, -48.3301048, -48.3301926, -48.329895, -48.3299217, -48.3310661
1551.6499999999994, -48.3277245, -48.326973, -48.3290215, -48.3288383, -48.3280869, -48.3296814, -48.327816, -48.3287773, -48.3300438, -48.3286858
1551.6599999999994, -48.3217697, -48.3219528, -48.3244476, -48.3239937, -48.3245354, -48.3233032, -48.3228531, -48.3240242, -48.3238449, -48.3238754
1551.6699999999994, -48.3183441, -48.3175659, -48.3180466, -48.3184662, -48.3183174, -48.3205414, -48.3197556, -48.3194885, -48.3177147, -48.3184052
1551.6799999999994, -48.3162155, -48.3148651, -48.3141441, -48.3129158, -48.3121643, -48.3118935, -48.3129425, -48.3118935, -48.3122559, -48.3117447
1551.6899999999994, -48.3053627, -48.3041039, -48.3043442, -48.3037796, -48.3046455, -48.3056335, -48.3038979, -48.3032684, -48.3034782, -48.302639
1551.6999999999994, -48.2885399, -48.2907486, -48.2901497, -48.2901535, -48.2895851, -48.2895851, -48.29039, -48.2885666, -48.2900314, -48.29039
1551.7099999999994, -48.2754059, -48.276001, -48.2747231, -48.2737694, -48.2738304, -48.2734756, -48.274128, -48.2749901, -48.2745743, -48.2755852
1551.7199999999993, -48.2572784, -48.2584038, -48.2590828, -48.257782, -48.257576, -48.2589684, -48.2596474, -48.2600899, -48.2584343, -48.258522
1551.7299999999993, -48.2394295, -48.2382507, -48.2382812, -48.2378349, -48.238781, -48.2388382, -48.2401962, -48.2399025, -48.2386322, -48.2370415
1551.7399999999993, -48.2144356, -48.2154617, -48.2178955, -48.2168427, -48.2190437, -48.2175179, -48.2175446, -48.2152863, -48.2161674, -48.2181015
1551.7499999999993, -48.1910744, -48.1913071, -48.1902885, -48.1893539, -48.1904335, -48.1911316, -48.1906929, -48.1903725, -48.1902008, -48.1894417
1551.7599999999993, -48.1598091, -48.158741, -48.1594048, -48.1592598, -48.1593742, -48.1585083, -48.1598969, -48.1609383, -48.1601868, -48.1598091
1551.7699999999993, -48.1244583, -48.1238556, -48.1246872, -48.1247482, -48.1255493, -48.1225052, -48.1240845, -48.1242294, -48.1242599, -48.1233978
1551.7799999999993, -48.0827599, -48.0826759, -48.0828171, -48.0840683, -48.0846367, -48.0834961, -48.0842667, -48.0843239, -48.0846939, -48.0835838
1551.7899999999993, -48.0340805, -48.0343056, -48.0332642, -48.0331497, -48.0333519, -48.0320015, -48.0334358, -48.0338287, -48.0339699, -48.0341072
1551.7999999999993, -47.9919853, -47.9913445, -47.9904518, -47.9917641, -47.9910965, -47.9924316, -47.991066, -47.9911766, -47.9913177, -47.9925117
1551.8099999999993, -47.9340706, -47.9349785, -47.9353371, -47.9354439, -47.9350624, -47.9354477, -47.9370956, -47.9363518, -47.9359131, -47.9348946
1551.8199999999993, -47.881916, -47.8807755, -47.8816147, -47.8825684, -47.8831367, -47.8833542, -47.881588, -47.8827858, -47.8822403, -47.8814011
1551.8299999999992, -47.8123283, -47.8122749, -47.8117943, -47.8109932, -47.8112068, -47.812355, -47.8129158, -47.8122749, -47.8110161, -47.8117676
1551.8399999999992, -47.7368431, -47.736763, -47.7374191, -47.7374992, -47.7363968, -47.7377357, -47.7369194, -47.7360306, -47.7362137, -47.7358437
1551.8499999999992, -47.6463089, -47.6440201, -47.6435318, -47.6439667, -47.6438408, -47.6434784, -47.6444588, -47.6436081, -47.6441231, -47.6450996
1551.8599999999992, -47.6472359, -47.6461563, -47.645359, -47.6466675, -47.6457176, -47.6468239, -47.6470528, -47.6475716, -47.6481628, -47.6470566
1551.8699999999992, -47.4500122, -47.4493484, -47.4487343, -47.4503059, -47.451683, -47.4513168, -47.4505501, -47.449646, -47.4482422, -47.4513168
1551.8799999999992, -47.3490372, -47.3477859, -47.3490143, -47.3478127, -47.3482895, -47.3494949, -47.3485298, -47.3475266, -47.3473053, -47.3488426
1551.8899999999992, -47.2102432, -47.209549, -47.2081718, -47.2075691, -47.2073135, -47.2079887, -47.2082672, -47.2081757, -47.207386, -47.2081032
1551.8999999999992, -47.0624199, -47.0612259, -47.0581017, -47.0576973, -47.0583076, -47.0585289, -47.0581894, -47.0578117, -47.0580559, -47.0576324
1551.9099999999992, -46.8874359, -46.8866615, -46.8852119, -46.8838959, -46.8839188, -46.8829269, -46.8828812, -46.8843918, -46.883358, -46.8831215
1551.9199999999992, -46.7140007, -46.7110367, -46.7088776, -46.7090454, -46.7099991, -46.7099762, -46.7108879, -46.7119484, -46.7097893, -46.7108498
1551.9299999999992, -46.4883499, -46.4879951, -46.4859276, -46.4849434, -46.4853592, -46.4837036, -46.4827766, -46.4827576, -46.4844131, -46.4847679
1551.9399999999991, -46.2460861, -46.245266, -46.2443886, -46.2458229, -46.2452087, -46.2463646, -46.2467766, -46.2471504, -46.247261, -46.2474823
1551.9499999999991, -45.929966, -45.9265709, -45.926815, -45.9269524, -45.9264145, -45.9263458, -45.9276123, -45.9252205, -45.9264488, -45.927124
1551.9599999999991, -45.5777283, -45.5756073, -45.5729256, -45.5692062, -45.5713577, -45.5715675, -45.5693474, -45.5692711, -45.5697784, -45.5703545
1551.9699999999991, -45.1518593, -45.1532059, -45.1524963, -45.1522369, -45.1521759, -45.1519432, -45.152729, -45.1516685, -45.1498871, -45.149498
1551.979999999999, -44.7268066, -44.7265854, -44.7283821, -44.7285805, -44.7304344, -44.7314453, -44.7331581, -44.7328796, -44.7340088, -44.7343407
1551.989999999999, -44.2101479, -44.2081528, -44.2059669, -44.2044868, -44.2030296, -44.2045326, -44.2037392, -44.200573, -44.2016335, -44.1987343
1551.999999999999, -43.6834946, -43.6816673, -43.6788292, -43.6768379, -43.675209, -43.6774864, -43.6804886, -43.6809959, -43.6818733, -43.6830711
1552.009999999999, -43.0781288, -43.0743027, -43.073452, -43.0741234, -43.0732536, -43.0726166, -43.070446, -43.0689316, -43.0691528, -43.067585
1552.019999999999, -42.3132629, -42.3082123, -42.3077316, -42.3086433, -42.3100166, -42.3113518, -42.3098679, -42.3108521, -42.317215, -42.3145065
1552.029999999999, -41.5845184, -41.5818176, -41.5777588, -41.5761261, -41.575325, -41.5739517, -41.5726929, -41.5698967, -41.5686798, -41.5674591
1552.039999999999, -40.7193565, -40.7206116, -40.7213173, -40.7210312, -40.7218781, -40.7173309, -40.7182922, -40.7198067, -40.7222176, -40.7261658
1552.049999999999, -39.9148369, -39.9108124, -39.9113045, -39.9104729, -39.9112396, -39.9098206, -39.9078789, -39.9101219, -39.9134254, -39.917675
1552.059999999999, -39.0325089, -39.0231743, -39.0165253, -39.0131645, -39.0050392, -38.997364, -38.9972801, -38.9933853, -38.9932442, -38.9897499
1552.069999999999, -37.9726295, -37.9691811, -37.967823, -37.9639053, -37.9609795, -37.9582977, -37.9628105, -37.9614983, -37.9619026, -37.9645538
1552.079999999999, -37.0320435, -37.0240631, -37.0194588, -37.0168686, -37.0150871, -37.0074615, -37.0019722, -36.9992905, -36.9978371, -37.0037346
1552.089999999999, -36.0827293, -36.0756378, -36.0679245, -36.0601692, -36.0596123, -36.0533409, -36.0544319, -36.058609, -36.0576782, -36.0583
1552.099999999999, -35.0433655, -35.0376968, -35.0333023, -35.030262, -35.0305061, -35.0322495, -35.0368919, -35.041256, -35.044136, -35.0458221
1552.109999999999, -34.0904274, -34.0870934, -34.0877647, -34.0867195, -34.0861549, -34.08535, -34.0881653, -34.0839653, -34.0815582, -34.0807343
1552.119999999999, -32.9625854, -32.9675331, -32.9723396, -32.9726868, -32.9777679, -32.9774628, -32.9777336, -32.9800186, -32.9821167, -32.9830093
1552.129999999999, -31.916832, -31.9125538, -31.9093952, -31.9097214, -31.9089756, -31.9077835, -31.9088898, -31.9117069, -31.9057007, -31.9012432
1552.139999999999, -30.7852287, -30.7770596, -30.7733974, -30.7742062, -30.7724705, -30.7655468, -30.757637, -30.7572041, -30.7605534, -30.7608871
1552.149999999999, -29.6637936, -29.6637192, -29.6625214, -29.6672115, -29.6736374, -29.6779423, -29.6749344, -29.6762295, -29.6736794, -29.6725006
1552.159999999999, -28.4980984, -28.4888306, -28.4843349, -28.4793205, -28.4806309, -28.4832554, -28.4809151, -28.4799252, -28.4754162, -28.4708099
1552.169999999999, -27.3224678, -27.3209, -27.3157024, -27.3123932, -27.3100281, -27.3125172, -27.3126011, -27.3092117, -27.3108158, -27.313303
1552.179999999999, -26.0638561, -26.0584526, -26.0541058, -26.0522499, -26.0475311, -26.0456924, -26.0441685, -26.0442066, -26.0389309, -26.0421486
1552.189999999999, -24.8767433, -24.8729401, -24.8704491, -24.8722725, -24.8725853, -24.868372, -24.8700657, -24.870554, -24.8723373, -24.8704147
1552.199999999999, -23.609951, -23.6042118, -23.6028004, -23.6028194, -23.6037788, -23.6071053, -23.6040745, -23.6035347, -23.6027603, -23.5999413
1552.209999999999, -22.4488525, -22.4487915, -22.4555721, -22.4602623, -22.4651566, -22.4773903, -22.4889126, -22.4952145, -22.4925995, -22.4949036
1552.219999999999, -21.1742039, -21.1738472, -21.1716862, -21.1703434, -21.1694756, -21.1632957, -21.1572609, -21.1564693, -21.1524105, -21.1510696
1552.2299999999989, -19.9643822, -19.9597492, -19.961689, -19.9635277, -19.9661751, -19.9666176, -19.9680557, -19.9701691, -19.9744949, -19.9767132
1552.2399999999989, -18.659893, -18.6607075, -18.6682358, -18.6783276, -18.689085, -18.6970768, -18.700079, -18.7032623, -18.7049465, -18.7089157
1552.2499999999989, -17.5970821, -17.5934448, -17.5893345, -17.5888958, -17.5940266, -17.5960693, -17.5964642, -17.5951271, -17.5899391, -17.5850544
1552.2599999999989, -16.370451, -16.3758526, -16.3794937, -16.3809738, -16.3800201, -16.3866367, -16.3883228, -16.3848228, -16.3853245, -16.3903637
1552.2699999999988, -15.3959255, -15.3890324, -15.3888464, -15.385335, -15.3828678, -15.379528, -15.3781528, -15.3790293, -15.3840084, -15.3842068
1552.2799999999988, -14.2122202, -14.211236, -14.2128973, -14.2224646, -14.229003, -14.2364893, -14.2409916, -14.244339, -14.2479992, -14.2477169
1552.2899999999988, -13.2967243, -13.2952614, -13.2928829, -13.2893524, -13.2887392, -13.2892876, -13.2872753, -13.2928095, -13.2955122, -13.2971544
1552.2999999999988, -12.3013449, -12.2924175, -12.2894564, -12.2889833, -12.2943563, -12.3003206, -12.3020277, -12.3060865, -12.3094091, -12.3088741
1552.3099999999988, -11.4800119, -11.4731417, -11.4728031, -11.4661131, -11.4595232, -11.4543409, -11.4522982, -11.4514999, -11.4493713, -11.4509144
1552.3199999999988, -10.6690464, -10.6622009, -10.6571684, -10.6602745, -10.6577015, -10.6557302, -10.6540146, -10.6498337, -10.6473598, -10.6489
1552.3299999999988, -9.93231297, -9.92226505, -9.91575527, -9.91054153, -9.91132545, -9.91026306, -9.91363049, -9.91491604, -9.91489792, -9.91479111
1552.3399999999988, -9.18653679, -9.17895603, -9.17403698, -9.17033386, -9.17047119, -9.16741657, -9.16619205, -9.16775513, -9.16852283, -9.16588497
1552.3499999999988, -8.53221512, -8.52313995, -8.51464939, -8.50912666, -8.50068665, -8.49017811, -8.48637772, -8.48425293, -8.48282242, -8.48387432
1552.3599999999988, -7.77311087, -7.76618719, -7.76006413, -7.75578737, -7.74937057, -7.74599266, -7.74482346, -7.74479342, -7.74324703, -7.74007607
1552.3699999999988, -7.18692207, -7.17343283, -7.16722107, -7.16409111, -7.16282558, -7.16217804, -7.15693521, -7.15548182, -7.15220451, -7.14976645
1552.3799999999987, -6.59586477, -6.58554268, -6.57867527, -6.57549238, -6.57237196, -6.57251358, -6.57149649, -6.57013798, -6.56698847, -6.56455564
1552.3899999999987, -6.10506105, -6.09743309, -6.09003162, -6.08548784, -6.08013344, -6.07706642, -6.07465792, -6.07300282, -6.07371712, -6.07672834
1552.3999999999987, -5.63848972, -5.62772655, -5.62312269, -5.61876011, -5.61638498, -5.61926985, -5.61506271, -5.61476374, -5.61524534, -5.61558294
1552.4099999999987, -5.22677565, -5.22213411, -5.21711874, -5.21379137, -5.21013784, -5.20720768, -5.20531988, -5.20558405, -5.20380449, -5.2041316
1552.4199999999987, -4.8185463, -4.81087065, -4.80719757, -4.80202484, -4.7985754, -4.79417229, -4.79045963, -4.79048491, -4.79161549, -4.79225302
1552.4299999999987, -4.49033213, -4.48017025, -4.47530746, -4.47217941, -4.46907902, -4.46662283, -4.46457529, -4.46442747, -4.46421719, -4.46433496
1552.4399999999987, -4.16544724, -4.16197729, -4.16095543, -4.160285, -4.15814972, -4.15755653, -4.15677834, -4.15677071, -4.1553998, -4.15695763
1552.4499999999987, -3.93574905, -3.93123126, -3.92768335, -3.92556715, -3.92338729, -3.92342019, -3.92370391, -3.92341542, -3.92300463, -3.92409015
1552.4599999999987, -3.71012902, -3.7060926, -3.70461726, -3.70431137, -3.70348382, -3.70279884, -3.70178437, -3.70226192, -3.70235825, -3.70302939
1552.4699999999987, -3.52484226, -3.52396202, -3.52320862, -3.5237174, -3.52215362, -3.52090383, -3.5202682, -3.51972055, -3.52003336, -3.51977992
1552.4799999999987, -3.37071395, -3.36934614, -3.36868548, -3.36833668, -3.36743045, -3.36657333, -3.36503506, -3.3653934, -3.36473393, -3.36456394
1552.4899999999986, -3.25077915, -3.24853992, -3.24798822, -3.24754643, -3.24729085, -3.24595165, -3.24539995, -3.2450161, -3.24528193, -3.24618077
1552.4999999999986, -3.14577246, -3.14529705, -3.14615846, -3.14579034, -3.14617491, -3.14691067, -3.14635348, -3.14635491, -3.14753032, -3.14779091
1552.5099999999986, -3.07072759, -3.06974912, -3.06702828, -3.0669744, -3.06526852, -3.06571603, -3.06502223, -3.06549692, -3.0650475, -3.06486249
1552.5199999999986, -3.00968409, -3.00945997, -3.0096066, -3.00827742, -3.00777316, -3.00843191, -3.00799036, -3.00742435, -3.00751376, -3.00751233
1552.5299999999986, -2.95471144, -2.95427418, -2.95374274, -2.95295382, -2.95298028, -2.95288444, -2.9536829, -2.95366549, -2.95462608, -2.95479727
1552.5399999999986, -2.91599393, -2.91540813, -2.91486454, -2.91489077, -2.91427064, -2.91366744, -2.91328526, -2.91261435, -2.91259599, -2.9127996
1552.5499999999986, -2.87749577, -2.87701583, -2.87642646, -2.87627459, -2.87708402, -2.87639904, -2.87611485, -2.87682223, -2.87668538, -2.87628293
1552.5599999999986, -2.85182405, -2.85146284, -2.85099316, -2.85158825, -2.85137033, -2.85123777, -2.85047507, -2.85117817, -2.85071731, -2.85162139
1552.5699999999986, -2.8306644, -2.83008981, -2.82853198, -2.82837391, -2.82837391, -2.82852292, -2.82819986, -2.82812381, -2.82833958, -2.82939768
1552.5799999999986, -2.81405926, -2.81349587, -2.81342053, -2.8133955, -2.81329584, -2.81355381, -2.81277204, -2.81274033, -2.81250691, -2.81318665
1552.5899999999986, -2.8056314, -2.80604529, -2.80581522, -2.8064115, -2.80524135, -2.80421376, -2.80231738, -2.80254102, -2.80268168, -2.80211163
1552.5999999999985, -2.7961359, -2.79582071, -2.79677176, -2.79714489, -2.7967062, -2.79663849, -2.79595304, -2.79434943, -2.79328299, -2.79468942
1552.6099999999985, -2.79149055, -2.7914896, -2.79201937, -2.79214287, -2.79216647, -2.79183698, -2.79016805, -2.78969622, -2.78928542, -2.78962326
1552.6199999999985, -2.78639603, -2.78836823, -2.78769183, -2.7877326, -2.78794646, -2.78825188, -2.78873944, -2.78960681, -2.78835964, -2.78804588
1552.6299999999985, -2.78549671, -2.78560448, -2.78478003, -2.78515935, -2.78558755, -2.78643703, -2.78708196, -2.78647017, -2.78662705, -2.78656888
1552.6399999999985, -2.79291987, -2.79325032, -2.79302764, -2.79016805, -2.78964806, -2.78984618, -2.78955674, -2.79045796, -2.79137373, -2.79182887
1552.6499999999985, -2.79434896, -2.79458165, -2.79417634, -2.79498601, -2.79551506, -2.79510236, -2.79630876, -2.7957716, -2.79456496, -2.79384565
1552.6599999999985, -2.79576349, -2.79579663, -2.79589534, -2.79579568, -2.79586267, -2.79635119, -2.79698777, -2.79594541, -2.79567194, -2.79399443
1552.6699999999985, -2.80058694, -2.79984236, -2.79951048, -2.80009985, -2.80036259, -2.79970217, -2.79910588, -2.79988313, -2.80030656, -2.79984236
1552.6799999999985, -2.79669762, -2.79737544, -2.79654884, -2.79639959, -2.7964406, -2.79636693, -2.79530096, -2.79544115, -2.79564738, -2.79401898
1552.6899999999985, -2.80026507, -2.80025601, -2.80010867, -2.80036306, -2.80076861, -2.80008268, -2.80042315, -2.80037975, -2.80001712, -2.80075264
1552.6999999999985, -2.79874182, -2.79881644, -2.79839325, -2.79840183, -2.7977643, -2.79891562, -2.79907203, -2.7989397, -2.79880738, -2.79929519
1552.7099999999984, -2.78722119, -2.78705549, -2.78760815, -2.78743529, -2.78769183, -2.78739452, -2.7875092, -2.78648639, -2.78755069, -2.78783989
1552.7199999999984, -2.78633904, -2.78510118, -2.78530049, -2.7854228, -2.78537345, -2.78562117, -2.78482103, -2.78447342, -2.78379059, -2.78409672
1552.7299999999984, -2.78209114, -2.78199267, -2.78237224, -2.78220654, -2.78268552, -2.78268552, -2.78235483, -2.7828083, -2.78221536, -2.7810843
1552.7399999999984, -2.77295947, -2.77341938, -2.77353525, -2.77381492, -2.7731719, -2.77283549, -2.77434111, -2.77546167, -2.77592158, -2.7753458
1552.7499999999984, -2.77383065, -2.77291727, -2.77247453, -2.77204561, -2.77151108, -2.77202129, -2.77277851, -2.77453017, -2.77471185, -2.77551889
1552.7599999999984, -2.76821613, -2.76704907, -2.7667284, -2.76708984, -2.76694298, -2.76681828, -2.76673698, -2.76569366, -2.76634312, -2.76550388
1552.7699999999984, -2.76080132, -2.76499534, -2.76430559, -2.76153255, -2.76120472, -2.76092577, -2.75763559, -2.75428629, -2.75328803, -2.75459671
1552.7799999999984, -2.75767708, -2.75994062, -2.75892329, -2.75875139, -2.7595551, -2.75958085, -2.76007152, -2.76018739, -2.76068807, -2.76169634
1552.7899999999984, -2.76497912, -2.76479721, -2.76490426, -2.76500273, -2.76493764, -2.76395297, -2.76483917, -2.76520038, -2.76491332, -2.76486397
1552.7999999999984, -2.76313996, -2.76553822, -2.76562715, -2.76674318, -2.76658106, -2.76639962, -2.76661372, -2.76713037, -2.76665425, -2.76547241
1552.8099999999984, -2.76912808, -2.76903677, -2.76912045, -2.76926017, -2.76861072, -2.76881623, -2.76921844, -2.76922822, -2.76899672, -2.76877522
1552.8199999999983, -2.77512455, -2.77568412, -2.77401209, -2.77425981, -2.77563524, -2.77621865, -2.77678585, -2.77629185, -2.77642512, -2.77614427
1552.8299999999983, -2.78239751, -2.78176141, -2.78184342, -2.78129911, -2.78188467, -2.78162861, -2.7813251, -2.78126645, -2.78101134, -2.78290796
1552.8399999999983, -2.7921102, -2.7916553, -2.79335809, -2.79368019, -2.79235673, -2.791713, -2.79238129, -2.79174709, -2.79187846, -2.79119229
1552.8499999999983, -2.80302095, -2.80400681, -2.80348468, -2.80288029, -2.80231738, -2.80275631, -2.8020277, -2.80224252, -2.80284691, -2.8038168
1552.8599999999983, -2.81711793, -2.81689262, -2.8166194, -2.81739116, -2.81678367, -2.81698442, -2.81708407, -2.81675816, -2.81732535, -2.81709123
1552.8699999999983, -2.83118987, -2.83044052, -2.83087349, -2.83109784, -2.83041525, -2.83100748, -2.83169985, -2.8324244, -2.83219194, -2.83271646
1552.8799999999983, -2.846071, -2.84626365, -2.84557676, -2.84600329, -2.84650755, -2.84673977, -2.84653974, -2.8441236, -2.84504247, -2.8454361
1552.8899999999983, -2.84717655, -2.84710121, -2.84588742, -2.84595418, -2.84553695, -2.84468317, -2.84470844, -2.84477568, -2.84485936, -2.84470081
1552.8999999999983, -2.88094211, -2.88046265, -2.88117862, -2.88058925, -2.88032675, -2.88025999, -2.88066483, -2.88033557, -2.88037777, -2.87988806
1552.9099999999983, -2.90476346, -2.90467048, -2.90579128, -2.90507674, -2.90580702, -2.90556884, -2.90581489, -2.9061377, -2.90617919, -2.90600944
1552.9199999999983, -2.93012285, -2.93041182, -2.92896271, -2.92816138, -2.92944789, -2.92961979, -2.93008733, -2.93039489, -2.93043661, -2.93016505
1552.9299999999982, -2.9664259, -2.96622038, -2.96734738, -2.96712327, -2.96722746, -2.96785355, -2.96713233, -2.96715832, -2.96710682, -2.96790576
1552.9399999999982, -3.00731277, -3.00672317, -3.00669742, -3.00595999, -3.00583816, -3.00480556, -3.00486565, -3.00512671, -3.00569892, -3.00527358
1552.9499999999982, -3.0564599, -3.05676818, -3.056952, -3.05694342, -3.05641556, -3.05714631, -3.05742526, -3.05785728, -3.0575316, -3.05792785
1552.9599999999982, -3.11701751, -3.11703515, -3.1163578, -3.11699891, -3.1169734, -3.11707997, -3.11700821, -3.11781788, -3.1174891, -3.11725712
1552.9699999999982, -3.19761038, -3.19844317, -3.19866204, -3.19872522, -3.19919705, -3.19994068, -3.20082211, -3.20018601, -3.20020509, -3.19980478
1552.9799999999982, -3.28846788, -3.28828263, -3.28884697, -3.28900456, -3.28927398, -3.2879951, -3.28818059, -3.28819871, -3.28818083, -3.28838468
1552.9899999999982, -3.40149903, -3.40178466, -3.40300155, -3.4043808, -3.40489531, -3.40559006, -3.40520883, -3.40559006, -3.40666509, -3.40663576
1552.9999999999982, -3.54544806, -3.5460577, -3.54682422, -3.54641247, -3.54653072, -3.54601812, -3.54678702, -3.54692292, -3.5469234, -3.54737568
1553.0099999999982, -3.72054625, -3.72092581, -3.72017694, -3.71947408, -3.71967626, -3.71967793, -3.71931911, -3.71975899, -3.7195859, -3.71954441
1553.0199999999982, -3.95076871, -3.95071459, -3.96947861, -3.963238, -3.9603622, -3.95929956, -3.9591291, -3.95881104, -3.95810509, -3.95666885
1553.0299999999982, -4.22933388, -4.22949505, -4.23073578, -4.23246479, -4.23275232, -4.23321676, -4.23288774, -4.23297071, -4.23353386, -4.23309708
1553.0399999999981, -4.61484671, -4.61568785, -4.61746931, -4.61863613, -4.61861849, -4.61872673, -4.62047911, -4.6221323, -4.6219492, -4.6210165
1553.0499999999981, -5.05092669, -5.0517292, -5.05138206, -5.05041122, -5.05038786, -5.05004835, -5.04952526, -5.04975033, -5.04835033, -5.04879379
1553.0599999999981, -5.60314369, -5.60494709, -5.60545301, -5.60722923, -5.60823298, -5.60868883, -5.60923052, -5.60837889, -5.60846376, -5.60753965
1553.0699999999981, -6.21517229, -6.22030783, -6.22109747, -6.22247314, -6.22449255, -6.22155523, -6.22032309, -6.21986389, -6.21969128, -6.21861839
1553.079999999998, -6.98345041, -6.98440075, -6.9882822, -6.98821068, -6.99120092, -6.99123907, -6.98995161, -6.99010086, -6.99066734, -6.98923683
1553.089999999998, -7.79789257, -7.80020523, -7.80321264, -7.80403376, -7.80338669, -7.8034811, -7.80446625, -7.80423927, -7.80337954, -7.80488539
1553.099999999998, -8.70062733, -8.70033169, -8.69882202, -8.70070744, -8.69822216, -8.69519424, -8.69104576, -8.69259739, -8.69458485, -8.70020866
1553.109999999998, -9.56844997, -9.57504845, -9.57761192, -9.57736874, -9.57857227, -9.57868004, -9.57765388, -9.57807922, -9.58267784, -9.58136463
1553.119999999998, -10.6264963, -10.6255922, -10.6270208, -10.6298313, -10.6274252, -10.6314507, -10.6305771, -10.6242714, -10.6182957, -10.6150703
1553.129999999998, -11.6298141, -11.6373529, -11.6401529, -11.6441612, -11.6450672, -11.6444035, -11.6424084, -11.6447039, -11.6452341, -11.6448574
1553.139999999998, -12.7680798, -12.7742472, -12.7710047, -12.7685518, -12.7649679, -12.763978, -12.7627983, -12.7657928, -12.7617178, -12.7630615
1553.149999999998, -13.9000196, -13.8986053, -13.8948555, -13.8867273, -13.8863001, -13.8794765, -13.8707161, -13.8623009, -13.8573208, -13.8526106
1553.159999999998, -15.0700169, -15.0572414, -15.0489063, -15.0428085, -15.0413332, -15.0400009, -15.0341845, -15.0279436, -15.0281925, -15.0312595
1553.169999999998, -16.2423897, -16.2409306, -16.2302914, -16.2180557, -16.2064419, -16.199091, -16.1956654, -16.1958542, -16.196661, -16.200779
1553.179999999998, -17.4416733, -17.4521408, -17.4602642, -17.4644833, -17.4737396, -17.4792118, -17.4762192, -17.4721203, -17.4771156, -17.4750366
1553.189999999998, -18.6565418, -18.6604385, -18.663765, -18.6687012, -18.6689739, -18.6648159, -18.6708622, -18.6735764, -18.6792755, -18.6825962
1553.199999999998, -20.0234871, -20.0284081, -20.022501, -20.0115643, -20.0040398, -19.9976864, -19.9936848, -19.9919605, -19.9921398, -19.9918404
1553.209999999998, -21.1734066, -21.1764507, -21.1752834, -21.1734657, -21.1677189, -21.160368, -21.1555958, -21.1519775, -21.1449051, -21.1387882
1553.219999999998, -22.410738, -22.4137669, -22.4194336, -22.4148083, -22.4120903, -22.4072723, -22.4011116, -22.3935833, -22.3922272, -22.3858833
1553.229999999998, -23.5379238, -23.5455036, -23.5477142, -23.5556488, -23.5645485, -23.5643902, -23.5667, -23.5632477, -23.560751, -23.5631104
1553.239999999998, -24.6976147, -24.7654114, -24.7629128, -24.7700977, -24.7778111, -24.7805099, -24.7843933, -24.7839108, -24.7834435, -24.7883663
1553.249999999998, -25.9523201, -25.9617882, -25.9647217, -25.9692593, -25.9696636, -25.9686432, -25.9696407, -25.9764023, -25.9753685, -25.973135
1553.259999999998, -26.9563255, -26.9727306, -26.9910755, -26.9999962, -27.0123348, -27.0245724, -27.0261688, -27.0272274, -27.0324554, -27.0347958
1553.269999999998, -28.1458569, -28.1694279, -28.1858921, -28.2020874, -28.2076111, -28.2066879, -28.2090549, -28.2162571, -28.2223816, -28.2260418
1553.279999999998, -29.2973137, -29.3149796, -29.3232403, -29.3330727, -29.3429508, -29.3448238, -29.3374577, -29.3433323, -29.3497181, -29.3465729
1553.289999999998, -30.3623161, -30.3823223, -30.3979549, -30.4036694, -30.4128933, -30.4176311, -30.4200859, -30.4242153, -30.4283466, -30.4294872
1553.299999999998, -31.3928661, -31.4067554, -31.417532, -31.4248638, -31.4274597, -31.4276466, -31.4294167, -31.4371185, -31.4434776, -31.4484692
1553.309999999998, -32.4143372, -32.4309921, -32.4465065, -32.4580193, -32.4705315, -32.4848366, -32.4971886, -32.4994583, -32.4977226, -32.4967003
1553.319999999998, -33.3760414, -33.393692, -33.4077148, -33.4131393, -33.4207954, -33.424366, -33.4259911, -33.4297142, -33.4304466, -33.4312744
1553.3299999999979, -34.365139, -34.4168739, -34.4121628, -34.4098969, -34.4123688, -34.4151802, -34.4148064, -34.4121666, -34.4133301, -34.416748
1553.3399999999979, -35.2492561, -35.2620621, -35.2709656, -35.2757225, -35.2815208, -35.2846565, -35.2895584, -35.2930717, -35.2952118, -35.300106
1553.3499999999979, -36.179348, -36.1991539, -36.207943, -36.2164841, -36.2184372, -36.226162, -36.2297668, -36.2319756, -36.2356567, -36.2352638
1553.3599999999979, -37.003231, -37.0229111, -37.035881, -37.0520973, -37.0585785, -37.0630493, -37.0653839, -37.0678673, -37.0665169, -37.0629654
1553.3699999999978, -37.950901, -37.964222, -37.974762, -37.9800682, -37.983078, -37.9866257, -37.9906731, -37.9900818, -37.9885521, -37.9888496
1553.3799999999978, -38.6975632, -38.7111397, -38.7245064, -38.7342644, -38.7441864, -38.7501106, -38.7584114, -38.7630959, -38.7623787, -38.7637711
1553.3899999999978, -39.5764961, -39.5888557, -39.6000099, -39.6065826, -39.6124496, -39.6169548, -39.6188354, -39.6258659, -39.6275597, -39.6283417
1553.3999999999978, -40.3669434, -40.3776054, -40.3858566, -40.3904686, -40.3985786, -40.4051018, -40.4121666, -40.4133759, -40.4167175, -40.4192848
1553.4099999999978, -41.191143, -41.2000618, -41.2054634, -41.2054749, -41.2060242, -41.2070694, -41.210537, -41.2130775, -41.2161751, -41.2147942
1553.4199999999978, -41.8978004, -41.9026871, -41.9059296, -41.9074364, -41.9092903, -41.9094238, -41.9092712, -41.909874, -41.9121361, -41.9117279
1553.4299999999978, -42.5878296, -42.5913391, -42.5938225, -42.5963707, -42.5968933, -42.5973053, -42.5969009, -42.5974655, -42.5990181, -42.5993805
1553.4399999999978, -43.1814003, -43.1891708, -43.194973, -43.1988144, -43.2000885, -43.2007751, -43.2004623, -43.2015343, -43.2023659, -43.2038994
1553.4499999999978, -43.8197823, -43.8240891, -43.8254585, -43.8273239, -43.829216, -43.8299866, -43.8299942, -43.8321342, -43.8332977, -43.8318977
1553.4599999999978, -44.3569717, -44.3586159, -44.3594475, -44.3615952, -44.3625374, -44.3634186, -44.3638306, -44.3660049, -44.3679886, -44.3687248
1553.4699999999978, -44.8943977, -44.898056, -44.9007339, -44.9011993, -44.9010353, -44.9015388, -44.9022102, -44.9023056, -44.901268, -44.9007759
1553.4799999999977, -45.3410378, -45.3424149, -45.3426285, -45.3441124, -45.3432045, -45.3424301, -45.3426743, -45.3436432, -45.3427658, -45.3427658
1553.4899999999977, -45.7499199, -45.7522125, -45.7524147, -45.7525635, -45.7525482, -45.7518463, -45.7517471, -45.7512321, -45.75243, -45.7519302
1553.4999999999977, -46.1004677, -46.1026115, -46.1040001, -46.1051712, -46.1061287, -46.1081161, -46.1077347, -46.1081696, -46.1095924, -46.1100464
1553.5099999999977, -46.3982048, -46.3998833, -46.401062, -46.4023552, -46.4032631, -46.4030113, -46.4040947, -46.4038429, -46.4039192, -46.40448
1553.5199999999977, -46.6828766, -46.6849213, -46.6864662, -46.6863632, -46.6862373, -46.6854324, -46.6844444, -46.6851654, -46.6851234, -46.6865082
1553.5299999999977, -46.9015846, -46.9022141, -46.9041672, -46.903904, -46.9037743, -46.9041023, -46.9047737, -46.9041023, -46.9028893, -46.9036903
1553.5399999999977, -47.097393, -47.0994797, -47.1004791, -47.1019516, -47.1023827, -47.1034279, -47.1052437, -47.1058807, -47.1057663, -47.1069031
1553.5499999999977, -47.2709503, -47.2715416, -47.2707634, -47.2728844, -47.2722244, -47.2720566, -47.2716827, -47.2729568, -47.2728386, -47.2727928
1553.5599999999977, -47.4194374, -47.4205093, -47.4217072, -47.4212189, -47.4215126, -47.4201927, -47.4190216, -47.4188004, -47.4198036, -47.420166
1553.5699999999977, -47.5437355, -47.5445404, -47.5444145, -47.5449905, -47.5461235, -47.5460472, -47.5456696, -47.5460968, -47.5470047, -47.5475807
1553.5799999999977, -47.6614647, -47.6615143, -47.6627045, -47.6615906, -47.6628571, -47.6628304, -47.6611519, -47.6617737, -47.662571, -47.6615143
1553.5899999999976, -47.7523155, -47.7526321, -47.7535782, -47.7531052, -47.7535019, -47.7537918, -47.7533684, -47.7535019, -47.7523651, -47.753212
1553.5999999999976, -47.8320427, -47.8330116, -47.8326874, -47.832283, -47.8333321, -47.8328743, -47.8339233, -47.8342438, -47.834568, -47.8328743
1553.6099999999976, -47.8939896, -47.8933067, -47.8942604, -47.8936615, -47.8932266, -47.8931465, -47.8948059, -47.8936081, -47.8944511, -47.8946419
1553.6199999999976, -47.946209, -47.9471207, -47.9478645, -47.9484138, -47.9503479, -47.9483032, -47.9475594, -47.9476967, -47.9487457, -47.948719
1553.6299999999976, -47.9861412, -47.986084, -47.9871674, -47.986557, -47.986805, -47.9876709, -47.9876709, -47.9869194, -47.9867783, -47.9857216
1553.6399999999976, -48.0188637, -48.0193405, -48.0184975, -48.019928, -48.0194511, -48.0205193, -48.0204048, -48.0200424, -48.019371, -48.018528
1553.6499999999976, -48.0419655, -48.0414848, -48.0431747, -48.0415955, -48.0413704, -48.0413742, -48.0421906, -48.0437965, -48.0422478, -48.0421906
1553.6599999999976, -48.0585632, -48.060627, -48.0592995, -48.0604591, -48.0601196, -48.0607414, -48.0617599, -48.0592422, -48.0601768, -48.0594673
1553.6699999999976, -48.0712547, -48.0716209, -48.0722771, -48.0715942, -48.0726738, -48.0727882, -48.071167, -48.0715675, -48.0707741, -48.0715675
1553.6799999999976, -48.0811958, -48.0796051, -48.0794868, -48.0798569, -48.0804558, -48.0799446, -48.0818787, -48.0806847, -48.0808525, -48.0811958
1553.6899999999976, -48.0839844, -48.0844688, -48.0843544, -48.0841255, -48.0826454, -48.0845222, -48.0843544, -48.0845795, -48.0832977, -48.0822754
1553.6999999999975, -48.088253, -48.0871429, -48.0877991, -48.0873413, -48.0880547, -48.0879936, -48.0891075, -48.0884247, -48.0875702, -48.0886497
1553.7099999999975, -48.08498, -48.0850639, -48.0851212, -48.0853195, -48.0851212, -48.0854645, -48.0854034, -48.0852928, -48.0863152, -48.0858345
1553.7199999999975, -48.0826759, -48.0818787, -48.0809097, -48.0812263, -48.0821609, -48.0818787, -48.0832443, -48.0826187, -48.0838966, -48.0836411
1553.7299999999975, -48.0798569, -48.0788345, -48.0779839, -48.0783806, -48.0779839, -48.0783539, -48.078495, -48.0778122, -48.0796623, -48.0792618
1553.7399999999975, -48.0738373, -48.0729561, -48.0727882, -48.0728722, -48.0745735, -48.0736961, -48.0744629, -48.074234, -48.0739212, -48.0740089
1553.7499999999975, -48.0677376, -48.0690155, -48.068615, -48.0693817, -48.0692101, -48.0679626, -48.0694962, -48.0687027, -48.0688438, -48.0672569
1553.7599999999975, -48.0635986, -48.064167, -48.0627251, -48.0629501, -48.062355, -48.063488, -48.0634308, -48.0646782, -48.0643387, -48.0643349
1553.7699999999975, -48.0569496, -48.0564423, -48.0565834, -48.0578842, -48.0577431, -48.0575714, -48.058197, -48.0577431, -48.0583649, -48.0580254
1553.7799999999975, -48.0535889, -48.0528259, -48.0527115, -48.0531082, -48.05373, -48.0537567, -48.0531654, -48.0529938, -48.0546913, -48.0546341
1553.7899999999975, -48.0522614, -48.0488434, -48.0493813, -48.0479126, -48.0499458, -48.0493813, -48.0489845, -48.0500565, -48.0491829, -48.0489273
1553.7999999999975, -48.0463066, -48.0467567, -48.0441895, -48.0461082, -48.0460815, -48.0456581, -48.0468407, -48.0460243, -48.0464172, -48.0452042
1553.8099999999974, -48.0386963, -48.0395699, -48.0399895, -48.0404167, -48.0417671, -48.0406685, -48.0407791, -48.0423317, -48.0411186, -48.0399055
1553.8199999999974, -48.0432587, -48.0432625, -48.0401611, -48.0395699, -48.0410042, -48.0415421, -48.0416527, -48.0405273, -48.0411186, -48.041626
1553.8299999999974, -48.0363045, -48.0366707, -48.0371208, -48.0377121, -48.0363884, -48.0374298, -48.0360222, -48.0358238, -48.0368958, -48.0369797
1553.8399999999974, -48.0337448, -48.0349236, -48.0337715, -48.0348701, -48.0335197, -48.0346146, -48.0368958, -48.0366402, -48.0355988, -48.0352058
1553.8499999999974, -48.0333214, -48.033886, -48.0340805, -48.0345573, -48.0344162, -48.032505, -48.0329285, -48.0341682, -48.0349808, -48.0350113
1553.8599999999974, -48.0355721, -48.0350952, -48.0333214, -48.0328178, -48.0336876, -48.0352898, -48.0348396, -48.0347824, -48.0346146, -48.0339127
1553.8699999999974, -48.036274, -48.0355721, -48.0351791, -48.0345612, -48.0354042, -48.0354042, -48.0346718, -48.0347557, -48.0356293, -48.0349236
1553.8799999999974, -48.036953, -48.0378227, -48.0367813, -48.0358543, -48.0356255, -48.0367241, -48.0368385, -48.0382729, -48.0371742, -48.0370369
1553.8899999999974, -48.0359917, -48.0367851, -48.0360794, -48.0356865, -48.0357666, -48.0343056, -48.0348663, -48.0359116, -48.0348129, -48.0351219
1553.8999999999974, -48.0384712, -48.037487, -48.0376549, -48.0392036, -48.0379105, -48.0365868, -48.0365562, -48.0381889, -48.0373459, -48.0379639
1553.9099999999974, -48.0401611, -48.0404701, -48.0405846, -48.0392876, -48.0398788, -48.0405579, -48.0396805, -48.0390892, -48.0394287, -48.0402718
1553.9199999999973, -48.0451202, -48.044838, -48.0441628, -48.043232, -48.0443039, -48.0451202, -48.0458527, -48.0450363, -48.0456276, -48.0458527
1553.9299999999973, -48.0507355, -48.0518379, -48.0524864, -48.0526848, -48.0524292, -48.0522308, -48.0517502, -48.0525436, -48.0529938, -48.0510445
1553.9399999999973, -48.0555954, -48.0549431, -48.0541267, -48.056839, -48.056385, -48.0558205, -48.0566978, -48.0576286, -48.0557365, -48.0564995
1553.9499999999973, -48.0566139, -48.0571213, -48.055481, -48.056076, -48.0552292, -48.0537567, -48.0548325, -48.0562439, -48.0565834, -48.0562744
1553.9599999999973, -48.0607719, -48.0609131, -48.059948, -48.060173, -48.0609093, -48.0610504, -48.060627, -48.0608826, -48.0609665, -48.0596962
1553.9699999999973, -48.064846, -48.0648193, -48.0657272, -48.064621, -48.0662918, -48.0663757, -48.0662079, -48.0666618, -48.0651016, -48.0662918
1553.9799999999973, -48.0715942, -48.0720177, -48.0729294, -48.0724182, -48.0743752, -48.0740051, -48.0744324, -48.0756531, -48.0739212, -48.0748863
1553.9899999999973, -48.0826721, -48.0832443, -48.083271, -48.0818481, -48.0812836, -48.0827866, -48.0827904, -48.0818787, -48.083046, -48.0834427
1553.9999999999973, -48.0880508, -48.089447, -48.0903587, -48.0898781, -48.0887947, -48.0895615, -48.0908432, -48.0901299, -48.0898743, -48.0885353
