wavelength_nm ,power_reading_0_dbm ,power_reading_1_dbm ,power_reading_2_dbm ,power_reading_3_dbm ,power_reading_4_dbm ,power_reading_5_dbm ,power_reading_6_dbm ,power_reading_7_dbm ,power_reading_8_dbm ,power_reading_9_dbm 
1550.5, -19.5429974, -19.5419846, -19.5419865, -19.5431118, -19.543375, -19.5425453, -19.5423813, -19.5427303, -19.5422878, -19.5439262
1550.51, -19.519556, -19.5197086, -19.5207729, -19.5199738, -19.5207043, -19.5214901, -19.5193729, -19.5171642, -19.5193062, -19.5216637
1550.52, -19.5062504, -19.5061531, -19.5074749, -19.5077438, -19.5074921, -19.5074482, -19.5070515, -19.5073032, -19.5079098, -19.508625
1550.53, -19.5104694, -19.5112534, -19.5114441, -19.5110283, -19.5112514, -19.5116558, -19.5102921, -19.5097561, -19.5097313, -19.5105286
1550.54, -19.532938, -19.529705, -19.5321655, -19.5312691, -19.4905319, -19.5135498, -19.5099239, -19.5260391, -19.532011, -19.5317574
1550.55, -19.5708027, -19.5711765, -19.5705833, -19.5653515, -19.5644798, -19.5706425, -19.5717545, -19.5723095, -19.5712585, -19.5695992
1550.56, -19.612112, -19.6124535, -19.6098232, -19.6114597, -19.6114178, -19.6110668, -19.6100254, -19.6105404, -19.6109066, -19.6101723
1550.57, -19.6613274, -19.6594734, -19.6587906, -19.6558132, -19.6574306, -19.657568, -19.6605396, -19.66152, -19.6608047, -19.6612701
1550.58, -19.7155647, -19.7155838, -19.7166138, -19.7174606, -19.7170315, -19.7171135, -19.7175999, -19.7174892, -19.7177391, -19.7176208
1550.59, -19.7585373, -19.758276, -19.7583923, -19.7575531, -19.7558708, -19.7581024, -19.7588673, -19.7596493, -19.7594128, -19.7591934
1550.6, -19.7869911, -19.7881622, -19.7883625, -19.7884579, -19.7890949, -19.7880421, -19.7884331, -19.7885494, -19.7879047, -19.7884007
1550.61, -19.7954903, -19.796999, -19.7976112, -19.7977409, -19.7971191, -19.7976208, -19.7975101, -19.7969437, -19.7969284, -19.7973194
1550.62, -19.7810001, -19.781229, -19.7815552, -19.7814159, -19.7809486, -19.7800655, -19.7784386, -19.7778587, -19.7773895, -19.7791615
1550.6299999999999, -19.7515182, -19.7514839, -19.7501736, -19.7515335, -19.7533646, -19.7538681, -19.753315, -19.7532692, -19.7506065, -19.7523003
1550.6399999999999, -19.7089119, -19.7085629, -19.7082024, -19.7090416, -19.7093372, -19.7087288, -19.7083416, -19.7082787, -19.7087116, -19.7084389
1550.6499999999999, -19.6557083, -19.6553955, -19.655777, -19.6562843, -19.6567192, -19.6555424, -19.6561909, -19.6559429, -19.6561718, -19.655735
1550.6599999999999, -19.6182518, -19.6175728, -19.6179905, -19.6168842, -19.6157742, -19.6152573, -19.6152496, -19.6130409, -19.6111965, -19.613903
1550.6699999999998, -19.6110878, -19.6114388, -19.6105614, -19.6112347, -19.6110744, -19.6116734, -19.6115112, -19.6126499, -19.6118793, -19.6116447
1550.6799999999998, -19.6632919, -19.6637077, -19.6639118, -19.6632233, -19.6634369, -19.6629581, -19.6625977, -19.66325, -19.6624165, -19.6616001
1550.6899999999998, -19.7676868, -19.7685223, -19.7681942, -19.7673512, -19.7673626, -19.768158, -19.7689514, -19.7688007, -19.768568, -19.7689552
1550.6999999999998, -19.9548206, -19.9551411, -19.9556503, -19.9541664, -19.9527988, -19.9523239, -19.9546394, -19.9554863, -19.9534206, -19.9533024
1550.7099999999998, -20.1567039, -20.1569309, -20.1572647, -20.1587772, -20.1601639, -20.15938, -20.1578312, -20.1556911, -20.1549435, -20.154953
1550.7199999999998, -20.307785, -20.3074017, -20.3053627, -20.3076038, -20.3058567, -20.3067474, -20.3078003, -20.3079319, -20.3092613, -20.3093376
1550.7299999999998, -20.3171082, -20.3173485, -20.3176022, -20.3204727, -20.3216896, -20.3213234, -20.3220291, -20.3224144, -20.3214512, -20.3211689
1550.7399999999998, -20.3149662, -20.3151093, -20.3147182, -20.3146858, -20.3146248, -20.315136, -20.3159733, -20.3157139, -20.3153629, -20.2909145
1550.7499999999998, -20.3600941, -20.3602314, -20.3594112, -20.3595047, -20.3582211, -20.3591595, -20.3597221, -20.3598232, -20.3557453, -20.3572769
1550.7599999999998, -20.3232899, -20.3239651, -20.3247147, -20.3259716, -20.32584, -20.3258591, -20.3261642, -20.3272324, -20.3269539, -20.3261604
1550.7699999999998, -20.1582394, -20.1574383, -20.1569271, -20.157423, -20.1560059, -20.1565628, -20.1572742, -20.1562653, -20.1575432, -20.1574574
1550.7799999999997, -19.9106884, -19.9112396, -19.9122581, -19.9122601, -19.9121895, -19.910471, -19.910984, -19.9120979, -19.9128113, -19.9132156
1550.7899999999997, -19.7193241, -19.7182884, -19.7182388, -19.7182484, -19.7179699, -19.7169189, -19.7166862, -19.7166882, -19.7180099, -19.7185135
1550.7999999999997, -19.5812302, -19.5869389, -19.5546494, -19.5299854, -19.5640812, -19.5741272, -19.5879993, -19.5990219, -19.5977497, -19.5960598
1550.8099999999997, -19.5506287, -19.5518951, -19.5518055, -19.55196, -19.5517654, -19.5508213, -19.5508881, -19.5504456, -19.5505219, -19.5524502
1550.8199999999997, -19.5718117, -19.5735493, -19.5738621, -19.5739098, -19.5741196, -19.5730476, -19.5719681, -19.5731258, -19.5743427, -19.5749073
1550.8299999999997, -19.6212692, -19.6199474, -19.6215038, -19.6204071, -19.6197701, -19.6213303, -19.6221199, -19.6221848, -19.6235008, -19.6223869
1550.8399999999997, -19.674015, -19.6733856, -19.6751709, -19.6758671, -19.6746883, -19.674942, -19.6704445, -19.6723309, -19.6745586, -19.6727886
1550.8499999999997, -19.7119598, -19.7134953, -19.7120571, -19.7129555, -19.7056141, -19.7034836, -19.7080212, -19.7109165, -19.7092247, -19.7102489
1550.8599999999997, -19.7249794, -19.7257996, -19.724966, -19.7249374, -19.7247524, -19.7246246, -19.7247009, -19.7243862, -19.7247429, -19.724947
1550.8699999999997, -19.7125721, -19.7091961, -19.7125359, -19.7137127, -19.7123146, -19.7125854, -19.712347, -19.712471, -19.7135696, -19.7134838
1550.8799999999997, -19.6851292, -19.6850109, -19.6840229, -19.6838703, -19.683548, -19.6831665, -19.6832943, -19.6836414, -19.6844387, -19.6843281
1550.8899999999996, -19.6337929, -19.6186466, -19.5701828, -19.5884037, -19.5854988, -19.5805416, -19.6099892, -19.6248512, -19.6347542, -19.6338425
1550.8999999999996, -19.5826035, -19.5822201, -19.5814056, -19.5812263, -19.5801487, -19.5808563, -19.5814323, -19.5815506, -19.5817986, -19.5822258
1550.9099999999996, -19.5128899, -19.5134239, -19.5141964, -19.5138607, -19.5133266, -19.5143642, -19.5143967, -19.5141029, -19.5129356, -19.5132561
1550.9199999999996, -19.45998, -19.4604301, -19.4597111, -19.4601097, -19.4604893, -19.4609928, -19.460413, -19.4599171, -19.4598484, -19.4586716
1550.9299999999996, -19.4026279, -19.4033108, -19.4027138, -19.4023285, -19.4021378, -19.4020386, -19.4027767, -19.4030609, -19.402319, -19.4030209
1550.9399999999996, -19.3703861, -19.3714371, -19.3717117, -19.3718567, -19.3721123, -19.3733177, -19.3726082, -19.3728752, -19.3733864, -19.3735638
1550.9499999999996, -19.3654556, -19.363903, -19.3645973, -19.3651028, -19.3644791, -19.3655186, -19.3661366, -19.3673668, -19.3671474, -19.3675289
1550.9599999999996, -19.3764744, -19.3763866, -19.3753967, -19.3730793, -19.3735256, -19.3755283, -19.375248, -19.3752308, -19.3751984, -19.3755779
1550.9699999999996, -19.4023628, -19.4023685, -19.4036465, -19.4048996, -19.4070969, -19.4074059, -19.4069328, -19.4056625, -19.4081364, -19.4073601
1550.9799999999996, -19.4429474, -19.4421215, -19.4424496, -19.4423923, -19.442234, -19.4408474, -19.4417191, -19.4412708, -19.4414787, -19.4419498
1550.9899999999996, -19.4811687, -19.4823322, -19.4830627, -19.4827232, -19.4837742, -19.4839516, -19.4835777, -19.4832058, -19.4784107, -19.4730034
1550.9999999999995, -19.519413, -19.5191689, -19.5194817, -19.5184078, -19.520792, -19.5197754, -19.5195866, -19.5203419, -19.5195065, -19.5212593
1551.0099999999995, -19.5592785, -19.559866, -19.5598221, -19.5601196, -19.5606232, -19.5601387, -19.5604153, -19.5609589, -19.56036, -19.5592709
1551.0199999999995, -19.5877132, -19.5884247, -19.5883579, -19.5879002, -19.5884933, -19.5873318, -19.5878925, -19.5879707, -19.5875473, -19.587904
1551.0299999999995, -19.6074848, -19.607748, -19.6086273, -19.608139, -19.6079617, -19.6079521, -19.6078568, -19.6084862, -19.6075211, -19.6080379
1551.0399999999995, -19.6135044, -19.6147766, -19.6150379, -19.6150227, -19.6124706, -19.6141567, -19.6145935, -19.6141148, -19.6136913, -19.6136398
1551.0499999999995, -19.6089725, -19.608593, -19.6083946, -19.607954, -19.6075153, -19.6065826, -19.6063728, -19.6050987, -19.6039753, -19.603529
1551.0599999999995, -19.5879574, -19.5869465, -19.5872574, -19.5884171, -19.5900307, -19.5897331, -19.5896873, -19.5894413, -19.5895901, -19.5852299
1551.0699999999995, -19.5678158, -19.5687504, -19.5683441, -19.5681973, -19.5682487, -19.5671597, -19.567421, -19.5685902, -19.5689373, -19.5693531
1551.0799999999995, -19.5370293, -19.5362091, -19.5357647, -19.5351734, -19.5334568, -19.5348701, -19.5359364, -19.5370903, -19.5375099, -19.5374603
1551.0899999999995, -19.5009041, -19.5005894, -19.5019493, -19.501852, -19.5013103, -19.4990959, -19.5001583, -19.5012321, -19.4986095, -19.4961567
1551.0999999999995, -19.419363, -19.3902588, -19.3954887, -19.3862972, -19.4116669, -19.4478378, -19.4572887, -19.4531479, -19.4516506, -19.4456367
1551.1099999999994, -19.4235058, -19.4228554, -19.4214668, -19.4239368, -19.4230843, -19.4227638, -19.4227562, -19.4258423, -19.4255333, -19.4256516
1551.1199999999994, -19.3544731, -19.3458176, -19.3629131, -19.3592949, -19.3707199, -19.3794403, -19.3821373, -19.3834934, -19.3846016, -19.3852043
1551.1299999999994, -19.3452148, -19.3453808, -19.3467407, -19.3472614, -19.3478699, -19.347702, -19.3482208, -19.3483429, -19.3470898, -19.3470402
1551.1399999999994, -19.3495426, -19.3494835, -19.3499756, -19.3507042, -19.3497887, -19.3491058, -19.3443775, -19.3461723, -19.3465672, -19.3417816
1551.1499999999994, -19.2834568, -19.2835674, -19.2848587, -19.2852535, -19.2854176, -19.2849216, -19.2849731, -19.2859344, -19.2852421, -19.283102
1551.1599999999994, -19.2552052, -19.2548351, -19.2549438, -19.2548275, -19.2553024, -19.2544956, -19.2536793, -19.2528801, -19.2521954, -19.2536869
1551.1699999999994, -19.2459641, -19.246666, -19.2475109, -19.2468891, -19.2472763, -19.2448254, -19.244812, -19.2439671, -19.2429123, -19.2429028
1551.1799999999994, -19.2426701, -19.2429962, -19.2441711, -19.2434311, -19.2433872, -19.2427692, -19.2414379, -19.2382507, -19.2399807, -19.2433643
1551.1899999999994, -19.2515621, -19.2534084, -19.2545891, -19.2545319, -19.2546253, -19.2547207, -19.2540398, -19.2535801, -19.2533531, -19.2543259
1551.1999999999994, -19.2757702, -19.2755833, -19.276228, -19.2767162, -19.2743835, -19.2744217, -19.2754498, -19.2767391, -19.2768288, -19.2778835
1551.2099999999994, -19.3058968, -19.3057919, -19.3060551, -19.3045521, -19.3043365, -19.3050098, -19.304348, -19.302618, -19.2981739, -19.3001022
1551.2199999999993, -19.3423634, -19.3443623, -19.3454666, -19.3451881, -19.3426895, -19.3426094, -19.3444939, -19.3456726, -19.3446484, -19.3452168
1551.2299999999993, -19.3445702, -19.3435802, -19.3440418, -19.3427105, -19.3445721, -19.3446255, -19.3448696, -19.3434277, -19.3442345, -19.3437653
1551.2399999999993, -19.4396458, -19.439373, -19.4340286, -19.4358959, -19.4363136, -19.4371529, -19.4363747, -19.4337139, -19.4341393, -19.4377747
1551.2499999999993, -19.4819546, -19.4836693, -19.4830418, -19.4830532, -19.4833908, -19.4836731, -19.4828835, -19.4821224, -19.4829292, -19.4823704
1551.2599999999993, -19.5142422, -19.5155754, -19.5157013, -19.5154915, -19.5159111, -19.5140991, -19.513834, -19.5143337, -19.5141068, -19.5139904
1551.2699999999993, -19.5413418, -19.5402679, -19.5405579, -19.539959, -19.5395412, -19.5402641, -19.5402355, -19.5406876, -19.5401821, -19.5386333
1551.2799999999993, -19.5537643, -19.5536575, -19.5530815, -19.5535336, -19.553154, -19.5536041, -19.5547752, -19.5534992, -19.553215, -19.5539513
1551.2899999999993, -19.5562172, -19.5569878, -19.5578823, -19.5565338, -19.5533924, -19.5541363, -19.5546856, -19.5544128, -19.5504284, -19.5506916
1551.2999999999993, -19.5285244, -19.5297585, -19.5312424, -19.5303707, -19.525671, -19.5258789, -19.5286541, -19.5275211, -19.5276108, -19.5237675
1551.3099999999993, -19.5071087, -19.5074539, -19.5074406, -19.5065956, -19.5060692, -19.5061531, -19.5053196, -19.5061035, -19.5055065, -19.5039539
1551.3199999999993, -19.456995, -19.4613361, -19.463522, -19.4615498, -19.458992, -19.4610043, -19.460638, -19.4590778, -19.4644642, -19.4663925
1551.3299999999992, -19.4100838, -19.4096718, -19.4103165, -19.4088707, -19.4092693, -19.4114895, -19.4113541, -19.4101467, -19.4104538, -19.4118938
1551.3399999999992, -19.4122162, -19.4104919, -19.410305, -19.4102859, -19.4107666, -19.4103127, -19.4096756, -19.407938, -19.4069366, -19.4073124
1551.3499999999992, -19.2932053, -19.2936974, -19.2934189, -19.2946224, -19.295927, -19.2965488, -19.2988358, -19.2987747, -19.2982407, -19.2987843
1551.3599999999992, -19.2467728, -19.246666, -19.2478924, -19.2481689, -19.2477722, -19.2478371, -19.247015, -19.2470875, -19.2470379, -19.2457485
1551.3699999999992, -19.2124062, -19.2117481, -19.2118912, -19.2119751, -19.212286, -19.2121143, -19.2117157, -19.2108116, -19.2111912, -19.2118683
1551.3799999999992, -19.1857567, -19.1862869, -19.1863232, -19.1849556, -19.1841717, -19.1846771, -19.1846142, -19.1842461, -19.1841736, -19.1837978
1551.3899999999992, -19.1855049, -19.1863289, -19.1860542, -19.1861763, -19.186573, -19.1865749, -19.1858616, -19.1863518, -19.1860466, -19.1854534
1551.3999999999992, -19.1939392, -19.1921387, -19.192318, -19.192667, -19.1931419, -19.1948109, -19.1947556, -19.195013, -19.1946068, -19.1951542
1551.4099999999992, -19.2190418, -19.2176838, -19.2189465, -19.2203617, -19.2207241, -19.221796, -19.2214069, -19.2214928, -19.2212048, -19.2204838
1551.4199999999992, -19.2500267, -19.2470665, -19.2527943, -19.2549515, -19.2499466, -19.2491112, -19.2527313, -19.2521172, -19.2532902, -19.2536278
1551.4299999999992, -19.2967701, -19.2969551, -19.296526, -19.2950287, -19.2918835, -19.2908058, -19.2934113, -19.2943153, -19.2971134, -19.2974892
1551.4399999999991, -19.3324471, -19.331768, -19.3310375, -19.3381977, -19.3411427, -19.3403664, -19.3397732, -19.3373699, -19.3423042, -19.3425217
1551.4499999999991, -19.3837433, -19.3815422, -19.3823147, -19.3842354, -19.3760052, -19.3773441, -19.3811646, -19.3796539, -19.3811016, -19.3819332
1551.4599999999991, -19.4063587, -19.407423, -19.408205, -19.4076614, -19.4067917, -19.4072075, -19.4078236, -19.4076672, -19.4076481, -19.4064293
1551.4699999999991, -19.4271259, -19.4267845, -19.4271202, -19.4286327, -19.4274521, -19.4248276, -19.4244995, -19.4246674, -19.4277706, -19.4292049
1551.479999999999, -19.4292717, -19.4297752, -19.4306431, -19.4304504, -19.4303093, -19.43009, -19.4297409, -19.4286766, -19.4302635, -19.4314728
1551.489999999999, -19.4272213, -19.4270172, -19.4272976, -19.4273911, -19.4272346, -19.4268608, -19.4276409, -19.4270573, -19.4274063, -19.4281178
1551.499999999999, -19.4167976, -19.4167843, -19.4163609, -19.4166145, -19.4159393, -19.4158325, -19.4155121, -19.4152622, -19.4126244, -19.4127388
1551.509999999999, -19.3910923, -19.3893414, -19.3908863, -19.3909111, -19.3908234, -19.3910332, -19.3907528, -19.3908024, -19.3893909, -19.3886967
1551.519999999999, -19.3503704, -19.3471909, -19.3475285, -19.3473511, -19.3478756, -19.3483295, -19.348917, -19.3483639, -19.3442211, -19.3430672
1551.529999999999, -19.3089046, -19.3081741, -19.3080463, -19.3081303, -19.3071251, -19.3075733, -19.3005104, -19.2888927, -19.2943306, -19.3024654
1551.539999999999, -19.2506065, -19.2508316, -19.2500381, -19.2488766, -19.2490463, -19.2491379, -19.2499065, -19.2503719, -19.2505512, -19.2501812
1551.549999999999, -19.1915588, -19.1923656, -19.1928196, -19.1933651, -19.1932449, -19.1935539, -19.1930408, -19.1917553, -19.1912594, -19.1915379
1551.559999999999, -19.1429348, -19.1426792, -19.1429253, -19.1430626, -19.1430168, -19.1434135, -19.1433201, -19.14361, -19.1432743, -19.1434784
1551.569999999999, -19.1072826, -19.1065617, -19.1064873, -19.1069584, -19.1082649, -19.1079998, -19.1072578, -19.1086121, -19.1087856, -19.1088905
1551.579999999999, -19.0795097, -19.0802193, -19.081131, -19.08218, -19.0818863, -19.0815773, -19.0816383, -19.0808487, -19.0807858, -19.0804024
1551.589999999999, -19.0187569, -19.0335407, -19.0540676, -19.0570316, -19.058073, -19.0633087, -19.0664291, -19.0656662, -19.068182, -19.0690346
1551.599999999999, -19.0774078, -19.0755291, -19.0779381, -19.0777283, -19.0759506, -19.0725994, -19.0768814, -19.0764904, -19.0759811, -19.0771294
1551.609999999999, -19.1036282, -19.1030674, -19.1027451, -19.1013508, -19.100811, -19.10075, -19.1022873, -19.1034832, -19.1030006, -19.1028938
1551.619999999999, -19.1362572, -19.1359215, -19.1338024, -19.135252, -19.1388817, -19.1376705, -19.1374817, -19.1367073, -19.1378098, -19.1369686
1551.629999999999, -19.1791, -19.1797543, -19.1804161, -19.1804848, -19.1804333, -19.1801128, -19.1795521, -19.1806431, -19.1806717, -19.1782589
1551.639999999999, -19.2271557, -19.226078, -19.2273674, -19.2291908, -19.2298107, -19.2286034, -19.2269974, -19.2270355, -19.2250328, -19.2265816
1551.649999999999, -19.2730389, -19.2734051, -19.2722378, -19.2735348, -19.2739182, -19.2739067, -19.2732391, -19.2727413, -19.2718258, -19.26964
1551.659999999999, -19.3073769, -19.3080101, -19.308424, -19.3090668, -19.3082714, -19.3088207, -19.3078575, -19.309227, -19.3099155, -19.3094788
1551.669999999999, -19.3337421, -19.3344765, -19.3345566, -19.3346539, -19.3346825, -19.3351097, -19.3345222, -19.3354626, -19.3351269, -19.3341732
1551.679999999999, -19.34622, -19.3480206, -19.3471832, -19.3471775, -19.3462505, -19.3468723, -19.3485775, -19.3483562, -19.3477383, -19.3465405
1551.689999999999, -19.3370514, -19.3375988, -19.3381157, -19.339077, -19.3385315, -19.3376293, -19.3336868, -19.3348083, -19.3361626, -19.3365078
1551.699999999999, -19.3139191, -19.3141117, -19.3136387, -19.3145561, -19.3148842, -19.3139095, -19.3130455, -19.3136158, -19.3132057, -19.3127174
1551.709999999999, -19.2742958, -19.2740536, -19.2750034, -19.2741489, -19.2728844, -19.2683907, -19.2690105, -19.2712135, -19.2727451, -19.2743778
1551.719999999999, -19.2170277, -19.2186642, -19.2195206, -19.2205124, -19.2204494, -19.2194881, -19.2191505, -19.2193527, -19.2201996, -19.220438
1551.7299999999989, -19.1674824, -19.1674232, -19.1669006, -19.1663113, -19.1668396, -19.166832, -19.166254, -19.1652107, -19.1661015, -19.1673565
1551.7399999999989, -19.1043472, -19.1040306, -19.1042614, -19.1054916, -19.1012325, -19.0994873, -19.1032524, -19.1013966, -19.10396, -19.1050472
1551.7499999999989, -19.0577698, -19.0564384, -19.0499763, -19.0500774, -19.0590611, -19.0613499, -19.0605469, -19.0616207, -19.06143, -19.0600395
1551.7599999999989, -19.0245018, -19.0243645, -19.0248451, -19.0262794, -19.0264359, -19.0248718, -19.0244083, -19.0245533, -19.0251389, -19.026041
1551.7699999999988, -19.0113297, -19.0116215, -19.0120983, -19.0118904, -19.0108643, -19.010849, -19.011734, -19.0118122, -19.0112038, -19.0111313
1551.7799999999988, -19.0179062, -19.0176392, -19.018446, -19.0184498, -19.0189762, -19.0192413, -19.0196171, -19.0186958, -19.0189991, -19.0197411
1551.7899999999988, -19.0433369, -19.0435562, -19.0414791, -19.0394249, -19.0423908, -19.0421867, -19.0423546, -19.0422249, -19.0432072, -19.0439949
1551.7999999999988, -19.0863628, -19.0880489, -19.0896492, -19.0891037, -19.0888367, -19.088522, -19.088316, -19.0881023, -19.0881863, -19.0879803
1551.8099999999988, -19.1304855, -19.1364975, -19.1351986, -19.1400909, -19.1403675, -19.141016, -19.1423359, -19.1412411, -19.141571, -19.142065
1551.8199999999988, -19.193222, -19.1931992, -19.194767, -19.1944942, -19.1967392, -19.197567, -19.1977539, -19.1971092, -19.19701, -19.1966915
1551.8299999999988, -19.24547, -19.245842, -19.2450848, -19.2440529, -19.2436867, -19.2463207, -19.2456455, -19.2429123, -19.2412987, -19.2412815
1551.8399999999988, -19.282568, -19.2843781, -19.2847023, -19.2843952, -19.2838516, -19.283411, -19.2830086, -19.2824974, -19.2829552, -19.2821407
1551.8499999999988, -19.3117561, -19.3137302, -19.3139439, -19.3149109, -19.3148327, -19.3138638, -19.3124886, -19.3136387, -19.3108521, -19.3120518
1551.8599999999988, -19.3220005, -19.3210506, -19.3219032, -19.3221931, -19.3221245, -19.3217678, -19.3226089, -19.3232288, -19.3237782, -19.3241367
1551.8699999999988, -19.3171749, -19.317091, -19.3168869, -19.3176365, -19.3184204, -19.318943, -19.3185978, -19.3182373, -19.3190575, -19.320055
1551.8799999999987, -19.2981339, -19.2989292, -19.2989845, -19.3004875, -19.3019943, -19.3011246, -19.3018761, -19.3021507, -19.3015671, -19.3017616
1551.8899999999987, -19.2712708, -19.2714481, -19.2718544, -19.2706985, -19.270895, -19.2634296, -19.2674446, -19.2689457, -19.2691708, -19.2693768
1551.8999999999987, -19.2285347, -19.2319851, -19.2332706, -19.233633, -19.2336941, -19.2314453, -19.2305965, -19.230772, -19.2320385, -19.2330246
1551.9099999999987, -19.1923141, -19.1922932, -19.1927643, -19.1926861, -19.18993, -19.1898136, -19.189909, -19.1902103, -19.1912956, -19.1919994
1551.9199999999987, -19.1539383, -19.1536942, -19.1545525, -19.1541519, -19.1537094, -19.1540546, -19.1549053, -19.1547585, -19.1529922, -19.1524086
1551.9299999999987, -19.1084843, -19.1087608, -19.1086655, -19.1087818, -19.1090679, -19.1082745, -19.106472, -19.106699, -19.1079502, -19.1081238
1551.9399999999987, -19.0741692, -19.0747433, -19.0741043, -19.072197, -19.0720005, -19.0719051, -19.0720024, -19.0714169, -19.0718822, -19.0726795
1551.9499999999987, -19.0314312, -19.0362167, -19.0348949, -19.0366535, -19.0364437, -19.0365238, -19.0357513, -19.0363083, -19.0365906, -19.0367146
1551.9599999999987, -19.014164, -19.0132351, -19.0128498, -19.0140419, -19.0137043, -19.0146408, -19.0144386, -19.0151806, -19.0152493, -19.0149612
1551.9699999999987, -19.0029049, -19.0032978, -19.0027657, -19.0022545, -19.0015564, -19.0020905, -19.0036583, -19.0039501, -19.0032005, -19.0026588
1551.9799999999987, -18.9993992, -18.9995403, -18.9995823, -18.9997025, -19.0001965, -18.9990826, -18.9970741, -18.9971752, -18.998148, -18.9989567
1551.9899999999986, -19.0018826, -19.0018768, -19.0004501, -19.0008945, -19.0010185, -19.0022869, -19.0023365, -19.0022545, -19.0022869, -19.0033627
1551.9999999999986, -19.0122032, -19.0118504, -19.0142479, -19.0148792, -19.0145874, -19.0150738, -19.014822, -19.0152531, -19.0131378, -19.0132027
1552.0099999999986, -19.0363655, -19.0365276, -19.0348835, -19.0348949, -19.0343742, -19.035181, -19.0355453, -19.0361309, -19.0357685, -19.035429
1552.0199999999986, -19.0633793, -19.0640163, -19.063591, -19.0630112, -19.0613213, -19.0614204, -19.0614815, -19.0620346, -19.0619926, -19.0614262
1552.0299999999986, -19.0908337, -19.0907974, -19.0918083, -19.0903358, -19.0891685, -19.0885849, -19.08741, -19.0879459, -19.0876999, -19.0874729
1552.0399999999986, -19.1284237, -19.1303749, -19.1288376, -19.1271191, -19.1283798, -19.1269569, -19.1252117, -19.1275349, -19.1278992, -19.1281948
1552.0499999999986, -19.1550198, -19.1535225, -19.1563969, -19.1568127, -19.1576672, -19.1576557, -19.1577053, -19.1578178, -19.1577625, -19.1561108
1552.0599999999986, -19.1904602, -19.190321, -19.1902771, -19.1898861, -19.191206, -19.1908169, -19.1909962, -19.188488, -19.1879044, -19.1900406
1552.0699999999986, -19.2134533, -19.2148094, -19.2170715, -19.2182865, -19.2169685, -19.2148285, -19.2176914, -19.217659, -19.2184582, -19.2186985
1552.0799999999986, -19.2449989, -19.2438583, -19.2448273, -19.2451687, -19.2439041, -19.2444572, -19.2449818, -19.2449265, -19.2463837, -19.2454967
1552.0899999999986, -19.254734, -19.2548828, -19.2565193, -19.2571068, -19.2568645, -19.2579899, -19.2573166, -19.2569752, -19.2587337, -19.258215
1552.0999999999985, -19.2688751, -19.2692299, -19.2691269, -19.2689781, -19.2698212, -19.2696705, -19.2698956, -19.2703724, -19.271246, -19.2700939
1552.1099999999985, -19.2713375, -19.2705631, -19.2709198, -19.2702274, -19.2689495, -19.2689991, -19.2695808, -19.267704, -19.2680893, -19.2694874
1552.1199999999985, -19.2570648, -19.2560368, -19.2553539, -19.2570534, -19.2571735, -19.2569046, -19.2561588, -19.2565422, -19.2568016, -19.2554512
1552.1299999999985, -19.2399769, -19.23909, -19.2376709, -19.2382317, -19.2384281, -19.2393494, -19.2386341, -19.2399635, -19.239706, -19.2373161
1552.1399999999985, -19.2105408, -19.210186, -19.2108994, -19.2116394, -19.2114353, -19.2117977, -19.2104416, -19.2083225, -19.2093334, -19.2097206
1552.1499999999985, -19.1766071, -19.1775036, -19.1785831, -19.1785107, -19.1777821, -19.1780224, -19.1792336, -19.1796856, -19.1803093, -19.1805305
1552.1599999999985, -19.1320515, -19.1356354, -19.1367435, -19.1383362, -19.1390266, -19.1393528, -19.1392822, -19.1387196, -19.1382217, -19.1381588
1552.1699999999985, -19.0988159, -19.0984039, -19.0994263, -19.0996246, -19.0989246, -19.0986099, -19.0984783, -19.0979462, -19.0975456, -19.0975056
1552.1799999999985, -19.0467682, -19.0402088, -19.0461254, -19.0491695, -19.0484295, -19.0481453, -19.0475788, -19.0475197, -19.0481777, -19.0488987
1552.1899999999985, -19.0126305, -19.0122986, -19.0118027, -19.0127144, -19.0129242, -19.0101585, -19.0115242, -19.0112362, -19.0127411, -19.0121841
1552.1999999999985, -18.9885654, -18.9882927, -18.987854, -18.9878826, -18.9875469, -18.9858418, -18.9863071, -18.9867477, -18.9865246, -18.9877739
1552.2099999999984, -18.9664345, -18.9670773, -18.9670639, -18.9675007, -18.9678478, -18.9676418, -18.9672012, -18.9667549, -18.9674225, -18.9672623
1552.2199999999984, -18.9675922, -18.9689007, -18.9695244, -18.9697933, -18.9699039, -18.9689808, -18.9686375, -18.9688969, -18.9714565, -18.9726734
1552.2299999999984, -18.9779701, -18.9837189, -18.9811783, -18.9823303, -18.9862556, -18.9858913, -18.9860172, -18.985178, -18.986578, -18.9858932
1552.2399999999984, -19.014925, -19.0156155, -19.0162678, -19.0171375, -19.0169868, -19.0162048, -19.0168171, -19.0155888, -19.0155067, -19.0142918
1552.2499999999984, -19.0527763, -19.0526695, -19.0525131, -19.0533237, -19.0534363, -19.0529385, -19.0542164, -19.0538139, -19.0530663, -19.0537071
1552.2599999999984, -19.1041451, -19.1040001, -19.1046772, -19.1039524, -19.1051216, -19.1035271, -19.10359, -19.104826, -19.1055546, -19.1058006
1552.2699999999984, -19.1389523, -19.1392097, -19.1435928, -19.1470165, -19.1460819, -19.14678, -19.1489773, -19.1430378, -19.1178875, -19.1071815
1552.2799999999984, -19.1884441, -19.1888256, -19.1879082, -19.1873875, -19.1872997, -19.1875801, -19.1880188, -19.1878204, -19.1874962, -19.1872787
1552.2899999999984, -19.218935, -19.2192116, -19.2194347, -19.2199974, -19.2209969, -19.2211628, -19.2206516, -19.2198505, -19.2204533, -19.2199669
1552.2999999999984, -19.2440453, -19.2439766, -19.2427158, -19.2434216, -19.244339, -19.2447586, -19.2446651, -19.2446327, -19.244894, -19.2434273
1552.3099999999984, -19.2482815, -19.2480469, -19.2483807, -19.248703, -19.2486801, -19.2485256, -19.2484665, -19.2488899, -19.2490139, -19.2486572
1552.3199999999983, -19.2380447, -19.2365475, -19.2386131, -19.2397633, -19.241415, -19.2418346, -19.2432022, -19.241993, -19.243763, -19.2441998
1552.3299999999983, -19.2279263, -19.2279854, -19.225275, -19.2273712, -19.2283382, -19.228714, -19.2274132, -19.2239742, -19.2280083, -19.2274876
1552.3399999999983, -19.1916466, -19.1922741, -19.1932354, -19.1927299, -19.1934204, -19.1926422, -19.1929893, -19.192461, -19.1927509, -19.1931438
1552.3499999999983, -19.1573544, -19.1578884, -19.1578121, -19.157959, -19.1583309, -19.1582222, -19.1588173, -19.1586246, -19.1585522, -19.157795
1552.3599999999983, -19.1029263, -19.1021519, -19.100769, -19.0999756, -19.1000061, -19.0991383, -19.0987015, -19.0992889, -19.1002083, -19.1002445
1552.3699999999983, -19.0554409, -19.0559311, -19.0555401, -19.055891, -19.0564022, -19.0558872, -19.055891, -19.0552235, -19.0541039, -19.0555573
1552.3799999999983, -18.9736843, -18.9876328, -18.9955139, -19.0028648, -19.0068874, -19.0066013, -19.005621, -19.0051079, -19.0053062, -19.0065784
1552.3899999999983, -18.9714794, -18.9713249, -18.9720421, -18.9712696, -18.9714813, -18.9715767, -18.9711704, -18.9710464, -18.9710922, -18.9714069
1552.3999999999983, -18.9367027, -18.9366779, -18.9372787, -18.937664, -18.9373131, -18.9361343, -18.9359455, -18.9358559, -18.9367981, -18.9368591
1552.4099999999983, -18.9193382, -18.9182243, -18.9193516, -18.9174557, -18.9168739, -18.9161472, -18.9171677, -18.9164848, -18.9161453, -18.9159069
1552.4199999999983, -18.9114017, -18.9114971, -18.912117, -18.9108677, -18.9109135, -18.9112797, -18.9104404, -18.9108715, -18.9107571, -18.9109154
1552.4299999999982, -18.9236088, -18.9232063, -18.9236946, -18.9230042, -18.9229374, -18.9235401, -18.9237003, -18.9231529, -18.9237003, -18.923214
1552.4399999999982, -18.9038086, -18.9323883, -18.9456902, -18.9513531, -18.9535007, -18.9533939, -18.9526691, -18.9530258, -18.9524174, -18.9547634
1552.4499999999982, -18.9899197, -18.9894829, -18.9894352, -18.9888496, -18.9862633, -18.9868488, -18.9886169, -18.9898567, -18.9871674, -18.9761105
1552.4599999999982, -19.0308342, -19.0325603, -19.0342407, -19.0326538, -19.0338821, -19.0347004, -19.0349503, -19.0356789, -19.0354977, -19.0361423
1552.4699999999982, -19.0531826, -19.0633087, -19.0684738, -19.0561924, -19.0123043, -19.040556, -19.0586205, -19.0659676, -19.0678406, -19.0732651
1552.4799999999982, -19.107111, -19.1060982, -19.1108589, -19.1114597, -19.1117706, -19.1123371, -19.1121292, -19.1127949, -19.110693, -19.1056747
1552.4899999999982, -19.1396141, -19.1404419, -19.1404724, -19.1402359, -19.1406651, -19.1397476, -19.1397152, -19.1401882, -19.1409073, -19.1411705
1552.4999999999982, -19.1607037, -19.1585693, -19.1579514, -19.1595097, -19.1607304, -19.162569, -19.1618652, -19.1609554, -19.1608982, -19.1619816
1552.5099999999982, -19.1696911, -19.1684475, -19.1642094, -19.1685982, -19.1678143, -19.16469, -19.1665268, -19.1648903, -19.1655922, -19.1660271
1552.5199999999982, -19.1674137, -19.1673641, -19.1664028, -19.1614704, -19.1624622, -19.160574, -19.1628513, -19.161478, -19.1626148, -19.1636333
1552.5299999999982, -19.1454811, -19.1468735, -19.1452026, -19.145052, -19.1443787, -19.1449623, -19.1465664, -19.1475124, -19.1479149, -19.1490917
1552.5399999999981, -19.1129265, -19.1140747, -19.0932312, -19.0955372, -19.1079998, -19.1112976, -19.1134148, -19.1154232, -19.1167297, -19.1145954
1552.5499999999981, -19.0739174, -19.0764656, -19.0783997, -19.0790863, -19.0784111, -19.0786324, -19.0795135, -19.0796242, -19.0791416, -19.0801868
1552.5599999999981, -19.0290108, -19.0283241, -19.0282154, -19.0275249, -19.0257797, -19.025362, -19.0246563, -19.0272141, -19.0280514, -19.0300255
1552.5699999999981, -18.9849777, -18.9841404, -18.9845505, -18.9841537, -18.9831219, -18.9840813, -18.9835625, -18.9842682, -18.9842567, -18.9850368
1552.579999999998, -18.9440918, -18.9436226, -18.9443359, -18.9443874, -18.9447613, -18.944561, -18.9442406, -18.9447041, -18.9433517, -18.9445133
1552.589999999998, -18.912241, -18.9139919, -18.9127369, -18.9130363, -18.913023, -18.9121742, -18.9133301, -18.9125462, -18.9118938, -18.9116211
1552.599999999998, -18.8989582, -18.9003525, -18.9021778, -18.9032688, -18.9021778, -18.9021606, -18.9020061, -18.9022541, -18.9023647, -18.903183
1552.609999999998, -18.9159126, -18.9155254, -18.9151573, -18.9157028, -18.9134712, -18.9139996, -18.9154968, -18.9152946, -18.9152603, -18.9148655
1552.619999999998, -18.9456768, -18.9460716, -18.940218, -18.9374371, -18.9428997, -18.9459724, -18.9445744, -18.9452553, -18.9455013, -18.9469757
1552.629999999998, -19.007021, -19.0079517, -19.0077705, -19.0072479, -19.0062027, -18.9963665, -18.9990368, -19.0061588, -19.0046024, -19.0045986
1552.639999999998, -19.0676804, -19.0675831, -19.0676594, -19.06637, -19.0663815, -19.0623283, -19.0610962, -19.0210495, -19.0018101, -19.0667439
1552.649999999998, -19.0816364, -19.0914497, -19.1143303, -19.1183891, -19.1196308, -19.1246967, -19.1277008, -19.1304665, -19.1308441, -19.1309433
1552.659999999998, -19.1620827, -19.1693764, -19.1711674, -19.1766186, -19.1814556, -19.1809387, -19.1821938, -19.1512794, -19.1223278, -19.1363888
1552.669999999998, -19.2259731, -19.2301693, -19.2323265, -19.2328873, -19.2293053, -19.2266884, -19.2288132, -19.2301044, -19.2299061, -19.2296486
1552.679999999998, -19.2364197, -19.209198, -19.2267208, -19.2273312, -19.2434254, -19.2394848, -19.2492447, -19.2492256, -19.2435112, -19.2480831
1552.689999999998, -19.2408161, -19.2393665, -19.2410316, -19.2399406, -19.2379894, -19.2389793, -19.2388325, -19.2386131, -19.2391033, -19.2408848
1552.699999999998, -19.2116642, -19.2127457, -19.2137299, -19.2119446, -19.2138062, -19.2145729, -19.2185478, -19.2216091, -19.2186832, -19.2136898
1552.709999999998, -19.1680069, -19.1698132, -19.1709347, -19.1726322, -19.1732197, -19.1717758, -19.1721992, -19.1723862, -19.172102, -19.1719627
1552.719999999998, -19.1205368, -19.1203556, -19.1198101, -19.1191902, -19.1183491, -19.118309, -19.1182117, -19.117136, -19.1178627, -19.1191101
1552.729999999998, -19.062376, -19.0624599, -19.0628624, -19.0630856, -19.0634918, -19.0628777, -19.0621681, -19.0607796, -19.0606842, -19.0612717
1552.739999999998, -19.006649, -19.0072136, -19.0121498, -19.008688, -19.0098591, -19.0103283, -19.0090904, -19.0097504, -19.0110569, -19.0117607
1552.749999999998, -18.9745941, -18.9744167, -18.9731445, -18.9739418, -18.9739075, -18.9749107, -18.9750843, -18.9755592, -18.9757042, -18.9753075
1552.759999999998, -18.9476547, -18.9477081, -18.9480629, -18.9476433, -18.9470081, -18.9454384, -18.9453888, -18.9457417, -18.9458542, -18.945034
1552.769999999998, -18.946558, -18.9484825, -18.9481564, -18.9449234, -18.9468174, -18.9476585, -18.9483948, -18.9487152, -18.9493446, -18.9489822
1552.779999999998, -18.9748764, -18.9704933, -18.9695168, -18.9729633, -18.974205, -18.97295, -18.9710541, -18.9709358, -18.9719467, -18.9698944
1552.789999999998, -19.0137882, -19.0143299, -19.0152359, -19.0150661, -19.0151539, -19.0148106, -19.0147362, -19.0156269, -19.0145569, -19.0153198
1552.799999999998, -19.0833836, -19.0837612, -19.084343, -19.084938, -19.0844421, -19.0834599, -19.0835304, -19.0847149, -19.0831413, -19.0818424
1552.809999999998, -19.1655922, -19.1643543, -19.1664257, -19.1661015, -19.1646214, -19.164135, -19.1625195, -19.1623688, -19.1630898, -19.1635666
1552.819999999998, -19.2451763, -19.2466259, -19.2448502, -19.2449875, -19.2439499, -19.2450027, -19.2455215, -19.2461185, -19.244606, -19.2454262
1552.8299999999979, -19.3236904, -19.3220577, -19.3182755, -19.3179398, -19.3180656, -19.3175583, -19.3201027, -19.3196678, -19.3202801, -19.3193512
1552.8399999999979, -19.3804665, -19.3808537, -19.3808231, -19.3809586, -19.3809948, -19.3784466, -19.3783321, -19.379673, -19.3796825, -19.3804665
1552.8499999999979, -19.4320374, -19.430357, -19.4304466, -19.4314308, -19.4315891, -19.4316101, -19.431448, -19.4303093, -19.4302883, -19.4308701
1552.8599999999979, -19.4577274, -19.4582138, -19.4576664, -19.4568787, -19.4572926, -19.4564095, -19.4566765, -19.4560184, -19.4572659, -19.4570332
1552.8699999999978, -19.4775982, -19.4790249, -19.4787807, -19.4744339, -19.4768143, -19.4758415, -19.4759502, -19.4766674, -19.476223, -19.4753437
1552.8799999999978, -19.5059319, -19.5065041, -19.5060825, -19.5045452, -19.5052929, -19.5074825, -19.5070095, -19.5068989, -19.5070896, -19.5071602
1552.8899999999978, -19.5870838, -19.5864429, -19.5857086, -19.5848351, -19.5822487, -19.5814838, -19.5808849, -19.5802593, -19.5798893, -19.578804
1552.8999999999978, -19.6921673, -19.7042713, -19.7086849, -19.7096558, -19.7110119, -19.7118111, -19.7131023, -19.7123604, -19.7129116, -19.7106075
1552.9099999999978, -19.9346161, -19.9340096, -19.9320717, -19.929657, -19.9279079, -19.9301815, -19.9315128, -19.9297161, -19.9311447, -19.9274712
1552.9199999999978, -20.1102943, -20.1108894, -20.1106091, -20.1091251, -20.1084461, -20.1097355, -20.111227, -20.1112633, -20.1066418, -20.1116524
1552.9299999999978, -20.1894493, -20.1877308, -20.189312, -20.1886196, -20.1877155, -20.1905632, -20.1891289, -20.1868382, -20.1869373, -20.1881371
1552.9399999999978, -20.0918293, -20.0919991, -20.0930386, -20.0941181, -20.0962391, -20.0965824, -20.0961456, -20.094944, -20.0949402, -20.0943413
1552.9499999999978, -19.8943558, -19.8937206, -19.8960476, -19.8934059, -19.8953362, -19.8952541, -19.8958015, -19.8961029, -19.8972492, -19.8981762
1552.9599999999978, -19.6966114, -19.6935215, -19.6925373, -19.6928635, -19.6928215, -19.6925526, -19.6913376, -19.6898346, -19.6901665, -19.6911564
1552.9699999999978, -19.5396042, -19.536932, -19.5359993, -19.5347462, -19.532259, -19.5326042, -19.5333881, -19.5346355, -19.535181, -19.5353966
1552.9799999999977, -19.4686069, -19.4696617, -19.470129, -19.4685364, -19.4673767, -19.46562, -19.4644146, -19.4638557, -19.4632587, -19.4665852
1552.9899999999977, -19.4372368, -19.442215, -19.4403534, -19.4434605, -19.4447689, -19.4457569, -19.4474125, -19.445858, -19.4462242, -19.4461594
1552.9999999999977, -19.4400406, -19.4398346, -19.4403458, -19.4405689, -19.4404869, -19.4368687, -19.4382038, -19.4400253, -19.4393559, -19.4354515
1553.0099999999977, -19.4339027, -19.4289112, -19.4301319, -19.4325409, -19.4360218, -19.436367, -19.4363136, -19.4352913, -19.4345951, -19.4361248
1553.0199999999977, -19.4065533, -19.4066696, -19.4045525, -19.4020061, -19.4028263, -19.4063454, -19.4074783, -19.408041, -19.4067249, -19.4065742
1553.0299999999977, -19.3676262, -19.3646736, -19.36343, -19.3628998, -19.3632889, -19.3646984, -19.3682117, -19.3678379, -19.3652725, -19.362339
1553.0399999999977, -19.2974358, -19.2946682, -19.2973042, -19.2981358, -19.2975273, -19.2968025, -19.2971325, -19.2964611, -19.2952309, -19.2873001
1553.0499999999977, -19.2232933, -19.2224522, -19.2196388, -19.2184086, -19.2197323, -19.2193985, -19.2202702, -19.2193222, -19.2192192, -19.2182083
1553.0599999999977, -19.1388588, -19.1396122, -19.1382961, -19.1373405, -19.1367931, -19.1396122, -19.139946, -19.1393967, -19.139576, -19.1377525
1553.0699999999977, -19.0753822, -19.0774918, -19.0782757, -19.0786057, -19.078022, -19.0759106, -19.0717373, -19.0762787, -19.0774536, -19.0746021
1553.0799999999977, -19.0249653, -19.0256805, -19.0245972, -19.0242805, -19.0259514, -19.0259972, -19.0304012, -19.0322762, -19.0312748, -19.0265198
1553.0899999999976, -19.004488, -19.0058136, -19.0047436, -19.0030422, -19.0045033, -19.0041962, -19.0049114, -19.0051365, -19.0047569, -19.0045147
1553.0999999999976, -18.9921665, -18.9973488, -18.9969788, -18.9984589, -18.9995823, -19.0004559, -19.0008183, -19.0000877, -18.9982376, -18.9985104
1553.1099999999976, -19.0159912, -19.0159969, -19.0171738, -19.0169258, -19.0154285, -19.0165253, -19.0164661, -19.0151672, -19.0126438, -19.0141411
1553.1199999999976, -19.0485077, -19.0480003, -19.0480709, -19.0503426, -19.0517521, -19.0518913, -19.0493431, -19.0516376, -19.050869, -19.0492306
1553.1299999999976, -19.0884151, -19.0872593, -19.0864983, -19.088213, -19.0848312, -19.0835743, -19.0842934, -19.0849571, -19.0866184, -19.086031
1553.1399999999976, -19.14147, -19.1419449, -19.1417389, -19.1418972, -19.1428604, -19.1420116, -19.1429577, -19.1417484, -19.1408367, -19.1403542
1553.1499999999976, -19.1881809, -19.1873341, -19.1869755, -19.1867466, -19.187582, -19.1891956, -19.1885796, -19.1905098, -19.1894569, -19.1887817
1553.1599999999976, -19.2318535, -19.2343063, -19.23419, -19.2348957, -19.2345428, -19.235611, -19.2356911, -19.2356186, -19.2343636, -19.2337017
1553.1699999999976, -19.2657528, -19.2649364, -19.2669926, -19.2681084, -19.2680607, -19.2676659, -19.2679195, -19.2683811, -19.2682915, -19.2687435
1553.1799999999976, -19.281702, -19.2813206, -19.2830257, -19.2825298, -19.2828522, -19.2836514, -19.2834339, -19.2842236, -19.2853222, -19.2843037
1553.1899999999976, -19.2706184, -19.2717648, -19.2716408, -19.2714157, -19.271822, -19.2724171, -19.2725811, -19.271841, -19.2725163, -19.2727528
1553.1999999999975, -19.2408123, -19.2427959, -19.2424698, -19.2432384, -19.2427006, -19.243288, -19.2442818, -19.2441139, -19.2433052, -19.2424946
1553.2099999999975, -19.1992474, -19.1962872, -19.2001991, -19.2020264, -19.2028542, -19.1966095, -19.1996765, -19.2020454, -19.2029781, -19.20364
1553.2199999999975, -19.1491852, -19.1490479, -19.1467991, -19.1458836, -19.1391602, -19.1466618, -19.1494331, -19.1468658, -19.1480656, -19.1486359
1553.2299999999975, -19.0796547, -19.0831604, -19.0840664, -19.0770493, -19.0721111, -19.0636234, -19.0775948, -19.0784359, -19.0764027, -19.0780582
1553.2399999999975, -19.0230465, -19.0234394, -19.0238552, -19.023695, -19.0236893, -19.0242062, -19.0238075, -19.0219536, -19.0202217, -19.0206032
1553.2499999999975, -18.9614296, -18.9616394, -18.9625092, -18.9448624, -18.9248047, -18.9287739, -18.9452267, -18.9377823, -18.9407349, -18.9505749
1553.2599999999975, -18.9177437, -18.9117146, -18.9103832, -18.9134369, -18.9149837, -18.9162235, -18.9146214, -18.9165154, -18.9168987, -18.9171772
1553.2699999999975, -18.889679, -18.8900394, -18.8911839, -18.8911495, -18.8907566, -18.8904667, -18.8914433, -18.8920326, -18.8919067, -18.8920116
1553.2799999999975, -18.8875275, -18.8872414, -18.8871002, -18.8868809, -18.8871784, -18.8869648, -18.8869553, -18.8874474, -18.8867912, -18.8873863
1553.2899999999975, -18.9022827, -18.9028358, -18.9028072, -18.90308, -18.904089, -18.9040966, -18.9038563, -18.9044743, -18.9042759, -18.9039841
1553.2999999999975, -18.932539, -18.9323292, -18.9331017, -18.9333668, -18.9342537, -18.9355545, -18.9352093, -18.9347954, -18.933897, -18.9319496
1553.3099999999974, -18.9736156, -18.972229, -18.9729023, -18.9744987, -18.9745483, -18.9747658, -18.975584, -18.9762249, -18.9756622, -18.9751873
1553.3199999999974, -19.0160503, -19.0165768, -19.0168419, -19.0158596, -19.013731, -19.0146618, -19.0145702, -19.0140591, -19.0134907, -19.0137863
1553.3299999999974, -19.0668621, -19.067379, -19.0670586, -19.0657349, -19.0662174, -19.0665951, -19.0662174, -19.0654392, -19.0651016, -19.0643368
1553.3399999999974, -19.098774, -19.1026325, -19.1031971, -19.1028023, -19.1017513, -19.1019726, -19.1023254, -19.10186, -19.1021557, -19.103384
1553.3499999999974, -19.1386051, -19.1377621, -19.1383476, -19.1370239, -19.1350613, -19.1343727, -19.1347218, -19.1348934, -19.1352406, -19.1357346
1553.3599999999974, -19.1574268, -19.1556759, -19.1536484, -19.1540489, -19.1533604, -19.1535339, -19.1553459, -19.1552219, -19.1533108, -19.1523685
1553.3699999999974, -19.1617031, -19.1653576, -19.1646843, -19.1666412, -19.165884, -19.1668472, -19.165741, -19.1650105, -19.164793, -19.1641102
1553.3799999999974, -19.1672554, -19.1681118, -19.1674347, -19.1669674, -19.1671524, -19.1666718, -19.16782, -19.1670837, -19.1656761, -19.1658325
1553.3899999999974, -19.1526108, -19.1542454, -19.1534672, -19.1528797, -19.1529694, -19.1523647, -19.1508827, -19.1462936, -19.1490917, -19.1489086
1553.3999999999974, -19.1221695, -19.1233807, -19.1232758, -19.1228046, -19.1231861, -19.1231213, -19.1238327, -19.1243153, -19.1248856, -19.1248684
1553.4099999999974, -19.0861149, -19.0855579, -19.0857906, -19.0860558, -19.085638, -19.0847836, -19.0857296, -19.0862846, -19.0871201, -19.0865612
1553.4199999999973, -19.04562, -19.0444965, -19.0441151, -19.0449085, -19.0464535, -19.0476475, -19.0475903, -19.046751, -19.0463352, -19.0459003
1553.4299999999973, -19.0013752, -18.9997883, -19.0001698, -18.9945221, -18.9987545, -18.9999828, -19.0008526, -19.0017338, -19.0019932, -19.0012016
1553.4399999999973, -18.9605236, -18.960598, -18.9608765, -18.9602051, -18.9594803, -18.9615574, -18.9615765, -18.9622135, -18.9621506, -18.9615326
1553.4499999999973, -18.9251423, -18.9250126, -18.9264088, -18.9253654, -18.92593, -18.9261017, -18.9263554, -18.9255447, -18.925209, -18.9256725
1553.4599999999973, -18.9158287, -18.916563, -18.9168129, -18.9169884, -18.916008, -18.9165287, -18.916008, -18.9177189, -18.9176388, -18.9176254
1553.4699999999973, -18.9204254, -18.9202538, -18.9215488, -18.9229279, -18.9234409, -18.9232254, -18.9227295, -18.9220066, -18.9213486, -18.9222813
1553.4799999999973, -18.9464054, -18.9432049, -18.9442253, -18.9465199, -18.9463921, -18.9465637, -18.9473286, -18.947403, -18.9460487, -18.9466877
1553.4899999999973, -18.9873028, -18.9900837, -18.9903069, -18.9918079, -18.9925537, -18.9914589, -18.9901009, -18.9926739, -18.9942436, -18.9911423
1553.4999999999973, -19.046896, -19.0479889, -19.0466156, -19.0476608, -19.04673, -19.045332, -19.0456295, -19.0469131, -19.0451145, -19.046339
1553.5099999999973, -19.1127319, -19.1121521, -19.1134357, -19.1139698, -19.1124573, -19.1091385, -19.0984535, -19.1076164, -19.1101437, -19.1083088
1553.5199999999973, -19.1764126, -19.1800289, -19.1806679, -19.1806107, -19.1800022, -19.1800652, -19.1815586, -19.1806831, -19.1816521, -19.1806984
1553.5299999999972, -19.2399654, -19.2399178, -19.2394562, -19.2414589, -19.2402763, -19.2381668, -19.2384605, -19.2384129, -19.241066, -19.2420616
1553.5399999999972, -19.2830563, -19.2847061, -19.2892284, -19.2889118, -19.2873993, -19.2882977, -19.2870922, -19.2880669, -19.2869968, -19.2854137
1553.5499999999972, -19.3155518, -19.3145638, -19.3163109, -19.3161011, -19.3145828, -19.3138065, -19.3155956, -19.3171577, -19.3143883, -19.3143997
1553.5599999999972, -19.3267899, -19.32757, -19.3273067, -19.3264599, -19.3246174, -19.3249702, -19.3261337, -19.3259029, -19.3254089, -19.3257828
1553.5699999999972, -19.3127556, -19.3103333, -19.3120613, -19.3127956, -19.3132801, -19.3133221, -19.3119621, -19.310812, -19.3097858, -19.3097973
1553.5799999999972, -19.2667885, -19.2665062, -19.2666492, -19.2674427, -19.2672844, -19.2665672, -19.2623405, -19.262867, -19.2633038, -19.2627735
1553.5899999999972, -19.2191525, -19.2183533, -19.217783, -19.2158394, -19.2181683, -19.2192783, -19.2192631, -19.2198868, -19.2193966, -19.2195816
1553.5999999999972, -19.1552181, -19.1550961, -19.1551838, -19.1543102, -19.1538563, -19.153635, -19.1537495, -19.1548767, -19.1557312, -19.1554451
1553.6099999999972, -19.0863094, -19.0867805, -19.088129, -19.0881386, -19.0881977, -19.0880013, -19.087513, -19.0874424, -19.0872211, -19.0875378
1553.6199999999972, -19.0305843, -19.0316887, -19.0330677, -19.0327168, -19.029047, -19.0294266, -19.0306492, -19.0322628, -19.0329304, -19.0334854
1553.6299999999972, -18.9844971, -18.9833889, -18.9844131, -18.9849911, -18.9850826, -18.9847546, -18.9843311, -18.9837341, -18.9819565, -18.9818439
1553.6399999999971, -18.9557266, -18.953228, -18.9542141, -18.9562645, -18.956171, -18.9557648, -18.953949, -18.9534473, -18.9536915, -18.954155
1553.6499999999971, -18.9376583, -18.9383259, -18.9369354, -18.9379902, -18.9367714, -18.9360085, -18.9333096, -18.9299164, -18.9317894, -18.9351559
1553.6599999999971, -18.9390221, -18.9397907, -18.942049, -18.9408531, -18.9412689, -18.9418907, -18.9440327, -18.943243, -18.9410934, -18.9347191
1553.6699999999971, -18.9577827, -18.9579277, -18.9590759, -18.9602394, -18.960083, -18.9588413, -18.958601, -18.9589348, -18.9582958, -18.9582577
1553.679999999997, -18.9917221, -18.9916573, -18.9911404, -18.9910774, -18.9915771, -18.9911785, -18.9906082, -18.9905796, -18.9881039, -18.9891033
1553.689999999997, -19.0401917, -19.0405445, -19.0499897, -19.0520287, -19.0524006, -19.0517807, -19.0512619, -19.0511608, -19.0497284, -19.0460911
1553.699999999997, -19.0919209, -19.0890522, -19.089344, -19.0905819, -19.0893478, -19.0909157, -19.0914516, -19.0917225, -19.0908031, -19.0895882
1553.709999999997, -19.127821, -19.1290493, -19.1292419, -19.1270542, -19.1226158, -19.1281319, -19.128849, -19.1288452, -19.1296158, -19.1298218
1553.719999999997, -19.1762981, -19.1760368, -19.1761951, -19.174696, -19.1763763, -19.1772537, -19.1770401, -19.1769009, -19.1754169, -19.1774006
1553.729999999997, -19.2043915, -19.2037868, -19.2022324, -19.2035522, -19.2047043, -19.2056274, -19.2054195, -19.2043934, -19.2035236, -19.2028503
1553.739999999997, -19.2275047, -19.2261314, -19.2271347, -19.2277737, -19.2271061, -19.2289371, -19.2294559, -19.2284145, -19.22789, -19.2245407
1553.749999999997, -19.2364178, -19.2349033, -19.2316799, -19.2296524, -19.2323151, -19.2356319, -19.236536, -19.2340107, -19.2353039, -19.2354374
1553.759999999997, -19.2419682, -19.2420063, -19.2426224, -19.2425938, -19.2419968, -19.2426338, -19.2402954, -19.2410793, -19.2431488, -19.2429352
1553.769999999997, -19.2182159, -19.2132893, -19.2132454, -19.2175922, -19.2143421, -19.217556, -19.221117, -19.2232666, -19.222332, -19.2206535
1553.779999999997, -19.2155647, -19.2161446, -19.2162914, -19.2176113, -19.2177296, -19.2167072, -19.2157631, -19.215662, -19.2159367, -19.2163391
1553.789999999997, -19.15802, -19.159523, -19.1824627, -19.1947231, -19.1869812, -19.1873226, -19.1904011, -19.1857948, -19.1860218, -19.1916142
1553.799999999997, -19.1727543, -19.1716099, -19.1720943, -19.1729698, -19.1726246, -19.1732464, -19.1719093, -19.1729946, -19.1728268, -19.1721191
1553.809999999997, -19.135149, -19.1357918, -19.1362247, -19.1382599, -19.1380501, -19.1401176, -19.1389885, -19.1397896, -19.1392097, -19.1384411
1553.819999999997, -19.1010227, -19.0991421, -19.0999985, -19.1002769, -19.1001034, -19.0998726, -19.1009808, -19.101038, -19.1008739, -19.100132
1553.829999999997, -19.0701523, -19.0695572, -19.0692291, -19.0693588, -19.0687389, -19.0678902, -19.0682144, -19.0687733, -19.068943, -19.0686798
1553.839999999997, -19.0432587, -19.04175, -19.041256, -19.0419941, -19.0410137, -19.0403442, -19.0418549, -19.0420265, -19.0413933, -19.0439491
1553.849999999997, -19.0091343, -19.0093002, -19.0077133, -19.0064602, -19.0067806, -18.9990082, -19.0006065, -19.0031357, -19.0069485, -19.0067177
1553.859999999997, -18.9720917, -18.9731846, -18.9752731, -18.9751663, -18.9735661, -18.9700909, -18.9680786, -18.9689064, -18.9675522, -18.9711838
1553.869999999997, -18.9477215, -18.946661, -18.9478989, -18.948061, -18.9486675, -18.9472103, -18.9466782, -18.9453068, -18.9469337, -18.9484787
1553.879999999997, -18.939806, -18.9395065, -18.9373398, -18.9383774, -18.9385948, -18.9396763, -18.9401073, -18.9444256, -18.9451027, -18.9431019
1553.889999999997, -18.9378185, -18.9379501, -18.9387264, -18.937355, -18.9219513, -18.9332676, -18.9343662, -18.9359493, -18.9351768, -18.9347076
1553.899999999997, -18.942606, -18.9442348, -18.9445343, -18.9447536, -18.9449577, -18.9382706, -18.9384613, -18.9405098, -18.9445953, -18.9477119
1553.909999999997, -18.9676113, -18.9676037, -18.9660587, -18.9649372, -18.9648056, -18.96525, -18.9671478, -18.9673119, -18.9677429, -18.9678822
1553.919999999997, -18.9970131, -18.9979, -18.9980564, -18.9993324, -18.9998703, -18.9993858, -18.998827, -18.9985676, -18.9961834, -18.9947052
1553.9299999999969, -19.0252914, -19.0259094, -19.0246105, -19.0268536, -19.025835, -19.0268135, -19.0279331, -19.0287666, -19.0281849, -19.0283604
1553.9399999999969, -19.0640621, -19.0602665, -19.0635967, -19.0636234, -19.0658302, -19.0652122, -19.0647736, -19.0639305, -19.065506, -19.0655708
1553.9499999999969, -19.1071587, -19.1070061, -19.1064053, -19.1069565, -19.1052818, -19.1064358, -19.1071053, -19.1070557, -19.1063442, -19.1064816
1553.9599999999969, -19.1619148, -19.1610641, -19.1619396, -19.1613293, -19.1611652, -19.161972, -19.1613522, -19.1604939, -19.1615105, -19.1622944
1553.9699999999968, -19.2155056, -19.2173195, -19.2141266, -19.2119579, -19.2080402, -19.2077293, -19.2100639, -19.2142105, -19.2140598, -19.2136707
1553.9799999999968, -19.2444458, -19.2456226, -19.2503395, -19.2514439, -19.2464828, -19.2490673, -19.2484913, -19.2463951, -19.2459908, -19.2418251
1553.9899999999968, -19.2930584, -19.2944012, -19.2916965, -19.291048, -19.2913437, -19.2908764, -19.2896252, -19.2912216, -19.2905178, -19.2898426
1553.9999999999968, -19.3164577, -19.3182335, -19.3200626, -19.3200836, -19.3209743, -19.3181953, -19.3191643, -19.3178825, -19.3181591, -19.3188343
1554.0099999999968, -19.3288937, -19.3286934, -19.3283386, -19.3170547, -19.3212452, -19.3243599, -19.3282604, -19.3270283, -19.3230724, -19.3240585
1554.0199999999968, -19.318943, -19.3272038, -19.3275871, -19.3264103, -19.3273716, -19.3270569, -19.3279324, -19.3281307, -19.3288021, -19.3275318
1554.0299999999968, -19.3053417, -19.3056793, -19.304203, -19.301403, -19.3028374, -19.2992477, -19.3014946, -19.3035717, -19.3033581, -19.3027382
1554.0399999999968, -19.2485275, -19.2440186, -19.2478142, -19.2554817, -19.2578449, -19.2571335, -19.255106, -19.2562656, -19.259264, -19.2581139
1554.0499999999968, -19.2021122, -19.2037048, -19.2043266, -19.2050591, -19.2051411, -19.2053261, -19.2049255, -19.2051983, -19.2059002, -19.2069511
1554.0599999999968, -19.1477509, -19.1482677, -19.1502266, -19.150753, -19.1524849, -19.1522045, -19.150898, -19.1522408, -19.1528988, -19.1528397
1554.0699999999968, -19.0891094, -19.0889816, -19.0884991, -19.0891457, -19.0885086, -19.0886345, -19.0881252, -19.086441, -19.0879631, -19.0858498
1554.0799999999967, -19.0354233, -19.0361118, -19.0364189, -19.0360737, -19.0354824, -19.0342808, -19.0344963, -19.0359325, -19.0374718, -19.0384178
1554.0899999999967, -19.0052624, -19.0041027, -19.0030117, -19.0033741, -19.0040894, -19.0036716, -19.0030804, -19.0027885, -19.0023365, -19.0044632
1554.0999999999967, -18.985466, -18.9862709, -18.9869308, -18.9852962, -18.9809284, -18.9828415, -18.9818439, -18.9814758, -18.9867229, -18.9869499
1554.1099999999967, -18.9864941, -18.9872723, -18.9872589, -18.9866066, -18.986021, -18.9870377, -18.9856834, -18.9874153, -18.987608, -18.987505
1554.1199999999967, -19.0090313, -19.0095882, -19.0096302, -19.0096893, -19.009922, -19.0100327, -19.0092678, -19.0087891, -19.0077724, -19.0078392
1554.1299999999967, -19.037384, -19.037878, -19.0373249, -19.0361843, -19.0371284, -19.037241, -19.0379257, -19.0374622, -19.0379524, -19.0370636
1554.1399999999967, -19.0836487, -19.0847588, -19.085434, -19.0853519, -19.0837498, -19.0835972, -19.0821285, -19.0820904, -19.0757027, -19.0766621
1554.1499999999967, -19.1228123, -19.1228371, -19.1224232, -19.1220493, -19.1209145, -19.1208096, -19.1212921, -19.1212006, -19.1181583, -19.119482
1554.1599999999967, -19.1590519, -19.1633778, -19.1647434, -19.1628418, -19.1632614, -19.1631413, -19.1609497, -19.1598072, -19.1612854, -19.1611404
1554.1699999999967, -19.1905003, -19.1909027, -19.1905861, -19.1900196, -19.1896152, -19.1885757, -19.1866417, -19.188755, -19.1933994, -19.1918507
1554.1799999999967, -19.2136879, -19.2148552, -19.2141685, -19.2127953, -19.212326, -19.2119179, -19.211113, -19.2095337, -19.2094803, -19.2093391
1554.1899999999966, -19.229784, -19.2295341, -19.2255344, -19.2250118, -19.2254925, -19.2291431, -19.2296753, -19.2292023, -19.2309074, -19.22966
1554.1999999999966, -19.2447815, -19.2449417, -19.245594, -19.2456055, -19.2459793, -19.244545, -19.2445335, -19.2448311, -19.2449684, -19.2441826
1554.2099999999966, -19.2384262, -19.2386971, -19.2396507, -19.240303, -19.239872, -19.2372341, -19.2378101, -19.2377777, -19.2382393, -19.2369041
1554.2199999999966, -19.2200069, -19.2190304, -19.2201939, -19.2197323, -19.2163734, -19.2169857, -19.2170219, -19.2180748, -19.2186661, -19.2183704
1554.2299999999966, -19.1833687, -19.1858006, -19.18437, -19.1832848, -19.1823635, -19.1821575, -19.1830368, -19.1833363, -19.1781216, -19.1784286
1554.2399999999966, -19.1269264, -19.1273136, -19.1285362, -19.1288109, -19.1277523, -19.1284561, -19.1300678, -19.1295776, -19.1303864, -19.1308575
1554.2499999999966, -19.090519, -19.0903244, -19.090414, -19.0911274, -19.0908527, -19.0897961, -19.0897102, -19.0899639, -19.0903664, -19.0932579
1554.2599999999966, -19.0597057, -19.0603523, -19.0605259, -19.0586987, -19.0577259, -19.0539513, -19.0551395, -19.0517941, -19.0543213, -19.0549355
1554.2699999999966, -19.007576, -19.0047073, -18.9970551, -18.9994087, -18.997654, -19.0004807, -18.9975891, -18.9941349, -18.9998837, -19.0028534
1554.2799999999966, -18.9665298, -18.9664764, -18.9670658, -18.9668541, -18.9652615, -18.9656544, -18.9674072, -18.9653912, -18.9650822, -18.9650097
1554.2899999999966, -18.9475441, -18.9475956, -18.9477253, -18.9455147, -18.9473763, -18.9469833, -18.9452972, -18.94557, -18.9308338, -18.9352932
1554.2999999999965, -18.9385757, -18.9406528, -18.9420414, -18.9419727, -18.941349, -18.9415894, -18.9410801, -18.9402885, -18.9387436, -18.9381199
1554.3099999999965, -18.9535789, -18.9567776, -18.9567757, -18.9571514, -18.954958, -18.9551544, -18.95751, -18.9592876, -18.9595051, -18.9578114
1554.3199999999965, -18.975132, -18.9781227, -18.9796448, -18.9796619, -18.980648, -18.9801788, -18.979475, -18.979948, -18.9722939, -18.97612
1554.3299999999965, -19.0158215, -19.0178204, -19.0170078, -19.016489, -19.016468, -19.0174484, -19.0141811, -19.0165863, -19.0144272, -19.005621
1554.3399999999965, -19.0608368, -19.0611973, -19.0613079, -19.0614853, -19.0610905, -19.061409, -19.0606251, -19.0605831, -19.0592003, -19.0599861
1554.3499999999965, -19.1127033, -19.1129551, -19.1123276, -19.1140366, -19.1141052, -19.1148663, -19.1138878, -19.1145649, -19.1141949, -19.1126232
1554.3599999999965, -19.1702251, -19.1712036, -19.1695442, -19.1713142, -19.1707382, -19.1723537, -19.1696911, -19.1700134, -19.1705894, -19.1711121
1554.3699999999965, -19.2150841, -19.2149792, -19.2144222, -19.2140369, -19.2139339, -19.2176285, -19.2170944, -19.2178402, -19.2166748, -19.2155037
1554.3799999999965, -19.2515774, -19.2500668, -19.249979, -19.2493191, -19.2505188, -19.2502613, -19.2493172, -19.2491608, -19.2483253, -19.2466736
1554.3899999999965, -19.2761021, -19.2777958, -19.2784576, -19.278244, -19.2784691, -19.2784309, -19.2779655, -19.2790604, -19.2796917, -19.279459
1554.3999999999965, -19.3021202, -19.3030529, -19.302475, -19.3022804, -19.3015003, -19.299942, -19.298975, -19.2952919, -19.2999363, -19.3043633
1554.4099999999964, -19.3082848, -19.3071976, -19.307333, -19.3058319, -19.3051739, -19.3074474, -19.3082504, -19.307251, -19.3061523, -19.3068523
1554.4199999999964, -19.2798004, -19.2722645, -19.2606773, -19.2641411, -19.2736187, -19.2614403, -19.2716808, -19.2774811, -19.2777653, -19.2724018
1554.4299999999964, -19.2239952, -19.225111, -19.2234688, -19.2211056, -19.2217293, -19.2203026, -19.2235909, -19.2245846, -19.2240219, -19.2247562
1554.4399999999964, -19.1725922, -19.1722641, -19.1727409, -19.1738701, -19.1751537, -19.1742859, -19.1742554, -19.1735306, -19.172596, -19.1714172
1554.4499999999964, -19.1166477, -19.1177197, -19.1157875, -19.1170425, -19.1154613, -19.1128616, -19.1126347, -19.1122494, -19.1124287, -19.1109772
1554.4599999999964, -19.0608139, -19.0590458, -19.0590668, -19.0579243, -19.058012, -19.0576744, -19.0590611, -19.0610428, -19.0630627, -19.0612717
1554.4699999999964, -19.0030804, -19.0045643, -19.0110073, -19.0125637, -19.0132504, -19.0145569, -19.0149155, -19.0143318, -19.0159492, -19.0157413
1554.4799999999964, -18.9998798, -19.0002975, -19.0009384, -19.0005054, -19.0003014, -19.0004387, -19.0000706, -18.9990196, -18.9991474, -19.0004158
1554.4899999999964, -19.0069828, -19.0058765, -19.0055161, -19.0066547, -19.0081635, -19.0050297, -19.0043564, -19.0055332, -19.0048904, -19.0062466
1554.4999999999964, -19.0310154, -19.0313148, -19.0281029, -19.0289536, -19.0288563, -19.0307426, -19.028183, -19.028286, -19.0299816, -19.0305939
1554.5099999999964, -19.0678291, -19.068367, -19.0662575, -19.0650082, -19.0628166, -19.0648327, -19.0648899, -19.0642986, -19.0637264, -19.0627346
1554.5199999999963, -19.1031818, -19.1015759, -19.1025143, -19.0984573, -19.091423, -19.0894775, -19.0912914, -19.0962448, -19.0978584, -19.1015263
1554.5299999999963, -19.1369305, -19.1392956, -19.1405964, -19.1410122, -19.1407433, -19.1399136, -19.1401081, -19.1390095, -19.1378822, -19.1372738
1554.5399999999963, -19.1929646, -19.1925716, -19.1912632, -19.1905212, -19.1899738, -19.1906586, -19.1904163, -19.1918297, -19.1917095, -19.1914139
1554.5499999999963, -19.239954, -19.2399693, -19.2402401, -19.2392349, -19.23979, -19.2386055, -19.2357559, -19.2368393, -19.2391987, -19.239994
1554.5599999999963, -19.271246, -19.2749977, -19.273077, -19.2727585, -19.2741528, -19.2747021, -19.2756195, -19.2773113, -19.2772808, -19.2775002
1554.5699999999963, -19.294569, -19.2939262, -19.2942257, -19.2959671, -19.2953148, -19.294384, -19.2942162, -19.2939072, -19.2920151, -19.2912502
1554.5799999999963, -19.2963715, -19.2958241, -19.2973442, -19.2956638, -19.2960796, -19.2960453, -19.2940731, -19.2966766, -19.2953835, -19.2957706
1554.5899999999963, -19.2899799, -19.2905884, -19.2952042, -19.2964478, -19.294611, -19.2945156, -19.2953224, -19.2956524, -19.2974377, -19.2985592
1554.5999999999963, -19.2751675, -19.2744255, -19.275774, -19.2757835, -19.2755489, -19.276413, -19.2777138, -19.2796192, -19.2792244, -19.2796249
1554.6099999999963, -19.2500896, -19.2500534, -19.251646, -19.2531071, -19.2527122, -19.2534218, -19.2530251, -19.2521648, -19.250536, -19.251915
1554.6199999999963, -19.2045956, -19.2049446, -19.2057438, -19.2073345, -19.2053604, -19.2044315, -19.2051964, -19.2040024, -19.203949, -19.202158
1554.6299999999962, -19.1608753, -19.1599979, -19.1596565, -19.1602097, -19.1595135, -19.1596622, -19.1623383, -19.1639118, -19.1628742, -19.1624088
1554.6399999999962, -19.1089077, -19.1078568, -19.1070881, -19.1041317, -19.1039066, -19.1059208, -19.1074772, -19.1083584, -19.1074772, -19.1087017
1554.6499999999962, -19.0611744, -19.0615215, -19.0617237, -19.0636883, -19.0647373, -19.0651321, -19.0653572, -19.0631905, -19.0619087, -19.0602207
1554.6599999999962, -19.0166664, -19.0171719, -19.0176945, -19.018219, -19.0179482, -19.0182056, -19.0178719, -19.0146236, -19.0131168, -19.0098591
1554.6699999999962, -18.9721565, -18.9725533, -18.973074, -18.9725227, -18.9714603, -18.9711914, -18.970356, -18.9727116, -18.9734802, -18.9745941
1554.6799999999962, -18.948328, -18.9487724, -18.9492855, -18.9492455, -18.9499435, -18.9506321, -18.9507236, -18.9502277, -18.950964, -18.9510574
1554.6899999999962, -18.9320602, -18.9324646, -18.9319782, -18.9328117, -18.9327488, -18.9331074, -18.9330845, -18.9323235, -18.9319096, -18.9322014
1554.6999999999962, -18.9306717, -18.9311962, -18.9300289, -18.9300976, -18.9314041, -18.931242, -18.9312763, -18.9321938, -18.9321842, -18.9314957
1554.7099999999962, -18.923254, -18.9234848, -18.9236012, -18.9241295, -18.9233284, -18.922327, -18.9218941, -18.9245415, -18.9256496, -18.9226665
1554.7199999999962, -18.940033, -18.9402065, -18.9411621, -18.9408646, -18.9409599, -18.9424725, -18.9427013, -18.94244, -18.9431686, -18.943573
1554.7299999999962, -18.9666748, -18.9686298, -18.9689636, -18.9684162, -18.9677238, -18.9678268, -18.9671707, -18.9686241, -18.970787, -18.9687538
1554.7399999999961, -18.9979038, -18.9968071, -18.9972954, -18.9977207, -18.9971981, -18.9973507, -18.9973373, -18.9970131, -18.9970379, -18.9969559
1554.7499999999961, -19.0272903, -19.0274029, -19.0287704, -19.0259953, -19.027626, -19.0284843, -19.0318375, -19.0310726, -19.0337543, -19.0346603
1554.7599999999961, -19.0474358, -19.0478668, -19.0484638, -19.0498562, -19.0483894, -19.0496826, -19.049509, -19.050333, -19.0505543, -19.0498123
1554.7699999999961, -19.0836353, -19.0847855, -19.0874214, -19.0885429, -19.0881004, -19.0883484, -19.0894737, -19.0899334, -19.0900478, -19.0898666
1554.779999999996, -19.1187687, -19.12043, -19.121788, -19.1227627, -19.1217918, -19.1214008, -19.1229343, -19.1233978, -19.1224556, -19.1205845
1554.789999999996, -19.1480255, -19.1490631, -19.1493778, -19.1478004, -19.1467266, -19.1470833, -19.1478882, -19.1487465, -19.1488914, -19.1489639
1554.799999999996, -19.1752777, -19.1763039, -19.1756058, -19.1761417, -19.1758041, -19.1759109, -19.1764088, -19.1763859, -19.1762772, -19.1776257
1554.809999999996, -19.1971283, -19.1965656, -19.1966286, -19.1971531, -19.1973095, -19.1975784, -19.197134, -19.1969395, -19.1974182, -19.1970921
1554.819999999996, -19.2122192, -19.2125626, -19.213129, -19.2127628, -19.2104816, -19.2101345, -19.2092552, -19.2081299, -19.2073154, -19.2077999
1554.829999999996, -19.2172203, -19.2181549, -19.2192059, -19.2203178, -19.2223015, -19.2231274, -19.2227478, -19.2212105, -19.2206421, -19.2225399
1554.839999999996, -19.2264175, -19.2278061, -19.2282963, -19.2273102, -19.228035, -19.2289352, -19.2265129, -19.2241058, -19.2271233, -19.227005
1554.849999999996, -19.2121449, -19.2115383, -19.2115746, -19.2116947, -19.2109051, -19.2101288, -19.2109146, -19.2111206, -19.2115841, -19.2105331
1554.859999999996, -19.1899529, -19.1880245, -19.1867409, -19.1851311, -19.1867714, -19.1875439, -19.1873302, -19.1859493, -19.1838551, -19.1833382
1554.869999999996, -19.1470928, -19.1474133, -19.1470451, -19.1459408, -19.1465912, -19.1460514, -19.1466064, -19.1470165, -19.1472778, -19.1469784
1554.879999999996, -19.1049404, -19.1038208, -19.103405, -19.1039715, -19.1035233, -19.1035728, -19.1041374, -19.1053905, -19.1044979, -19.1039104
1554.889999999996, -19.0575523, -19.058691, -19.0577202, -19.0578117, -19.0582733, -19.0575981, -19.0564938, -19.0545349, -19.0564728, -19.0568218
1554.899999999996, -19.0112953, -19.0106106, -19.0113335, -19.0118275, -19.0121002, -19.0129147, -19.0125599, -19.0127106, -19.0132561, -19.012373
1554.909999999996, -18.9807224, -18.9812145, -18.9814091, -18.9818954, -18.9830151, -18.9827766, -18.9825344, -18.9838314, -18.9834499, -18.9829311
1554.919999999996, -18.9649372, -18.9656029, -18.964695, -18.9645958, -18.9655285, -18.9662647, -18.9669838, -18.9658527, -18.967308, -18.9673004
1554.929999999996, -18.9608593, -18.9617767, -18.9623013, -18.9628448, -18.9615154, -18.9618378, -18.9614868, -18.9612751, -18.963829, -18.9643517
1554.939999999996, -18.9785938, -18.9792328, -18.9778042, -18.9767342, -18.9754829, -18.9740391, -18.9744072, -18.9754333, -18.9750042, -18.9747334
1554.949999999996, -19.015295, -19.015604, -19.0171375, -19.0135231, -19.0109367, -19.0129185, -19.0172539, -19.0191669, -19.0176544, -19.0173893
1554.959999999996, -19.0762615, -19.0766277, -19.0777988, -19.0774651, -19.0782547, -19.0783615, -19.0791283, -19.0794411, -19.0768356, -19.0757523
1554.969999999996, -19.1491585, -19.1486683, -19.1486435, -19.1485558, -19.1484127, -19.1466846, -19.1471939, -19.1467056, -19.1460876, -19.1464119
1554.979999999996, -19.2121201, -19.2123928, -19.2118874, -19.21278, -19.2130852, -19.2130337, -19.2107143, -19.2018909, -19.1926899, -19.1949844
1554.989999999996, -19.2706852, -19.2696915, -19.2665997, -19.2645531, -19.263649, -19.2640152, -19.2654476, -19.2651958, -19.265379, -19.2654381
1554.999999999996, -19.3081512, -19.307869, -19.3067188, -19.3076763, -19.3086853, -19.3087997, -19.3086853, -19.3095417, -19.3079872, -19.3087883
1555.009999999996, -19.3354454, -19.3362904, -19.3361778, -19.3357372, -19.335659, -19.336586, -19.3356705, -19.333889, -19.3381977, -19.3367672
1555.019999999996, -19.339262, -19.3400059, -19.3412266, -19.3401833, -19.3384552, -19.3366394, -19.3393993, -19.3388901, -19.3384991, -19.3390903
1555.0299999999959, -19.3110199, -19.3079166, -19.3067703, -19.3076859, -19.3080177, -19.3067589, -19.3074932, -19.3084965, -19.3101025, -19.3107414
1555.0399999999959, -19.2652283, -19.2646675, -19.2609749, -19.2587414, -19.2600117, -19.2611828, -19.2613182, -19.2613907, -19.2619228, -19.2624111
1555.0499999999959, -19.2057953, -19.2063713, -19.2057743, -19.2054176, -19.206646, -19.2075806, -19.2087669, -19.2101879, -19.2107277, -19.209692
1555.0599999999959, -19.1611137, -19.161869, -19.1614704, -19.1611595, -19.1613617, -19.1613121, -19.1616859, -19.1619625, -19.1621246, -19.1632652
1555.0699999999958, -19.1389275, -19.137701, -19.1353455, -19.135603, -19.1353951, -19.1341858, -19.1342926, -19.1357498, -19.135006, -19.134346
1555.0799999999958, -19.1558628, -19.1553173, -19.1543541, -19.1534405, -19.1543522, -19.1575222, -19.1590137, -19.1600647, -19.1614189, -19.1625423
1555.0899999999958, -19.2512455, -19.2512302, -19.2499428, -19.2495861, -19.250206, -19.2512264, -19.2497902, -19.2510395, -19.2509308, -19.2522526
1555.0999999999958, -19.410614, -19.4051285, -19.4076023, -19.4078274, -19.4106293, -19.4101028, -19.4091148, -19.4094315, -19.408186, -19.4083385
1555.1099999999958, -19.6405201, -19.6409225, -19.6420155, -19.642868, -19.6422501, -19.6394749, -19.6405659, -19.6396484, -19.6398144, -19.6390495
1555.1199999999958, -19.873785, -19.8736248, -19.8750916, -19.8748379, -19.8742428, -19.8730431, -19.8730507, -19.8727322, -19.8731136, -19.8723183
1555.1299999999958, -19.9936428, -19.9933319, -19.9952755, -19.9960213, -19.9965515, -19.996994, -19.9962044, -19.9962044, -19.9961319, -19.9974594
1555.1399999999958, -19.9670982, -19.96805, -19.9678268, -19.9673042, -19.967617, -19.9658585, -19.9652252, -19.965868, -19.9657211, -19.9644337
1555.1499999999958, -19.8940449, -19.8941002, -19.8962154, -19.8971519, -19.8969116, -19.896883, -19.8971481, -19.8974285, -19.8973999, -19.8959026
1555.1599999999958, -19.8672638, -19.8640423, -19.8645821, -19.8647175, -19.8641472, -19.8638687, -19.8641853, -19.8645229, -19.8640041, -19.8625565
1555.1699999999958, -19.8152523, -19.8137589, -19.8129406, -19.8080959, -19.8039284, -19.8036938, -19.8032818, -19.8026485, -19.8020973, -19.8016224
1555.1799999999957, -19.6622181, -19.6642303, -19.6654148, -19.6653214, -19.6655807, -19.6651363, -19.6670036, -19.668932, -19.6701298, -19.681284
1555.1899999999957, -19.473711, -19.4734974, -19.4739552, -19.4753036, -19.4766235, -19.4790249, -19.4792881, -19.4803734, -19.4778519, -19.474453
1555.1999999999957, -19.2847195, -19.2859173, -19.2857265, -19.2857304, -19.2851791, -19.2841072, -19.2837296, -19.2834873, -19.2823963, -19.28265
1555.2099999999957, -19.1624603, -19.1645985, -19.1657448, -19.1656837, -19.1650162, -19.1648483, -19.1648159, -19.1646824, -19.1659813, -19.1667671
1555.2199999999957, -19.1074696, -19.1097755, -19.1096554, -19.111311, -19.1131973, -19.1133404, -19.1141453, -19.1136417, -19.1154766, -19.1138268
1555.2299999999957, -19.103714, -19.1010208, -19.0999279, -19.0934658, -19.0916157, -19.0945492, -19.0941143, -19.093895, -19.0922413, -19.0921059
1555.2399999999957, -19.1192322, -19.1187687, -19.1184521, -19.120451, -19.1189613, -19.1220703, -19.1192074, -19.1177368, -19.1170902, -19.1183453
1555.2499999999957, -19.1615753, -19.1600475, -19.1603184, -19.1563587, -19.1529579, -19.1522102, -19.1528645, -19.1524811, -19.1512737, -19.1508255
1555.2599999999957, -19.1993389, -19.2012024, -19.2011433, -19.2034969, -19.2027779, -19.2022419, -19.2026119, -19.2061729, -19.2045879, -19.2033749
1555.2699999999957, -19.2371292, -19.2370777, -19.237072, -19.2382298, -19.2382011, -19.2374763, -19.2392311, -19.2400017, -19.24259, -19.24053
1555.2799999999957, -19.2557507, -19.2568874, -19.2574348, -19.2567177, -19.2563095, -19.2572842, -19.2583332, -19.2596703, -19.2589302, -19.258522
1555.2899999999956, -19.2491512, -19.2495708, -19.2495022, -19.2518196, -19.2509995, -19.2530003, -19.2523155, -19.2515411, -19.2533932, -19.2529259
1555.2999999999956, -19.2224598, -19.2214584, -19.2217274, -19.2221527, -19.2209663, -19.2201385, -19.2189655, -19.2187405, -19.2174969, -19.2184219
1555.3099999999956, -19.171196, -19.1719933, -19.1710911, -19.1700954, -19.1701679, -19.1687508, -19.1691589, -19.1691742, -19.1697884, -19.1706085
1555.3199999999956, -19.1132793, -19.1141834, -19.1135998, -19.1124325, -19.1119595, -19.113266, -19.1144352, -19.1131458, -19.1148224, -19.1145611
1555.3299999999956, -19.0475864, -19.0483398, -19.0486908, -19.0485325, -19.0498161, -19.0500946, -19.0490437, -19.0488167, -19.0483189, -19.0483303
1555.3399999999956, -18.9896164, -18.9904041, -18.9906979, -18.9926281, -18.992588, -18.9916096, -18.9928055, -18.9939957, -18.9937954, -18.9940548
1555.3499999999956, -18.9427319, -18.9421043, -18.9418049, -18.9409866, -18.9432163, -18.9403687, -18.9401741, -18.9397812, -18.9400349, -18.9400978
1555.3599999999956, -18.9292164, -18.9270096, -18.9294147, -18.9290752, -18.9301109, -18.9270344, -18.9266453, -18.9276581, -18.9270649, -18.9272442
1555.3699999999956, -18.938343, -18.9388218, -18.9373035, -18.9400845, -18.9422493, -18.9417629, -18.9411297, -18.9410248, -18.9416504, -18.9412956
1555.3799999999956, -18.967226, -18.9680691, -18.9716015, -18.9715366, -18.9703751, -18.9708309, -18.9706936, -18.9699173, -18.9699554, -18.9716473
1555.3899999999956, -19.0229301, -19.0220032, -19.0227375, -19.0215435, -19.0211563, -19.0209084, -19.020319, -19.0202847, -19.0206661, -19.0198879
1555.3999999999955, -19.073143, -19.0708427, -19.069313, -19.0698147, -19.0700302, -19.0723457, -19.0703411, -19.0693417, -19.0696507, -19.0694008
1555.4099999999955, -19.1280479, -19.1276588, -19.1262627, -19.1253071, -19.1246376, -19.1254539, -19.1309147, -19.1280785, -19.1271324, -19.1276951
