wavelength_nm ,power_reading_0_dbm ,power_reading_1_dbm ,power_reading_2_dbm ,power_reading_3_dbm ,power_reading_4_dbm ,power_reading_5_dbm ,power_reading_6_dbm ,power_reading_7_dbm ,power_reading_8_dbm ,power_reading_9_dbm 
1549.395, -49.7709541, -49.7750282, -49.7743568, -49.7755737, -49.7754898, -49.7771263, -49.7781754, -49.7786827, -49.7790184, -49.7812462
1549.405, -49.777462, -49.7777138, -49.7782211, -49.7778015, -49.7768326, -49.7775879, -49.7780533, -49.7798996, -49.7780533, -49.7824249
1549.415, -49.768898, -49.769989, -49.7700768, -49.7712898, -49.7696953, -49.7699051, -49.7703667, -49.7704506, -49.772213, -49.7710381
1549.425, -49.7623215, -49.7608566, -49.7614822, -49.7615242, -49.7600594, -49.7631607, -49.7620697, -49.7616501, -49.7636604, -49.7614822
1549.435, -49.7503624, -49.7490234, -49.7506523, -49.7496071, -49.7494431, -49.7517395, -49.7532043, -49.7505684, -49.7516556, -49.752491
1549.445, -49.7418518, -49.7410583, -49.7428093, -49.7410583, -49.7421837, -49.7430611, -49.7411423, -49.741642, -49.745018, -49.7429771
1549.455, -49.7325668, -49.7325249, -49.7339401, -49.7318573, -49.7337303, -49.7332306, -49.7312355, -49.7309036, -49.7319832, -49.7326508
1549.465, -49.7248802, -49.7223892, -49.7235947, -49.7245064, -49.7241325, -49.7243004, -49.7233047, -49.7240906, -49.7235527, -49.7212296
1549.475, -49.7166252, -49.7183266, -49.7179108, -49.7200661, -49.7177887, -49.7198601, -49.7202339, -49.7169991, -49.7196121, -49.7185745
1549.485, -49.709301, -49.7103348, -49.7102089, -49.7088432, -49.7078094, -49.7115326, -49.7115326, -49.7114105, -49.7107468, -49.7119904
1549.495, -49.6994667, -49.7005386, -49.7004166, -49.6993408, -49.7016945, -49.6993408, -49.6984329, -49.6998787, -49.7013245, -49.7027283
1549.5049999999999, -49.6873093, -49.6885834, -49.6872635, -49.6896133, -49.6875954, -49.6892395, -49.6898613, -49.6888695, -49.6894073, -49.6894913
1549.5149999999999, -49.6787529, -49.6805611, -49.6805191, -49.680439, -49.6797829, -49.680603, -49.6805191, -49.6803169, -49.681015, -49.6822891
1549.5249999999999, -49.6707916, -49.668869, -49.6702614, -49.6700554, -49.6721077, -49.6678429, -49.6700974, -49.6700554, -49.6714897, -49.6715698
1549.5349999999999, -49.66399, -49.664566, -49.6634598, -49.664444, -49.6645241, -49.6654663, -49.6639519, -49.6651382, -49.6647301, -49.6633759
1549.5449999999998, -49.6556091, -49.6542587, -49.6559372, -49.6568756, -49.6559753, -49.6563034, -49.6561813, -49.6545868, -49.6556511, -49.6563034
1549.5549999999998, -49.6455269, -49.6451225, -49.6454086, -49.6452827, -49.6445084, -49.6449585, -49.646347, -49.6472816, -49.6474457, -49.645977
1549.5649999999998, -49.6316109, -49.6337242, -49.6336021, -49.6340904, -49.6327896, -49.6344528, -49.6337242, -49.6351891, -49.6347809, -49.6343727
1549.5749999999998, -49.6246681, -49.6234512, -49.6269417, -49.6231651, -49.6243439, -49.6253967, -49.6249924, -49.625885, -49.626049, -49.6252747
1549.5849999999998, -49.6115417, -49.6140938, -49.6099663, -49.6123924, -49.6119041, -49.6136856, -49.6140518, -49.6140518, -49.615387, -49.6119881
1549.5949999999998, -49.6018448, -49.5996284, -49.6024132, -49.5993042, -49.6009178, -49.6024933, -49.6027336, -49.6025734, -49.6023712, -49.6006775
1549.6049999999998, -49.585495, -49.5875473, -49.5873833, -49.5866203, -49.5878258, -49.5864983, -49.5884285, -49.5883904, -49.5902786, -49.5876236
1549.6149999999998, -49.5676422, -49.5688019, -49.5676804, -49.5683212, -49.5685616, -49.5692825, -49.5697632, -49.5693207, -49.5698853, -49.5702057
1549.6249999999998, -49.5547676, -49.5544891, -49.5539284, -49.5560036, -49.5584412, -49.5560455, -49.5555649, -49.5549698, -49.5568047, -49.5564842
1549.6349999999998, -49.5372772, -49.5371208, -49.538353, -49.5371208, -49.5389481, -49.5380363, -49.5389099, -49.5392303, -49.5391884, -49.5389519
1549.6449999999998, -49.5191078, -49.5187111, -49.5194244, -49.5204926, -49.5197029, -49.5208511, -49.5188713, -49.5191078, -49.5199013, -49.5225563
1549.6549999999997, -49.4966393, -49.4938011, -49.493763, -49.4948273, -49.4958878, -49.4954948, -49.4950218, -49.4945488, -49.4968338, -49.4964027
1549.6649999999997, -49.4661026, -49.4658661, -49.4684868, -49.4680176, -49.4682541, -49.4716606, -49.4675102, -49.4697418, -49.4688797, -49.4685669
1549.6749999999997, -49.4267006, -49.4264259, -49.4256516, -49.4264679, -49.4272804, -49.4282494, -49.4279022, -49.427166, -49.4282875, -49.42976
1549.6849999999997, -49.3807411, -49.3809319, -49.3823891, -49.3807793, -49.3830414, -49.3840027, -49.3818512, -49.3834267, -49.3839226, -49.3823891
1549.6949999999997, -49.3116112, -49.3113098, -49.3118362, -49.3116493, -49.3113823, -49.3119125, -49.3125153, -49.3125153, -49.3143272, -49.3139496
1549.7049999999997, -49.2219162, -49.2206192, -49.2219887, -49.2221375, -49.2223587, -49.2227287, -49.222065, -49.2226181, -49.22332, -49.2232857
1549.7149999999997, -49.0822067, -49.0840683, -49.0829582, -49.0827789, -49.0847855, -49.0852509, -49.0849648, -49.0857887, -49.0853958, -49.0849991
1549.7249999999997, -48.9161758, -48.9172096, -48.9169006, -48.9175224, -48.9176941, -48.9180717, -48.9180031, -48.9190369, -48.9186592, -48.9210052
1549.7349999999997, -48.6765213, -48.6768456, -48.6759644, -48.6749229, -48.6743011, -48.6777916, -48.6781197, -48.6785088, -48.6784782, -48.6769447
1549.7449999999997, -48.3927307, -48.3927917, -48.3925171, -48.3937683, -48.3938599, -48.3941956, -48.3937988, -48.3952065, -48.3948708, -48.3954506
1549.7549999999997, -48.0679932, -48.0677376, -48.0679893, -48.0669708, -48.0671997, -48.0658684, -48.0694389, -48.0687561, -48.0684471, -48.068531
1549.7649999999996, -47.639679, -47.6404991, -47.639679, -47.6379814, -47.6397285, -47.6396523, -47.6380577, -47.6395226, -47.639164, -47.6382408
1549.7749999999996, -47.1832466, -47.1833382, -47.1828995, -47.1837082, -47.1825523, -47.184288, -47.1835022, -47.1834755, -47.1854897, -47.1856728
1549.7849999999996, -46.6060829, -46.6058617, -46.6083908, -46.605011, -46.6060829, -46.6067734, -46.6066513, -46.6079483, -46.6089592, -46.6078072
1549.7949999999996, -45.9354095, -45.9354095, -45.9355659, -45.937355, -45.9364319, -45.9375267, -45.9381866, -45.9376488, -45.9401665, -45.9398003
1549.8049999999996, -44.944561, -44.9418144, -44.940876, -44.94067, -44.9409447, -44.9409447, -44.9411125, -44.9435654, -44.944603, -44.946106
1549.8149999999996, -43.6183357, -43.6156273, -43.6150513, -43.615963, -43.6157188, -43.6155701, -43.6180191, -43.6175728, -43.6189651, -43.6201973
1549.8249999999996, -41.6672707, -41.6632118, -41.6628952, -41.6625633, -41.661274, -41.6612396, -41.661499, -41.6620331, -41.6647911, -41.6672668
1549.8349999999996, -39.3977547, -39.3973007, -39.3947868, -39.3967514, -39.3986816, -39.4032745, -39.4049568, -39.4129486, -39.41642, -39.4205704
1549.8449999999996, -36.5882225, -36.5817184, -36.5807381, -36.5770302, -36.5809441, -36.5868835, -36.5930862, -36.5902824, -36.5886154, -36.591774
1549.8549999999996, -33.8270264, -33.8216476, -33.8186417, -33.8151207, -33.815979, -33.8170738, -33.8165588, -33.8186913, -33.8237305, -33.8252487
1549.8649999999996, -30.718504, -30.7098427, -30.7155533, -30.7159462, -30.7184067, -30.7260113, -30.7252808, -30.7263279, -30.7286797, -30.7328606
1549.8749999999995, -27.9023285, -27.9188728, -27.9188633, -27.9162331, -27.9101601, -27.9147549, -27.916832, -27.9163246, -27.9194794, -27.9250526
1549.8849999999995, -24.9117146, -24.9084072, -24.9035835, -24.9055729, -24.9043102, -24.9087601, -24.9075356, -24.9064293, -24.9101257, -24.9127998
1549.8949999999995, -22.1530285, -22.1475906, -22.1438141, -22.1474342, -22.1472816, -22.1469383, -22.1458321, -22.1477642, -22.1455383, -22.1514378
1549.9049999999995, -19.2857323, -19.2807026, -19.2823696, -19.2834091, -19.2883339, -19.2903538, -19.2913704, -19.2942238, -19.2992725, -19.3008308
1549.9149999999995, -16.7725792, -16.766655, -16.7651615, -16.7630463, -16.7690926, -16.7676582, -16.7668076, -16.7722912, -16.7756729, -16.7766914
1549.9249999999995, -14.3846455, -14.3770151, -14.3700914, -14.370842, -14.3707056, -14.3694773, -14.3680573, -14.371913, -14.3733664, -14.3740625
1549.9349999999995, -12.0059624, -12.0045414, -12.0086813, -12.0082655, -12.008091, -12.0031157, -12.0040932, -12.0097828, -12.0095005, -12.0094995
1549.9449999999995, -9.89532948, -9.89582062, -9.89377022, -9.89314461, -9.8947258, -9.8924017, -9.89156437, -9.89209938, -9.89387989, -9.89658833
1549.9549999999995, -7.93433905, -7.92671394, -7.92363167, -7.93419027, -7.93373632, -7.92854452, -7.94636965, -7.93163252, -7.93544292, -7.94502497
1549.9649999999995, -6.37316656, -6.36479855, -6.3661375, -6.3549099, -6.3567276, -6.36058283, -6.35281992, -6.36681032, -6.36497688, -6.35597324
1549.9749999999995, -4.9196291, -4.91958904, -4.92154312, -4.91369772, -4.91862965, -4.92163658, -4.91406584, -4.91545868, -4.92420483, -4.91447163
1549.9849999999994, -3.78738809, -3.79096293, -3.7981441, -3.79196286, -3.79834247, -3.79637527, -3.79052663, -3.79166079, -3.80153084, -3.80257344
1549.9949999999994, -2.84879851, -2.84598827, -2.84129739, -2.83662844, -2.84029412, -2.83718133, -2.83180761, -2.83255982, -2.83339977, -2.83329988
1550.0049999999994, -2.13016129, -2.1263957, -2.12392974, -2.12666583, -2.12353373, -2.11778593, -2.12050366, -2.12270427, -2.12080741, -2.11864233
1550.0149999999994, -1.49782622, -1.4998982, -1.50157464, -1.50013101, -1.5034951, -1.50633204, -1.50603771, -1.50464988, -1.50562119, -1.50841665
1550.0249999999994, -1.08230031, -1.08289719, -1.08370399, -1.08216572, -1.08108974, -1.08181834, -1.08230031, -1.08187187, -1.08016407, -1.08084273
1550.0349999999994, -0.724200249, -0.723938584, -0.725545347, -0.72672081, -0.72662878, -0.726227462, -0.726222336, -0.727553725, -0.728929162, -0.728293002
1550.0449999999994, -0.473991424, -0.473017424, -0.472988963, -0.473564029, -0.474650651, -0.475933045, -0.476308227, -0.476016551, -0.476898402, -0.477806687
1550.0549999999994, -0.276372761, -0.275969207, -0.275103807, -0.274423271, -0.274447501, -0.274794906, -0.275084943, -0.274710059, -0.274112791, -0.274424076
1550.0649999999994, -0.131301075, -0.130882651, -0.131523073, -0.13283053, -0.133528322, -0.133779109, -0.132360354, -0.132024691, -0.132090881, -0.132600904
1550.0749999999994, -0.0252262913, -0.0247320272, -0.0243598428, -0.0222163256, -0.0221426394, -0.0227052197, -0.0234478153, -0.0240934324, -0.0233863089, -0.0211066063
1550.0849999999994, 0.0542455353, 0.0538076162, 0.0538051203, 0.0537312143, 0.0547143593, 0.0562492982, 0.0558500178, 0.0554671735, 0.0546354763, 0.0535044931
1550.0949999999993, 0.116853379, 0.11634741, 0.115943767, 0.115737014, 0.114735089, 0.115107819, 0.11616873, 0.116747074, 0.117288433, 0.11720822
1550.1049999999993, 0.174481109, 0.173809856, 0.173350796, 0.172288701, 0.171580657, 0.173079714, 0.173714653, 0.174105674, 0.173124403, 0.171934456
1550.1149999999993, 0.21887441, 0.220168844, 0.22044085, 0.220345214, 0.218883544, 0.21815373, 0.218416721, 0.220139518, 0.219193131, 0.218337879
1550.1249999999993, 0.253825217, 0.252931446, 0.253698856, 0.254366934, 0.255641311, 0.255513549, 0.255022526, 0.253292531, 0.252477825, 0.253867209
1550.1349999999993, 0.276785493, 0.27555576, 0.274737626, 0.277390271, 0.278004438, 0.277834177, 0.275629759, 0.275396317, 0.275874615, 0.276558727
1550.1449999999993, 0.297507137, 0.296563298, 0.297373056, 0.298287958, 0.298715591, 0.298864722, 0.299326748, 0.298767984, 0.297008097, 0.296692222
1550.1549999999993, 0.318705976, 0.317535967, 0.317437291, 0.316347808, 0.316529721, 0.315485626, 0.314715445, 0.314128995, 0.315033764, 0.31610477
1550.1649999999993, 0.342796743, 0.343036413, 0.344157517, 0.345172793, 0.344519496, 0.344912708, 0.344715625, 0.34518075, 0.344908029, 0.342470616
1550.1749999999993, 0.370530069, 0.370138228, 0.369855016, 0.370521694, 0.37141481, 0.37316522, 0.373229712, 0.371151179, 0.369718969, 0.370134979
1550.1849999999993, 0.394776314, 0.394395411, 0.39310202, 0.392939448, 0.39458701, 0.396472543, 0.397029042, 0.397564262, 0.396843106, 0.396033674
1550.1949999999993, 0.413836271, 0.413279623, 0.4125413, 0.41381377, 0.415625274, 0.415223241, 0.414212704, 0.413697928, 0.412375331, 0.412829101
1550.2049999999992, 0.434111089, 0.433452249, 0.431797832, 0.431565762, 0.430702329, 0.42965281, 0.430252701, 0.431302547, 0.431712687, 0.433044523
1550.2149999999992, 0.454235643, 0.454602659, 0.453477383, 0.452988207, 0.452052474, 0.451452851, 0.452400535, 0.454334021, 0.454099476, 0.452658862
1550.2249999999992, 0.478448719, 0.480334401, 0.48190254, 0.48227492, 0.481179416, 0.481236458, 0.479903907, 0.477799743, 0.476607054, 0.477518022
1550.2349999999992, 0.508048832, 0.508472502, 0.508199036, 0.506932318, 0.505436242, 0.504623353, 0.504466712, 0.505652666, 0.508130193, 0.508187771
1550.2449999999992, 0.530945897, 0.528741419, 0.528381109, 0.531490803, 0.532547772, 0.528746367, 0.529424012, 0.531952441, 0.532873809, 0.531799018
1550.2549999999992, 0.550570726, 0.546665609, 0.545233965, 0.546541214, 0.546183705, 0.545100152, 0.547078848, 0.547789752, 0.54655236, 0.545478284
1550.2649999999992, 0.508601546, 0.614212453, 0.625169098, 0.622801304, 0.415150642, 0.6114434, 0.62114954, 0.627286255, 0.378066003, 0.592410386
1550.2749999999992, 0.637517691, 0.649553537, 0.637364924, 0.349142462, 0.631794572, 0.645799637, 0.568921506, 0.539666474, 0.631985128, 0.64387852
1550.2849999999992, 0.649997532, 0.659267068, 0.395652443, 0.617152572, 0.662438631, 0.660181761, 0.600295663, 0.521533549, 0.658132315, 0.660156131
1550.2949999999992, 0.675987065, 0.690095067, 0.388966203, 0.620809495, 0.674395263, 0.678514659, 0.436997801, 0.653907478, 0.678014696, 0.686636806
1550.3049999999992, 0.679276109, 0.687159479, 0.704524577, 0.436177075, 0.639232159, 0.688853621, 0.709507406, 0.395031601, 0.678365469, 0.696123123
1550.3149999999991, 0.683712244, 0.69542104, 0.698857307, 0.701019704, 0.700764954, 0.70030719, 0.701383233, 0.700422049, 0.696369946, 0.694310367
1550.3249999999991, 0.717548311, 0.720273256, 0.721873999, 0.724766552, 0.725009561, 0.722694695, 0.721351206, 0.719970822, 0.719676554, 0.720199168
1550.3349999999991, 0.739868224, 0.739930511, 0.739939034, 0.740216613, 0.740271151, 0.740384996, 0.740168869, 0.739746749, 0.739791095, 0.73985076
1550.3449999999991, 0.739362955, 0.739450812, 0.739557803, 0.739435852, 0.739388943, 0.739266992, 0.738992333, 0.739120305, 0.739220083, 0.7392717
1550.354999999999, 0.739334404, 0.739374042, 0.739678085, 0.739777029, 0.73949343, 0.738953531, 0.73890835, 0.738927543, 0.739394963, 0.740021348
1550.364999999999, 0.73976934, 0.739757836, 0.739409864, 0.739619255, 0.739962935, 0.739835441, 0.739852488, 0.739875495, 0.739901066, 0.740154803
1550.374999999999, 0.741083324, 0.740966916, 0.740966916, 0.741182625, 0.741235018, 0.741126359, 0.741033018, 0.741025746, 0.741527855, 0.741076052
1550.384999999999, 0.742761195, 0.74251616, 0.742226422, 0.74183774, 0.742010772, 0.742446721, 0.742332101, 0.741940856, 0.742410064, 0.742350817
1550.394999999999, 0.747787178, 0.747656524, 0.747202814, 0.747068286, 0.747057617, 0.746763885, 0.745890677, 0.746903956, 0.746907771, 0.747162342
1550.404999999999, 0.747221529, 0.746856272, 0.746966124, 0.747199833, 0.747184515, 0.749053657, 0.750208676, 0.750903726, 0.750077248, 0.749445081
1550.414999999999, 0.754277647, 0.754373252, 0.754565775, 0.754241109, 0.754430234, 0.7543571, 0.754320562, 0.754507542, 0.752670944, 0.753999293
1550.424999999999, 0.758567393, 0.758737624, 0.758586884, 0.75861448, 0.759109914, 0.758852661, 0.758684158, 0.757896543, 0.758303702, 0.758392036
1550.434999999999, 0.762889385, 0.76293391, 0.762573361, 0.762377381, 0.762554705, 0.762762129, 0.762703598, 0.762916505, 0.76296699, 0.762507617
1550.444999999999, 0.766685843, 0.767193079, 0.766033173, 0.763422489, 0.763513207, 0.763789296, 0.763663352, 0.763685405, 0.763374984, 0.762586951
1550.454999999999, 0.766690493, 0.767174006, 0.767119765, 0.767093062, 0.767028213, 0.767578602, 0.767479479, 0.767035425, 0.767236292, 0.767210424
1550.464999999999, 0.770365953, 0.77069664, 0.770371914, 0.770716965, 0.77060473, 0.770561993, 0.770543337, 0.770525575, 0.770748258, 0.769753695
1550.474999999999, 0.772732973, 0.772679269, 0.772928953, 0.773031354, 0.773413837, 0.773147702, 0.772835433, 0.77353698, 0.774100065, 0.773984134
1550.484999999999, 0.776365697, 0.776435077, 0.776580513, 0.776558518, 0.7774387, 0.778374493, 0.778310716, 0.776904345, 0.775747955, 0.776267231
1550.494999999999, 0.777976811, 0.777962029, 0.777921021, 0.776524723, 0.775638819, 0.775936544, 0.775824487, 0.775828302, 0.775958955, 0.775726795
1550.504999999999, 0.774520576, 0.774487555, 0.775181234, 0.775072932, 0.772722006, 0.772454143, 0.7745713, 0.775276423, 0.774704993, 0.775122881
1550.514999999999, 0.773765445, 0.773773491, 0.773605943, 0.773707867, 0.773664296, 0.773245037, 0.773256838, 0.773399055, 0.773250103, 0.773511589
1550.524999999999, 0.768363178, 0.768334389, 0.768260717, 0.768298388, 0.767992139, 0.767271876, 0.767028213, 0.767165542, 0.766778231, 0.766966343
1550.534999999999, 0.759726286, 0.758487165, 0.759851038, 0.759850621, 0.75987184, 0.759517848, 0.76064086, 0.760508478, 0.757800579, 0.757544935
1550.544999999999, 0.7508412, 0.75131923, 0.749856055, 0.750472844, 0.750983238, 0.750165284, 0.748626411, 0.749207258, 0.748541772, 0.748149812
1550.554999999999, 0.739941597, 0.739936888, 0.740124524, 0.740259647, 0.740150928, 0.740286112, 0.740157306, 0.739162087, 0.73973012, 0.739962935
1550.564999999999, 0.720761061, 0.720840335, 0.721133232, 0.721001327, 0.721141815, 0.721818805, 0.721804202, 0.722036302, 0.721805096, 0.721553743
1550.574999999999, 0.6959306, 0.69604516, 0.695627809, 0.695555031, 0.695638597, 0.695790648, 0.695365489, 0.695085466, 0.695340037, 0.6955688
1550.584999999999, 0.657042027, 0.65745014, 0.657538772, 0.657654822, 0.65787077, 0.658001959, 0.65773344, 0.657942891, 0.657837272, 0.657879472
1550.594999999999, 0.607159197, 0.607502937, 0.607797921, 0.607242703, 0.607408881, 0.607548237, 0.608027816, 0.607763171, 0.607525826, 0.607313037
1550.6049999999989, 0.527625799, 0.527541161, 0.527392507, 0.527002931, 0.527233541, 0.527233124, 0.527431488, 0.527178466, 0.527488768, 0.527796388
1550.6149999999989, 0.412765652, 0.412560165, 0.412852556, 0.412948191, 0.412955076, 0.413085639, 0.412569344, 0.413138032, 0.413398236, 0.413406491
1550.6249999999989, 0.252862781, 0.253026366, 0.253132731, 0.252770722, 0.252837002, 0.252804101, 0.252896637, 0.253498554, 0.253002524, 0.253231466
1550.6349999999989, 0.0504871011, 0.049997326, 0.050049305, 0.0501162782, 0.0513225906, 0.0511477105, 0.0507534556, 0.0504386276, 0.0504356287, 0.0510102995
1550.6449999999988, -0.231927291, -0.232006758, -0.23157078, -0.232235819, -0.232660934, -0.233225584, -0.233197302, -0.23369801, -0.232756153, -0.232885763
1550.6549999999988, -0.585910738, -0.585900366, -0.58736217, -0.588044047, -0.587825239, -0.587650716, -0.58782953, -0.588157773, -0.588137507, -0.588775814
1550.6649999999988, -1.02275825, -1.0238589, -1.02410471, -1.0233252, -1.02582061, -1.02488649, -1.02425897, -1.0235728, -1.02333605, -1.02312267
1550.6749999999988, -1.54639077, -1.54630923, -1.54731441, -1.54844916, -1.54789245, -1.5492754, -1.54970884, -1.54938018, -1.54884708, -1.54877055
1550.6849999999988, -2.13285708, -2.13316274, -2.13148785, -2.13307023, -2.13275146, -2.13196278, -2.13213372, -2.1325171, -2.13316274, -2.13369584
1550.6949999999988, -2.83874989, -2.83914113, -2.83967686, -2.83781457, -2.83682919, -2.83719778, -2.83798981, -2.83642983, -2.83506894, -2.83557105
1550.7049999999988, -3.62282372, -3.62390399, -3.62422132, -3.62156224, -3.62388182, -3.6239326, -3.62464333, -3.6239121, -3.62344217, -3.62275314
1550.7149999999988, -4.6218648, -4.6359911, -4.63223124, -4.62931967, -4.62761259, -4.62701845, -4.62845421, -4.62807226, -4.62780666, -4.62541246
1550.7249999999988, -5.70705366, -5.70493364, -5.70603895, -5.70557737, -5.70596504, -5.70379686, -5.7009511, -5.70200109, -5.70115662, -5.70039797
1550.7349999999988, -6.94020796, -6.93900108, -6.94242191, -6.9458127, -6.95184612, -6.95304441, -6.95522261, -6.95329094, -6.95340776, -6.95302296
1550.7449999999988, -8.19251251, -8.19227505, -8.19013977, -8.19113731, -8.19199371, -8.19099045, -8.19104576, -8.19104195, -8.19243622, -8.18844604
1550.7549999999987, -9.4754591, -9.47657776, -9.4768877, -9.47820473, -9.48027611, -9.47948074, -9.47600079, -9.47700691, -9.47609329, -9.47656631
1550.7649999999987, -10.966217, -10.9633694, -10.9647379, -10.96488, -10.9657688, -10.9633055, -10.9628248, -10.9645205, -10.9641771, -10.9616432
1550.7749999999987, -12.4551601, -12.4549217, -12.4530697, -12.450489, -12.4474268, -12.4480553, -12.4485159, -12.4462843, -12.445693, -12.4461079
1550.7849999999987, -14.1465921, -14.1481133, -14.1591072, -14.1547947, -14.1538296, -14.1523294, -14.146657, -14.1452131, -14.1462736, -14.1460648
1550.7949999999987, -15.7228336, -15.720993, -15.7224779, -15.7214346, -15.718524, -15.720355, -15.7210569, -15.7221394, -15.7208624, -15.7206869
1550.8049999999987, -17.4412861, -17.4408112, -17.4424706, -17.4409695, -17.4400635, -17.4389954, -17.4368477, -17.4345474, -17.4342442, -17.433609
1550.8149999999987, -18.9614468, -18.9631977, -18.9631691, -18.9623413, -18.9616718, -18.9608955, -18.9605732, -18.9627361, -18.9637756, -18.9629383
1550.8249999999987, -20.6763268, -20.6784115, -20.6797504, -20.6800652, -20.682066, -20.6792183, -20.6789646, -20.6819973, -20.6816406, -20.6815014
1550.8349999999987, -22.2237244, -22.2234173, -22.2228279, -22.2239418, -22.2230682, -22.2255974, -22.2236881, -22.2238903, -22.2225494, -22.2236729
1550.8449999999987, -23.8294258, -23.8274765, -23.8298588, -23.8293419, -23.8286762, -23.8284473, -23.828764, -23.8256416, -23.8244324, -23.8228302
1550.8549999999987, -25.2174053, -25.2305698, -25.2267418, -25.2251492, -25.2256184, -25.2258053, -25.2241364, -25.2228184, -25.2229404, -25.2209415
1550.8649999999986, -26.6932373, -26.6945686, -26.6930389, -26.6909275, -26.6894474, -26.6879292, -26.6866207, -26.6853886, -26.6859818, -26.6837196
1550.8749999999986, -28.2058411, -28.2152519, -28.2366886, -28.2339058, -28.229948, -28.2528095, -28.2384586, -28.2271385, -28.2184677, -28.2375183
1550.8849999999986, -29.7137756, -29.7326221, -29.7350674, -29.7216549, -29.7384453, -29.7498074, -29.7614899, -29.7488079, -29.7364159, -29.7370453
1550.8949999999986, -31.1514721, -31.1459637, -31.1531849, -31.1594257, -31.1648712, -31.1451836, -31.1345215, -31.14217, -31.1641808, -31.1549664
1550.9049999999986, -32.5661697, -32.5558701, -32.5470924, -32.5488739, -32.5572929, -32.5707436, -32.5598793, -32.5451889, -32.5403137, -32.5377235
1550.9149999999986, -33.7695122, -33.7770653, -33.7854004, -33.803791, -33.803299, -33.7903404, -33.7819405, -33.7832985, -33.8051605, -33.8152122
1550.9249999999986, -34.9362106, -34.9802513, -34.9731178, -34.9618797, -34.9644585, -34.972271, -34.9820709, -34.9883919, -34.9870415, -34.9719696
1550.9349999999986, -36.2416763, -36.2264786, -36.2200546, -36.2241859, -36.2266541, -36.2429581, -36.2372704, -36.2216454, -36.2136078, -36.2075272
1550.9449999999986, -37.4330101, -37.4247284, -37.432785, -37.441433, -37.4478912, -37.4492073, -37.4465103, -37.4398689, -37.4289246, -37.4209175
1550.9549999999986, -38.4999428, -38.5078125, -38.5101318, -38.51437, -38.5027008, -38.4967575, -38.4887657, -38.483757, -38.4743805, -38.4682159
1550.9649999999986, -39.476757, -39.4758644, -39.4655838, -39.4605141, -39.4498749, -39.4447556, -39.4439697, -39.4482498, -39.4527779, -39.4565773
1550.9749999999985, -40.4391823, -40.4470291, -40.4452362, -40.4366608, -40.4264145, -40.4209976, -40.4180794, -40.416523, -40.418602, -40.4223404
1550.9849999999985, -41.2968178, -41.2977219, -41.3022385, -41.2999153, -41.2962799, -41.2908936, -41.2825661, -41.2757912, -41.2694702, -41.259655
1550.9949999999985, -42.1220284, -42.1253738, -42.129467, -42.1353569, -42.1435013, -42.1442909, -42.1502075, -42.1572876, -42.1614532, -42.1617317
1551.0049999999985, -42.9409714, -42.94841, -42.9502602, -42.9455872, -42.9369583, -42.9279823, -42.9248619, -42.9253464, -42.9329605, -42.9384613
1551.0149999999985, -43.6895714, -43.6799431, -43.6777153, -43.6787148, -43.6844139, -43.6878662, -43.6918373, -43.6942482, -43.6865654, -43.6764259
1551.0249999999985, -44.3115349, -44.3172073, -44.3219795, -44.3258095, -44.3293457, -44.3271751, -44.3233681, -44.3226738, -44.324707, -44.328228
1551.0349999999985, -44.9188995, -44.9218636, -44.928257, -44.9374275, -44.9455986, -44.9471855, -44.9433594, -44.9396744, -44.936203, -44.9352226
1551.0449999999985, -45.4359741, -45.4386673, -45.4411736, -45.4435577, -45.4404945, -45.4356346, -45.4316025, -45.4284363, -45.4273262, -45.4308434
1551.0549999999985, -45.9458656, -45.9399567, -45.9378738, -45.9310226, -45.9343185, -45.9360008, -45.9363823, -45.9324455, -45.9259796, -45.9236107
1551.0649999999985, -46.3404808, -46.34412, -46.3420601, -46.3375282, -46.3345795, -46.3345604, -46.3354721, -46.3374329, -46.3417587, -46.344101
1551.0749999999985, -46.7216072, -46.7231216, -46.7256203, -46.7275162, -46.7269135, -46.7224388, -46.7209167, -46.7192154, -46.7167397, -46.7186127
1551.0849999999984, -47.0140266, -47.0151138, -47.016449, -47.0205231, -47.0220184, -47.0248032, -47.0249138, -47.0270081, -47.0244217, -47.0225296
1551.0949999999984, -47.2985001, -47.3016815, -47.3057251, -47.3097, -47.3122444, -47.3123169, -47.3117943, -47.3099098, -47.307579, -47.3073654
1551.1049999999984, -47.5560379, -47.5532913, -47.5535431, -47.5551796, -47.5582542, -47.5583038, -47.5559387, -47.5538979, -47.5563889, -47.55896
1551.1149999999984, -47.7868271, -47.7898026, -47.7928886, -47.794857, -47.7937927, -47.7936325, -47.7923012, -47.7925415, -47.7945633, -47.7965622
1551.1249999999984, -48.0182724, -48.0171547, -48.0141296, -48.0144386, -48.014019, -48.0131493, -48.0136833, -48.0129547, -48.0138206, -48.013176
1551.1349999999984, -48.2074623, -48.2048874, -48.2037773, -48.2048912, -48.204567, -48.2022285, -48.2005615, -48.1988945, -48.2004738, -48.2024307
1551.1449999999984, -48.374897, -48.3762054, -48.3781548, -48.3787003, -48.3788834, -48.3797684, -48.3788528, -48.3809242, -48.3795547, -48.3820534
1551.1549999999984, -48.8239822, -48.8088264, -48.7759705, -48.7887993, -48.7712021, -48.8663597, -48.7782402, -48.7748375, -48.7606812, -48.8225632
1551.1649999999984, -48.9308472, -48.9444923, -48.9180717, -48.9730263, -48.944458, -48.9383583, -48.9085693, -48.9548073, -48.9461212, -48.9347916
1551.1749999999984, -49.045948, -49.0550117, -49.0496063, -49.0130882, -49.0441704, -49.0489655, -49.0099144, -49.0550804, -49.0414772, -49.0484695
1551.1849999999984, -49.152298, -49.1613693, -49.0960846, -49.1453552, -49.1547394, -49.1555367, -49.1274834, -49.1458282, -49.1509895, -49.1637039
1551.1949999999983, -49.2305756, -49.2132721, -49.225502, -49.1438293, -49.2285767, -49.2428932, -49.2352486, -49.1677895, -49.2140121, -49.2306137
1551.2049999999983, -49.1034203, -49.1066933, -49.1075554, -49.1067657, -49.1051102, -49.105938, -49.1047859, -49.1055794, -49.1037788, -49.1056137
1551.2149999999983, -49.1667671, -49.1683769, -49.1694336, -49.1710434, -49.1735992, -49.1735649, -49.1735611, -49.175354, -49.1771469, -49.177002
1551.2249999999983, -49.2656174, -49.2652435, -49.2678185, -49.2675247, -49.2678947, -49.2680435, -49.2665901, -49.2651291, -49.2669258, -49.2668495
1551.2349999999983, -49.35112, -49.3528709, -49.3505859, -49.3537102, -49.3543587, -49.3526421, -49.3519974, -49.3510056, -49.3522263, -49.3521461
1551.2449999999983, -49.4484978, -49.4476814, -49.4486122, -49.449276, -49.4494667, -49.4491577, -49.4496269, -49.4491196, -49.4507179, -49.4498215
1551.2549999999983, -49.533783, -49.5333443, -49.5357285, -49.5354919, -49.5372391, -49.5362854, -49.5363274, -49.5381546, -49.5375977, -49.5374794
1551.2649999999983, -49.6295357, -49.628685, -49.6285629, -49.6279945, -49.6313667, -49.6312447, -49.6307144, -49.6315269, -49.6323395, -49.6331558
1551.2749999999983, -49.7094231, -49.709095, -49.7105827, -49.7116585, -49.7107887, -49.7102509, -49.71315, -49.7121964, -49.7150955, -49.7130661
1551.2849999999983, -49.7878113, -49.788105, -49.7902565, -49.790844, -49.7900887, -49.7895813, -49.7893677, -49.7928276, -49.7923622, -49.7918129
1551.2949999999983, -49.8554344, -49.8568878, -49.8572693, -49.8575706, -49.8565865, -49.8597527, -49.8589401, -49.859623, -49.8592834, -49.8587685
1551.3049999999982, -49.922123, -49.922081, -49.9213409, -49.9237747, -49.9224281, -49.9237747, -49.9232979, -49.9243393, -49.924427, -49.9251633
1551.3149999999982, -49.9789696, -49.9781342, -49.9765053, -49.9762001, -49.9757576, -49.9747009, -49.9757576, -49.9763718, -49.9759331, -49.9776917
1551.3249999999982, -50.0235672, -50.0229454, -50.0236549, -50.024231, -50.0237427, -50.024189, -50.0252571, -50.0262337, -50.0233879, -50.0234756
1551.3349999999982, -50.0620232, -50.0618439, -50.062294, -50.0612144, -50.061348, -50.0604095, -50.0614395, -50.0623817, -50.0626526, -50.0616188
1551.3449999999982, -50.0965271, -50.0950813, -50.0980186, -50.0955772, -50.0943565, -50.094265, -50.0952606, -50.0941315, -50.0953979, -50.0950356
1551.3549999999982, -50.1223793, -50.1210136, -50.1223793, -50.1200142, -50.1188774, -50.1203346, -50.1202431, -50.1206512, -50.1207886, -50.1213341
1551.3649999999982, -50.1439972, -50.1424904, -50.1416664, -50.1412125, -50.1410751, -50.1426277, -50.1413002, -50.1448212, -50.1419411, -50.141304
1551.3749999999982, -50.1588364, -50.1584244, -50.157692, -50.1574593, -50.1572762, -50.155304, -50.1567268, -50.1569557, -50.1570015, -50.1578751
1551.3849999999982, -50.1701355, -50.1681137, -50.1705055, -50.1697693, -50.169445, -50.1697693, -50.1714706, -50.1671486, -50.1697235, -50.1690788
1551.3949999999982, -50.1794395, -50.1784248, -50.176857, -50.1786995, -50.1783295, -50.1798096, -50.1770401, -50.1794357, -50.1778717, -50.1750145
