wavelength_nm ,power_reading_0_dbm ,power_reading_1_dbm ,power_reading_2_dbm ,power_reading_3_dbm ,power_reading_4_dbm ,power_reading_5_dbm ,power_reading_6_dbm ,power_reading_7_dbm ,power_reading_8_dbm ,power_reading_9_dbm 
1531.3, -2.518255, -2.51874256, -2.51891327, -2.51873493, -2.51856565, -2.51902294, -2.51859593, -2.51890659, -2.51918459, -2.51896024
1531.3999999999999, -2.51689792, -2.51693654, -2.51679683, -2.51688147, -2.51684284, -2.51679707, -2.51643968, -2.51668739, -2.51640105, -2.51633143
1531.5, -2.50946021, -2.50967646, -2.50929022, -2.50936699, -2.50934434, -2.50894928, -2.50969982, -2.50940609, -2.50957561, -2.50939751
1531.6, -2.50263071, -2.50213599, -2.5017488, -2.50154018, -2.50206494, -2.50194931, -2.50164843, -2.50160265, -2.50171685, -2.50168753
1531.7, -2.49715185, -2.49702787, -2.49684238, -2.49692726, -2.49665022, -2.49701214, -2.49664211, -2.49692106, -2.4969511, -2.49732184
1531.8, -2.49189949, -2.49216866, -2.49217677, -2.49211383, -2.4921844, -2.49208379, -2.49216819, -2.49230051, -2.49197531, -2.49170566
1531.8999999999999, -2.49895191, -2.49903727, -2.49960899, -2.49911284, -2.49919105, -2.49919105, -2.49942255, -2.49922895, -2.49884367, -2.49940872
1532.0, -2.50947499, -2.50884175, -2.50891018, -2.50926638, -2.50883365, -2.50915027, -2.50887322, -2.50920463, -2.50959897, -2.50923586
1532.1, -2.51391315, -2.5138495, -2.51402903, -2.51407552, -2.51408315, -2.51375079, -2.51405978, -2.51377249, -2.51386619, -2.51387429
1532.2, -2.51095486, -2.51094675, -2.51109266, -2.51115537, -2.51071358, -2.51080871, -2.51088452, -2.51119375, -2.51088405, -2.51112413
1532.3, -2.50571489, -2.50549793, -2.50591516, -2.5056293, -2.50554371, -2.50556684, -2.505615, -2.50580001, -2.50551939, -2.50586104
1532.3999999999999, -2.49362636, -2.49371982, -2.49400473, -2.49350333, -2.4934032, -2.4936049, -2.49377322, -2.4939208, -2.49346471, -2.49393535
1532.5, -2.480757, -2.48039627, -2.48028779, -2.48061943, -2.48061132, -2.48063421, -2.48071122, -2.48063469, -2.48043466, -2.4804728
1532.6, -2.47558498, -2.47556973, -2.47539186, -2.47576284, -2.47579908, -2.47582316, -2.47535419, -2.47538519, -2.47556925, -2.47558498
1532.7, -2.47819757, -2.47835064, -2.47814488, -2.47818255, -2.47808266, -2.47779822, -2.47835231, -2.47784424, -2.47746158, -2.47773695
1532.8, -2.49006462, -2.49034142, -2.49015808, -2.49021888, -2.49031138, -2.4903338, -2.49012566, -2.4898634, -2.49021816, -2.48992515
1532.8999999999999, -2.50131655, -2.50150919, -2.50140166, -2.50143218, -2.50157833, -2.50177121, -2.50215769, -2.50225878, -2.50222015, -2.5021739
1533.0, -2.50652695, -2.50631094, -2.50640273, -2.50601697, -2.50590086, -2.50637174, -2.50601602, -2.50600147, -2.50612402, -2.50588417
1533.1, -2.50362682, -2.50321007, -2.50369477, -2.50370407, -2.50374246, -2.50352597, -2.50295424, -2.5030086, -2.50271535, -2.50263786
1533.2, -2.49294853, -2.49281669, -2.49245548, -2.49248648, -2.49283195, -2.49255586, -2.49244642, -2.49264789, -2.49289441, -2.49247789
1533.3, -2.48171115, -2.48158813, -2.48168778, -2.48134136, -2.48179531, -2.48140359, -2.48161006, -2.48176408, -2.48157191, -2.48149633
1533.3999999999999, -2.47041917, -2.47064233, -2.47090316, -2.47116303, -2.47068882, -2.47094822, -2.47047281, -2.47068763, -2.47103405, -2.47090983
1533.5, -2.46616173, -2.46607876, -2.46595573, -2.46588707, -2.4661479, -2.46611714, -2.46571946, -2.46620917, -2.46597981, -2.46614051
1533.6, -2.47520018, -2.47473168, -2.47494841, -2.47507, -2.47517776, -2.47535419, -2.4754777, -2.47516203, -2.47482467, -2.47507668
1533.7, -2.48422003, -2.48411918, -2.48351192, -2.48392677, -2.48388863, -2.48391151, -2.48402834, -2.48441935, -2.48416543, -2.48447347
1533.8, -2.48897004, -2.48906231, -2.48957086, -2.49006367, -2.48988032, -2.48965526, -2.48943233, -2.48954844, -2.48936248, -2.48910141
1533.8999999999999, -2.48947811, -2.48959374, -2.48978615, -2.48981833, -2.48973989, -2.48953319, -2.48927951, -2.48918533, -2.48909283, -2.48908663
1534.0, -2.48592067, -2.48537397, -2.48539066, -2.48552823, -2.48552847, -2.48554325, -2.48546767, -2.48524284, -2.48554325, -2.48492026
1534.1, -2.47752953, -2.47755194, -2.47707653, -2.47775316, -2.47792125, -2.47841334, -2.47839808, -2.47855139, -2.4782908, -2.47831345
1534.2, -2.46982932, -2.47024274, -2.47002864, -2.46982908, -2.46981478, -2.47013521, -2.46956015, -2.4696219, -2.46972084, -2.47165489
1534.3, -2.46689868, -2.46684432, -2.46653867, -2.46691442, -2.46728253, -2.46711373, -2.46656942, -2.46669078, -2.46659231, -2.46657038
1534.3999999999999, -2.46587133, -2.46601772, -2.46569562, -2.46558785, -2.46596336, -2.46646953, -2.46638536, -2.46600223, -2.46627069, -2.46669126
1534.5, -2.47453904, -2.47455597, -2.47469378, -2.47466993, -2.47483277, -2.47502351, -2.47479391, -2.4750936, -2.47547674, -2.47589302
1534.6, -2.47793651, -2.47828221, -2.47834396, -2.47857475, -2.47853661, -2.4784205, -2.47763681, -2.47794461, -2.47836685, -2.47772884
1534.7, -2.47150207, -2.47155428, -2.47155523, -2.4714632, -2.47125649, -2.47137165, -2.47126365, -2.4710319, -2.47104979, -2.47091842
1534.8, -2.46722126, -2.46712089, -2.46686792, -2.46703529, -2.46723604, -2.46712899, -2.46712089, -2.46722031, -2.46722078, -2.46755648
1534.8999999999999, -2.46177459, -2.46110702, -2.46175766, -2.46170449, -2.46189618, -2.46134543, -2.46120644, -2.46153784, -2.46114635, -2.46123791
1535.0, -2.45928645, -2.45964599, -2.45979071, -2.45939255, -2.45946121, -2.45947719, -2.45961618, -2.45946908, -2.45913243, -2.45936179
1535.1, -2.46122909, -2.4605639, -2.46088552, -2.46046495, -2.46051764, -2.4607935, -2.46041036, -2.46049547, -2.46091557, -2.46038842
1535.2, -2.46344399, -2.46352148, -2.46331334, -2.46349621, -2.46334505, -2.46322823, -2.46288466, -2.46305346, -2.46327543, -2.46329117
1535.3, -2.47002769, -2.46973658, -2.46974421, -2.46983624, -2.47001338, -2.46984363, -2.47030449, -2.47005987, -2.46982813, -2.46996689
1535.3999999999999, -2.4745636, -2.47437096, -2.47438669, -2.47501731, -2.47441745, -2.47460914, -2.47454882, -2.47456408, -2.47473979, -2.47448683
1535.5, -2.46848583, -2.46855545, -2.46844077, -2.4680562, -2.46859264, -2.46800923, -2.4683249, -2.46825552, -2.46850276, -2.46860099
1535.6, -2.45584369, -2.45598149, -2.45644712, -2.45650172, -2.45675278, -2.4566927, -2.45621872, -2.45647073, -2.45653915, -2.45612836
1535.7, -2.44329977, -2.44334579, -2.44317722, -2.44344473, -2.44368792, -2.44364309, -2.44338226, -2.44309354, -2.44374919, -2.4434514
1535.8, -2.43817091, -2.43798041, -2.43771434, -2.43784332, -2.43701386, -2.43745518, -2.4372952, -2.43711233, -2.43747067, -2.43759203
1535.8999999999999, -2.43728781, -2.43719649, -2.4377296, -2.43766069, -2.43773699, -2.43767595, -2.43753195, -2.43747878, -2.43785882, -2.43808722
1536.0, -2.44573951, -2.44558597, -2.44526577, -2.44542742, -2.445786, -2.44590116, -2.44615149, -2.4458549, -2.44579363, -2.44622111
1536.1, -2.45589042, -2.4556675, -2.45593619, -2.45553875, -2.45601177, -2.45593524, -2.45551515, -2.45550776, -2.45550823, -2.4556911
1536.2, -2.46018124, -2.46028781, -2.46035671, -2.46043468, -2.46014357, -2.45993543, -2.46015859, -2.46045566, -2.46046376, -2.46011233
1536.3, -2.45953774, -2.45927095, -2.45946193, -2.45921612, -2.45925498, -2.45936179, -2.45949149, -2.45962811, -2.45988154, -2.45947719
1536.3999999999999, -2.4488225, -2.44860959, -2.44876909, -2.44883847, -2.44845653, -2.44825077, -2.44848037, -2.44846487, -2.44850349, -2.44869375
1536.5, -2.43152833, -2.43151975, -2.43212867, -2.4316721, -2.43187785, -2.43219066, -2.43171, -2.43164277, -2.43147469, -2.43133807
1536.6, -2.4191668, -2.41941619, -2.41919637, -2.4193027, -2.41967463, -2.41913581, -2.41902161, -2.41928029, -2.41965127, -2.41912889
1536.7, -2.41002369, -2.40962958, -2.40959215, -2.40997028, -2.40999293, -2.40982723, -2.4098115, -2.40997124, -2.40989518, -2.40972161
1536.8, -2.41285539, -2.41291571, -2.41312909, -2.4129982, -2.41342258, -2.41307569, -2.41359735, -2.41326332, -2.41341591, -2.41317439
1536.8999999999999, -2.42252636, -2.42232823, -2.42260146, -2.42223811, -2.42232108, -2.42231441, -2.4222765, -2.42256355, -2.42269325, -2.42252636
1537.0, -2.4318924, -2.43145871, -2.43115401, -2.43136096, -2.43142962, -2.43165708, -2.43129325, -2.43122387, -2.43152857, -2.43177152
1537.1, -2.43535304, -2.43480659, -2.43563628, -2.43557501, -2.4358263, -2.43584919, -2.43569684, -2.43535304, -2.43571186, -2.43556786
1537.2, -2.42892742, -2.42904162, -2.42894959, -2.42961216, -2.42971706, -2.42969584, -2.42997527, -2.43030357, -2.43003774, -2.42945075
1537.3, -2.41827154, -2.41855168, -2.41875696, -2.41860557, -2.41841531, -2.41858268, -2.41888618, -2.41907597, -2.41888523, -2.41868091
1537.3999999999999, -2.40827513, -2.40807796, -2.40797305, -2.40806389, -2.40775394, -2.40794277, -2.40781379, -2.40807223, -2.40803432, -2.40830684
1537.5, -2.4008317, -2.40108156, -2.40072703, -2.40079474, -2.40050697, -2.400455, -2.40028071, -2.40034962, -2.40089273, -2.40044904
1537.6, -2.39765501, -2.39763236, -2.39756513, -2.39744401, -2.39762616, -2.39760995, -2.39776802, -2.39736152, -2.39756417, -2.39767718
1537.7, -2.40037251, -2.40070415, -2.40053773, -2.40006232, -2.40077353, -2.40075684, -2.40056062, -2.40042377, -2.40031147, -2.40037203
1537.8, -2.40719461, -2.40723991, -2.4075501, -2.40729284, -2.40718007, -2.40758848, -2.40717936, -2.40718627, -2.40721011, -2.407233
1537.8999999999999, -2.41077304, -2.41078162, -2.4116056, -2.41196227, -2.41167378, -2.41148448, -2.41152191, -2.41181874, -2.41194749, -2.41216683
1538.0, -2.41192412, -2.41214204, -2.4121654, -2.41194701, -2.41213584, -2.41206908, -2.41166639, -2.41218185, -2.41227174, -2.41221881
1538.1, -2.40543365, -2.40492678, -2.4052453, -2.40514636, -2.40541863, -2.40530515, -2.40555453, -2.40535879, -2.40533495, -2.40497208
1538.2, -2.39623809, -2.39610934, -2.39598966, -2.39593697, -2.395854, -2.3958168, -2.39570117, -2.39602661, -2.39627481, -2.39615417
1538.3, -2.3959291, -2.3955214, -2.39531016, -2.39515138, -2.39556527, -2.39526415, -2.39531732, -2.39538574, -2.39552927, -2.39539313
1538.3999999999999, -2.39874887, -2.3986814, -2.39860487, -2.39849162, -2.39813066, -2.39846134, -2.3980248, -2.3979423, -2.39803195, -2.39742947
1538.5, -2.4019351, -2.40189099, -2.40213895, -2.40186834, -2.40195799, -2.40201902, -2.40197992, -2.4020195, -2.40205503, -2.40185237
1538.6, -2.4092896, -2.40933418, -2.40937376, -2.40921402, -2.40943456, -2.40950894, -2.40939569, -2.40979695, -2.409199, -2.40922928
1538.7, -2.40734553, -2.4076941, -2.40794325, -2.408041, -2.40789795, -2.40798807, -2.40759587, -2.40791202, -2.4079349, -2.40763259
1538.8, -2.39989662, -2.399858, -2.40018272, -2.39991117, -2.39991117, -2.39991832, -2.39976048, -2.39971519, -2.39976788, -2.39991117
1538.8999999999999, -2.39212871, -2.39207554, -2.39203882, -2.39180446, -2.39179587, -2.39196277, -2.39162469, -2.39186502, -2.39173007, -2.39178252
1539.0, -2.38436031, -2.38484764, -2.38478756, -2.38514233, -2.38541269, -2.38462162, -2.38515615, -2.38551092, -2.38487864, -2.38511896
1539.1, -2.38346434, -2.38290787, -2.38350201, -2.38361454, -2.38362932, -2.38323069, -2.38348675, -2.38320136, -2.38326263, -2.38344955
1539.2, -2.38515759, -2.38487029, -2.38427639, -2.38384819, -2.38387847, -2.38414097, -2.38420892, -2.3840282, -2.38396025, -2.38383293
1539.3, -2.3918643, -2.3913753, -2.39120173, -2.39166856, -2.39152527, -2.391186, -2.39122415, -2.39142752, -2.39135289, -2.39145827
1539.3999999999999, -2.40210915, -2.40223074, -2.40203357, -2.40202594, -2.40161872, -2.40164137, -2.40173817, -2.40155745, -2.40141439, -2.40166259
1539.5, -2.40729189, -2.40754318, -2.40792084, -2.40751147, -2.40765548, -2.40761089, -2.40792727, -2.40784597, -2.4073298, -2.40765619
1539.6, -2.40408039, -2.40414858, -2.40410328, -2.40447354, -2.40414977, -2.40413404, -2.40405083, -2.40452719, -2.40430069, -2.40408111
1539.7, -2.38675976, -2.38671589, -2.38657856, -2.38682032, -2.38686538, -2.38668442, -2.3869555, -2.38715959, -2.3872416, -2.38691926
1539.8, -2.37108302, -2.37083435, -2.37050533, -2.37063193, -2.37063193, -2.37112093, -2.37095428, -2.37065458, -2.37057304, -2.37043715
1539.8999999999999, -2.36110568, -2.36064887, -2.36116576, -2.36044788, -2.36029768, -2.36056828, -2.36031365, -2.36036563, -2.360291, -2.36022282
1540.0, -2.36048532, -2.36064935, -2.36079216, -2.36055326, -2.36063504, -2.36093283, -2.36097097, -2.36028981, -2.36099362, -2.36035037
1540.1, -2.366153, -2.36569476, -2.36531997, -2.3651619, -2.36507249, -2.36539507, -2.36551523, -2.36525249, -2.36555362, -2.36564946
1540.2, -2.37161589, -2.37159324, -2.37129998, -2.37139034, -2.37126946, -2.3709321, -2.37090945, -2.37115717, -2.37116504, -2.37135983
1540.3, -2.37861609, -2.37830877, -2.37804651, -2.37822032, -2.37803817, -2.37821078, -2.37767744, -2.37835455, -2.37820339, -2.3785491
1540.4, -2.37980556, -2.37939858, -2.37909722, -2.37932372, -2.38003731, -2.37990236, -2.37967014, -2.37949681, -2.37958694, -2.37933087
1540.5, -2.37171936, -2.37166667, -2.37167478, -2.37187028, -2.37178779, -2.37143517, -2.37214065, -2.37184763, -2.37287569, -2.37291241
1540.6, -2.35663486, -2.35666513, -2.35627675, -2.35685134, -2.35666466, -2.35683703, -2.35672522, -2.35687399, -2.35685825, -2.35654593
1540.7, -2.34011936, -2.33989716, -2.33988023, -2.33974719, -2.34004498, -2.34002233, -2.33930063, -2.33955407, -2.33961344, -2.3397243
1540.8, -2.32924795, -2.3289001, -2.32915974, -2.32925606, -2.32915163, -2.32889175, -2.32876706, -2.32909369, -2.32906389, -2.3287077
1540.9, -2.32997751, -2.33020663, -2.33006573, -2.33059359, -2.33029652, -2.33028102, -2.33017731, -2.3301034, -2.33054876, -2.33049631
1541.0, -2.33236885, -2.33184791, -2.33185577, -2.33209372, -2.33187103, -2.33227229, -2.33224249, -2.332057, -2.33238435, -2.33221269
1541.1, -2.33686757, -2.33718824, -2.33696485, -2.33748579, -2.33762622, -2.33737373, -2.3375001, -2.3378582, -2.33777499, -2.33777595
1541.2, -2.34083486, -2.34053636, -2.34096789, -2.34111047, -2.34093976, -2.34119844, -2.34108043, -2.34090853, -2.3409245, -2.34108877
1541.3, -2.33599043, -2.3352685, -2.33566308, -2.33588648, -2.33547711, -2.33523893, -2.33509755, -2.33555841, -2.33562589, -2.3355217
1541.4, -2.32650185, -2.32617521, -2.32630086, -2.32610822, -2.32629275, -2.32608628, -2.32615328, -2.32619023, -2.32650948, -2.32617521
1541.5, -2.3159008, -2.31582665, -2.31636786, -2.31780434, -2.31614518, -2.31621981, -2.31674552, -2.31701922, -2.31682682, -2.31698251
1541.6, -2.31390333, -2.31348825, -2.31348777, -2.31344986, -2.31354618, -2.31345034, -2.31365776, -2.31376195, -2.31389427, -2.31406403
1541.7, -2.3137095, -2.31422758, -2.31459069, -2.31433845, -2.31418276, -2.31433058, -2.31415439, -2.31453085, -2.31456113, -2.31446314
1541.8, -2.31691575, -2.31730914, -2.31716037, -2.3174932, -2.31718946, -2.31692266, -2.31665635, -2.3130877, -2.31225204, -2.3120892
1541.9, -2.31915951, -2.31934571, -2.31889987, -2.319175, -2.31876755, -2.31878233, -2.3192203, -2.31902719, -2.31888652, -2.31885648
1542.0, -2.31703377, -2.31734586, -2.31667876, -2.31683373, -2.31713128, -2.31763506, -2.31735921, -2.31750011, -2.31776834, -2.31817484
1542.1, -2.31361389, -2.3134141, -2.31355524, -2.31370211, -2.31353951, -2.31362844, -2.31325746, -2.31341362, -2.31328106, -2.31288147
1542.2, -2.3015244, -2.30622029, -2.3065083, -2.30616879, -2.30655313, -2.30608654, -2.30608749, -2.30638337, -2.30615401, -2.30608702
1542.3, -2.29965782, -2.29986382, -2.29967976, -2.29946637, -2.29987931, -2.29991508, -2.29981327, -2.29950881, -2.2954247, -2.29959035
1542.4, -2.29765797, -2.29701638, -2.29736304, -2.2979176, -2.29768801, -2.29791617, -2.29776859, -2.29720044, -2.29757047, -2.29756999
1542.5, -2.30146456, -2.30162787, -2.30111814, -2.3014586, -2.30146551, -2.30137658, -2.30136204, -2.30154586, -2.3018558, -2.30153084
1542.6, -2.30652332, -2.30665636, -2.30642033, -2.30657554, -2.30602121, -2.30634499, -2.30610156, -2.30601215, -2.30602002, -2.30613041
1542.7, -2.31513834, -2.31449389, -2.31438279, -2.31423545, -2.31420612, -2.31427193, -2.31407261, -2.31396103, -2.313977, -2.31380463
1542.8, -2.31629419, -2.31604123, -2.31637573, -2.31653762, -2.31634378, -2.31662655, -2.31588531, -2.31582665, -2.31615949, -2.31582022
1542.9, -2.31046867, -2.31052113, -2.31057191, -2.31031346, -2.31037188, -2.31058717, -2.31012917, -2.3107574, -2.31078029, -2.31101656
1543.0, -2.29973984, -2.29941392, -2.29954028, -2.29996681, -2.30036569, -2.30020356, -2.2998724, -2.29993725, -2.30000424, -2.29997468
1543.1, -2.28734803, -2.28770924, -2.28751755, -2.28769422, -2.2877152, -2.28798032, -2.28798795, -2.28811216, -2.28793669, -2.2877295
1543.2, -2.28159285, -2.28138018, -2.28190088, -2.28127694, -2.28087974, -2.28177571, -2.28107858, -2.28092456, -2.28123236, -2.28108621
1543.3, -2.2857089, -2.28619456, -2.28645134, -2.28624511, -2.28606915, -2.28600287, -2.28581977, -2.28600192, -2.28630376, -2.28425932
1543.4, -2.29353094, -2.29314137, -2.29336166, -2.29330969, -2.29390764, -2.29393649, -2.29408383, -2.29376745, -2.29399514, -2.2938478
1543.5, -2.30376792, -2.30347228, -2.30313277, -2.30347967, -2.30116916, -2.29891181, -2.30208397, -2.30321956, -2.30353212, -2.30407047
1543.6, -2.3114233, -2.31147456, -2.31116414, -2.31163692, -2.31151152, -2.31165314, -2.31096411, -2.31102347, -2.31063056, -2.31146812
1543.7, -2.31066847, -2.31069851, -2.3104527, -2.3110466, -2.31081724, -2.31068349, -2.31092024, -2.31083894, -2.3108604, -2.31081653
1543.8, -2.30246782, -2.30207753, -2.30245376, -2.30202675, -2.30192232, -2.30217242, -2.30257797, -2.30289626, -2.30248976, -2.30279255
1543.9, -2.28897357, -2.28904009, -2.28924561, -2.28939319, -2.2885325, -2.28900266, -2.28834796, -2.288414, -2.28839207, -2.28814936
1544.0, -2.27297711, -2.27272892, -2.27316785, -2.26997304, -2.2726841, -2.2725594, -2.27196693, -2.27167344, -2.27261925, -2.2728014
1544.1, -2.26210546, -2.26180506, -2.26174045, -2.26168156, -2.26247835, -2.26270461, -2.2624557, -2.26239109, -2.26253009, -2.26307845
1544.2, -2.26648736, -2.26652336, -2.26695466, -2.26720977, -2.26677227, -2.26669097, -2.26667643, -2.26598215, -2.26639867, -2.26592326
1544.3, -2.27674866, -2.27670288, -2.27697492, -2.27693081, -2.2767489, -2.2764771, -2.27593994, -2.27574277, -2.27618241, -2.276263
1544.4, -2.28088093, -2.28462005, -2.28471661, -2.28506875, -2.2847085, -2.28420854, -2.2820189, -2.28244448, -2.28281856, -2.28275347
1544.5, -2.28376746, -2.2832303, -2.28385472, -2.2830255, -2.28491473, -2.28592873, -2.28610587, -2.28594422, -2.28649497, -2.28556132
1544.6, -2.28096008, -2.27779007, -2.28090978, -2.28091002, -2.2811234, -2.28078485, -2.28127003, -2.28135729, -2.28167343, -2.28172493
1544.7, -2.27202368, -2.27214193, -2.2723701, -2.2722578, -2.271703, -2.27195883, -2.2718339, -2.27205539, -2.27194524, -2.27181983
1544.8, -2.25942039, -2.25866175, -2.259233, -2.25926876, -2.25948, -2.25947237, -2.26016784, -2.25984573, -2.25988245, -2.25966239
1544.9, -2.24671793, -2.24727201, -2.24712563, -2.247118, -2.24677539, -2.24690676, -2.24657178, -2.2466743, -2.24710989, -2.24705315
1545.0, -2.24536848, -2.24515867, -2.24503446, -2.245471, -2.24561691, -2.24585605, -2.24535561, -2.24559474, -2.24576902, -2.24577665
1545.1, -2.24719906, -2.24655724, -2.24692798, -2.24689269, -2.24703908, -2.24732995, -2.24695134, -2.24700975, -2.24683428, -2.247504
1545.2, -2.24959588, -2.24944472, -2.24965572, -2.24970579, -2.24964046, -2.24929833, -2.24942231, -2.24910069, -2.24951696, -2.24949527
1545.3, -2.25043607, -2.25008607, -2.25062513, -2.25004911, -2.25001168, -2.25007081, -2.2497282, -2.24989629, -2.24961162, -2.24954534
1545.4, -2.24622154, -2.2464416, -2.24668026, -2.2471056, -2.24710321, -2.24739623, -2.24684858, -2.24650431, -2.2465713, -2.24687076
1545.5, -2.2371316, -2.23740697, -2.23711038, -2.23683953, -2.23706555, -2.23684049, -2.23657131, -2.23683333, -2.23670888, -2.23714471
1545.6, -2.22827768, -2.22794437, -2.22869873, -2.22870588, -2.22870541, -2.22859001, -2.22895169, -2.22882962, -2.22912693, -2.22859001
1545.7, -2.22026134, -2.22026134, -2.22009492, -2.22071576, -2.22056413, -2.22057915, -2.22042799, -2.22031784, -2.22093368, -2.2206378
1545.8, -2.22139168, -2.22108626, -2.22123885, -2.22110796, -2.21977496, -2.2199204, -2.21999884, -2.22026062, -2.22026062, -2.22112226
1545.9, -2.22781396, -2.22754455, -2.22750783, -2.22753787, -2.2274518, -2.22682023, -2.22715354, -2.22708821, -2.22714686, -2.22747278
1546.0, -2.23117375, -2.23128223, -2.23078871, -2.23104215, -2.23155904, -2.23153663, -2.23131776, -2.23132658, -2.23148513, -2.23139167
1546.1, -2.22855377, -2.22883749, -2.22877884, -2.22877836, -2.22830677, -2.22842336, -2.22771263, -2.22763276, -2.22785711, -2.2280817
1546.2, -2.22231126, -2.22235298, -2.22249079, -2.22212911, -2.22199965, -2.22236061, -2.22211552, -2.22215176, -2.22199154, -2.22199202
1546.3, -2.21161294, -2.21119475, -2.21178889, -2.21170807, -2.21159148, -2.21152806, -2.21172142, -2.21175098, -2.21184611, -2.2118237
1546.4, -2.20030785, -2.19991112, -2.20022058, -2.20006251, -2.19992566, -2.20020628, -2.20029283, -2.2002008, -2.20031452, -2.20001221
1546.5, -2.19130588, -2.19155049, -2.19098258, -2.19150782, -2.19187403, -2.19173837, -2.19171619, -2.19147182, -2.19140768, -2.19181633
1546.6, -2.19476891, -2.19409895, -2.19382453, -2.19383144, -2.19376731, -2.19352961, -2.19362974, -2.19378138, -2.19378853, -2.19388962
1546.7, -2.20288968, -2.20302701, -2.20276809, -2.20281839, -2.20337296, -2.20310688, -2.20319915, -2.20294857, -2.20329285, -2.2026875
1546.8, -2.21471596, -2.21459985, -2.21444106, -2.2146647, -2.21422386, -2.21475935, -2.21500397, -2.21517873, -2.21480894, -2.21493983
1546.9, -2.21906614, -2.21937752, -2.21942019, -2.21984744, -2.21951509, -2.2196157, -2.219877, -2.21988463, -2.21976113, -2.21964526
1547.0, -2.21601748, -2.21589494, -2.21585155, -2.21617651, -2.21602488, -2.2157495, -2.21557641, -2.21589518, -2.2161622, -2.21629286
1547.1, -2.20587873, -2.2060883, -2.20664358, -2.20642734, -2.2072432, -2.20643449, -2.20639086, -2.20603752, -2.20644879, -2.20634794
1547.2, -2.19219899, -2.19216394, -2.19216943, -2.19249344, -2.19286799, -2.19310665, -2.19288206, -2.19326377, -2.19358134, -2.19333577
1547.3, -2.17558408, -2.17561364, -2.17577672, -2.17568445, -2.17589283, -2.1757493, -2.17578506, -2.17548466, -2.17535424, -2.17562819
1547.4, -2.16924548, -2.16964531, -2.16985488, -2.16961741, -2.16971159, -2.16980362, -2.16958117, -2.16997695, -2.16937494, -2.16960359
1547.5, -2.17709732, -2.17665243, -2.17711902, -2.17710447, -2.17682457, -2.17668915, -2.176337, -2.17617893, -2.17642355, -2.1765511
1547.6, -2.19105434, -2.19077468, -2.19104052, -2.19088173, -2.19109035, -2.19084525, -2.19098139, -2.19095302, -2.19140005, -2.19131351
1547.7, -2.20148277, -2.20195961, -2.20167089, -2.20153403, -2.20152617, -2.20162058, -2.20182943, -2.20187974, -2.20179415, -2.2021687
1547.8, -2.20441365, -2.20427537, -2.2040019, -2.20377827, -2.20384288, -2.20387268, -2.20396495, -2.20357585, -2.20284605, -2.20274544
1547.9, -2.20018578, -2.19996166, -2.19980359, -2.20026422, -2.20008421, -2.20005608, -2.19921303, -2.19956446, -2.2001133, -2.20019293
1548.0, -2.19181752, -2.19211984, -2.19188929, -2.19250727, -2.19233608, -2.19175267, -2.19172239, -2.19018388, -2.18714952, -2.19157267
1548.1, -2.17772222, -2.17719841, -2.17779446, -2.17791533, -2.17764282, -2.17782974, -2.17769384, -2.17803741, -2.17846894, -2.17866182
1548.2, -2.16777015, -2.16742826, -2.16764855, -2.16785765, -2.16792798, -2.16757727, -2.16739917, -2.1676352, -2.16747713, -2.16721964
1548.3, -2.15929866, -2.16063523, -2.16411638, -2.16440248, -2.16422987, -2.16446042, -2.16450334, -2.16442466, -2.16455936, -2.16496778
1548.4, -2.1700182, -2.1702621, -2.17029834, -2.17021871, -2.17018485, -2.16991901, -2.16989779, -2.1702044, -2.16983986, -2.16966748
1548.5, -2.18172598, -2.18146682, -2.18089223, -2.18061304, -2.18069243, -2.18135166, -2.18058348, -2.18089247, -2.18065619, -2.18151045
1548.6, -2.18710017, -2.18680573, -2.18656063, -2.18660402, -2.18648767, -2.18697047, -2.18675375, -2.1862874, -2.18682528, -2.18671894
1548.7, -2.18224239, -2.18445468, -2.18440962, -2.18442583, -2.18424582, -2.18451834, -2.18428206, -2.18420148, -2.18418813, -2.18401599
1548.8, -2.17925048, -2.1797874, -2.17958665, -2.17968059, -2.17967296, -2.17939997, -2.17995954, -2.17967224, -2.17969441, -2.17934275
1548.9, -2.16861606, -2.16890168, -2.16875219, -2.16837955, -2.1678493, -2.16786265, -2.16711235, -2.16862321, -2.16854477, -2.16824365
1549.0, -2.16220784, -2.16215158, -2.16194201, -2.16195083, -2.16116405, -2.16125035, -2.16200066, -2.16192174, -2.1613071, -2.16120672
1549.1, -2.1606431, -2.16046262, -2.16060686, -2.16072106, -2.16060734, -2.16058517, -2.16059971, -2.1606288, -2.16052866, -2.16044307
1549.2, -2.16556001, -2.16498852, -2.16506004, -2.16532612, -2.16527486, -2.16515326, -2.16528893, -2.16578174, -2.16501021, -2.1648891
1549.3, -2.16837955, -2.16767097, -2.16769099, -2.16763449, -2.16764235, -2.16685462, -2.16696978, -2.16712689, -2.16739917, -2.16780686
1549.4, -2.16753483, -2.16766357, -2.16762781, -2.16764069, -2.16808534, -2.16814995, -2.16825747, -2.16822171, -2.1680572, -2.16827869
1549.5, -2.16282248, -2.16279459, -2.16317868, -2.1626718, -2.16245818, -2.16241479, -2.16238666, -2.16240859, -2.1625855, -2.16229415
1549.6, -2.15410399, -2.1539464, -2.15336847, -2.15364122, -2.15365362, -2.15363336, -2.15346146, -2.15351892, -2.15344, -2.15355539
1549.7, -2.14211655, -2.14102125, -2.14121962, -2.14144182, -2.1413765, -2.13964009, -2.14190221, -2.14238644, -2.1424644, -2.14230204
1549.8, -2.13821292, -2.13797092, -2.13598919, -2.13329005, -2.13286495, -2.13337016, -2.13328314, -2.13777947, -2.13826299, -2.13824797
1549.9, -2.13666415, -2.13628745, -2.1364727, -2.13650012, -2.13657117, -2.13717532, -2.13733196, -2.13737512, -2.13759375, -2.13743114
1550.0, -2.14351845, -2.14326882, -2.14341164, -2.14324117, -2.14323235, -2.14312553, -2.14334011, -2.14340425, -2.14316368, -2.14348841
1550.1, -2.15288305, -2.15330434, -2.1535902, -2.153826, -2.15370274, -2.15357494, -2.15294099, -2.15292692, -2.15381193, -2.153198
1550.2, -2.14984083, -2.14980674, -2.150105, -2.1502974, -2.15031767, -2.14969158, -2.15004826, -2.15008354, -2.149791, -2.14970613
1550.3, -2.14444304, -2.14462757, -2.14452028, -2.14462852, -2.14479089, -2.14451551, -2.14457798, -2.14450765, -2.14474106, -2.14483309
1550.4, -2.13109064, -2.13094068, -2.13099146, -2.13053727, -2.13062978, -2.1309557, -2.13070655, -2.13074994, -2.13098407, -2.13040352
1550.5, -2.11598158, -2.11563683, -2.11566424, -2.11596107, -2.11584902, -2.11615229, -2.11604667, -2.11603785, -2.11594748, -2.11550784
1550.6, -2.10431051, -2.10393691, -2.1041832, -2.10397196, -2.10441637, -2.10497975, -2.10511446, -2.10475397, -2.1047039, -2.10435963
1550.7, -2.09970903, -2.09955335, -2.09981441, -2.10023713, -2.09980106, -2.0998919, -2.09940624, -2.09975672, -2.10013723, -2.10010266
1550.8, -2.1048882, -2.10429001, -2.10459232, -2.10423374, -2.10387373, -2.10395622, -2.103719, -2.10410595, -2.10397935, -2.1039722
1550.9, -2.118536, -2.11878276, -2.11869836, -2.11902261, -2.1187613, -2.11855507, -2.11866903, -2.1183157, -2.11840796, -2.11818862
1551.0, -2.12882805, -2.12894893, -2.12862992, -2.12853003, -2.1283052, -2.12824702, -2.12867188, -2.12853074, -2.12858772, -2.12850189
1551.1, -2.12963009, -2.12950993, -2.12987018, -2.13006139, -2.13056636, -2.13003373, -2.12981367, -2.12935352, -2.12928247, -2.12943172
1551.2, -2.12223744, -2.12213898, -2.12235117, -2.12247157, -2.12220931, -2.12275457, -2.12259936, -2.12196207, -2.12158632, -2.12148833
1551.3, -2.1086421, -2.10831714, -2.1082046, -2.10814834, -2.10854435, -2.10844588, -2.1081903, -2.10845208, -2.10839534, -2.10838175
1551.4, -2.09373784, -2.09371638, -2.09348464, -2.09366679, -2.09415984, -2.09359765, -2.09361935, -2.0930202, -2.09313226, -2.09340072
1551.5, -2.08025241, -2.08004975, -2.08034348, -2.08018303, -2.08031607, -2.07997203, -2.07963538, -2.07988238, -2.08014035, -2.07952332
1551.6, -2.0751214, -2.07524729, -2.07531047, -2.07524681, -2.07519174, -2.07536674, -2.07531095, -2.07526064, -2.07537413, -2.07535243
1551.7, -2.08166146, -2.08186483, -2.08178759, -2.08201265, -2.08178806, -2.08167577, -2.08165503, -2.08149385, -2.08159208, -2.08177376
1551.8, -2.09317565, -2.09344292, -2.09342813, -2.09316254, -2.09305501, -2.09355426, -2.09325218, -2.09271717, -2.0928936, -2.09284449
1551.9, -2.09970164, -2.0998497, -2.10000467, -2.09993505, -2.09999776, -2.09998989, -2.10003996, -2.09984899, -2.09958196, -2.10003304
1552.0, -2.09889865, -2.0983417, -2.09852576, -2.09835577, -2.09826422, -2.09844017, -2.0982852, -2.09777832, -2.09807444, -2.09853935
1552.1, -2.08939266, -2.08984852, -2.08986163, -2.09010172, -2.09054494, -2.09022045, -2.09011483, -2.09003878, -2.089926, -2.08986998
1552.2, -2.08072948, -2.08043528, -2.08098912, -2.08090377, -2.0809536, -2.08083439, -2.08049297, -2.08042789, -2.08073044, -2.08070111
1552.3, -2.07294965, -2.07277608, -2.0732801, -2.07320166, -2.07360888, -2.07398582, -2.07383943, -2.07365084, -2.07376361, -2.07377625
1552.4, -2.06961799, -2.0691011, -2.06921935, -2.06942987, -2.06931829, -2.06945157, -2.06915712, -2.06909442, -2.06951451, -2.06937504
1552.5, -2.06984973, -2.06944299, -2.06914949, -2.06936073, -2.06962657, -2.06942248, -2.06952143, -2.06886888, -2.06910753, -2.0689683
1552.6, -2.07742667, -2.07673192, -2.0769496, -2.0770483, -2.07706213, -2.07714605, -2.077384, -2.07737041, -2.07739043, -2.0776515
1552.7, -2.08469391, -2.08507252, -2.08494639, -2.08477807, -2.08521962, -2.08522701, -2.08504367, -2.08498836, -2.084939, -2.0849824
1552.8, -2.08374572, -2.08321929, -2.08340931, -2.08319068, -2.08359838, -2.0833168, -2.08342266, -2.08320546, -2.0833807, -2.08324003
1552.9, -2.07729387, -2.07655072, -2.07653642, -2.07645869, -2.07681656, -2.07705474, -2.07669806, -2.0766983, -2.07706213, -2.07678819
1553.0, -2.07075119, -2.07100415, -2.07092023, -2.07077241, -2.07080126, -2.07076573, -2.07082891, -2.07082367, -2.07047224, -2.07015014
1553.1, -2.06654215, -2.06658483, -2.06664014, -2.0664854, -2.06614995, -2.06594849, -2.06617236, -2.0661087, -2.06650829, -2.06651521
1553.2, -2.06611538, -2.0660038, -2.06540918, -2.06545138, -2.06552911, -2.06569624, -2.06546664, -2.0657599, -2.06574631, -2.06565452
1553.3, -2.07243299, -2.07238317, -2.07280278, -2.07309818, -2.07291579, -2.07283783, -2.07296515, -2.07376361, -2.0737915, -2.07316709
1553.4, -2.08044267, -2.08059502, -2.08069539, -2.08043456, -2.08064461, -2.08041286, -2.08013296, -2.08030176, -2.08031702, -2.08015442
1553.5, -2.08767843, -2.08790302, -2.08800149, -2.08783221, -2.0874958, -2.08771372, -2.08775616, -2.08791018, -2.08773446, -2.08831739
1553.6, -2.08718657, -2.08719397, -2.08734035, -2.08815551, -2.08802915, -2.08772016, -2.08769941, -2.08758068, -2.08776975, -2.08794618
1553.7, -2.07854247, -2.07848597, -2.07833838, -2.07848477, -2.0784719, -2.07803607, -2.07803774, -2.07799578, -2.07811451, -2.07828951
1553.8, -2.06303382, -2.0625577, -2.06266308, -2.06220198, -2.06233573, -2.06198621, -2.06206989, -2.06238294, -2.06212497, -2.06257915
1553.9, -2.05444336, -2.05478692, -2.05503607, -2.05475259, -2.05458975, -2.05471611, -2.05436015, -2.05452013, -2.05481982, -2.05484056
1554.0, -2.05374002, -2.05399013, -2.05342674, -2.05350256, -2.0535655, -2.05424786, -2.05421376, -2.05423474, -2.05411601, -2.05421424
1554.1, -2.05874038, -2.05865741, -2.05802155, -2.05862975, -2.05839276, -2.05823183, -2.05825257, -2.05824518, -2.0581398, -2.05828619
1554.2, -2.06913567, -2.06917715, -2.06893277, -2.06912947, -2.06840134, -2.06840897, -2.06831098, -2.06837273, -2.06855559, -2.06851315
1554.3, -2.08316207, -2.08282113, -2.08291793, -2.08319855, -2.08304381, -2.08287668, -2.08257365, -2.08285427, -2.08260107, -2.08264399
1554.4, -2.08783984, -2.08817029, -2.0878191, -2.08774137, -2.08772755, -2.08746743, -2.08743882, -2.08753777, -2.08706689, -2.08788896
1554.5, -2.08350635, -2.0837667, -2.08355784, -2.08401299, -2.0838716, -2.08400512, -2.08398342, -2.08409619, -2.08444762, -2.08428621
1554.6, -2.06963801, -2.06974554, -2.06960487, -2.06973886, -2.06966805, -2.06956959, -2.06978703, -2.06949925, -2.06980848, -2.06948519
1554.7, -2.05139852, -2.05122972, -2.05096698, -2.05170536, -2.05201149, -2.05192804, -2.05154467, -2.05184436, -2.05185223, -2.05203342
1554.8, -2.03764129, -2.03758502, -2.03747559, -2.03785014, -2.03774595, -2.0378511, -2.03785872, -2.03774643, -2.03756475, -2.03785658
1554.9, -2.03380895, -2.03373384, -2.03383708, -2.03424692, -2.03417063, -2.03398943, -2.03393412, -2.03396845, -2.03369212, -2.03392076
1555.0, -2.03976059, -2.04016948, -2.04022527, -2.03957295, -2.03940606, -2.03951693, -2.04029489, -2.03967142, -2.04031515, -2.03999043
1555.1, -2.0512042, -2.05148315, -2.05107927, -2.05117631, -2.05091715, -2.05114794, -2.05078554, -2.05053496, -2.05132222, -2.05127954
1555.2, -2.0603528, -2.06081319, -2.06070185, -2.06080627, -2.06081271, -2.06065273, -2.06068039, -2.06068683, -2.0607717, -2.06075048
1555.3, -2.06253743, -2.06247449, -2.06244683, -2.06243324, -2.06218123, -2.06205606, -2.06186724, -2.06253648, -2.06210494, -2.06199241
1555.4, -2.05563545, -2.05565572, -2.05554461, -2.05599833, -2.05629897, -2.05585217, -2.05594969, -2.05553722, -2.05567813, -2.05496669
1555.5, -2.0419898, -2.04244232, -2.04289412, -2.04306006, -2.04297113, -2.04238605, -2.04259443, -2.04270601, -2.04271364, -2.04262996
1555.6, -2.0283246, -2.02828193, -2.02849078, -2.02847028, -2.02867174, -2.02886415, -2.02897549, -2.02874804, -2.02863669, -2.02869248
1555.7, -2.01746082, -2.01745319, -2.01739788, -2.01808953, -2.01799297, -2.01785421, -2.01802754, -2.01818013, -2.01787543, -2.01765466
1555.8, -2.01562881, -2.01562881, -2.01563478, -2.01571846, -2.01549745, -2.01498461, -2.01468277, -2.01478529, -2.01494455, -2.01504898
1555.9, -2.02140117, -2.02161574, -2.02160883, -2.02162337, -2.0219903, -2.02167249, -2.02186465, -2.02182341, -2.02171159, -2.02140117
1556.0, -2.03278255, -2.032722, -2.03261018, -2.03268623, -2.03290772, -2.03279757, -2.03243661, -2.03261709, -2.03254676, -2.03264403
1556.1, -2.03374743, -2.03374672, -2.03383708, -2.03387189, -2.03428912, -2.03429556, -2.03389215, -2.03459358, -2.03428769, -2.0344348
1556.2, -2.03127146, -2.03192329, -2.03221464, -2.03215861, -2.03222156, -2.03197217, -2.0321734, -2.03166699, -2.03177714, -2.03168797
1556.3, -2.02635741, -2.02635789, -2.02615595, -2.02612901, -2.02587342, -2.02606606, -2.02625394, -2.02596378, -2.02583909, -2.02614951
1556.4, -2.01822829, -2.01814437, -2.01834583, -2.01865554, -2.01829076, -2.01858044, -2.01845694, -2.01835108, -2.01817918, -2.01803446
1556.5, -2.01473022, -2.014992, -2.01475787, -2.014323, -2.0146687, -2.01511812, -2.01456428, -2.01437163, -2.01476407, -2.01465416
1556.6, -2.01525569, -2.01555204, -2.01513147, -2.01551914, -2.01495171, -2.01503372, -2.01532316, -2.01489592, -2.01508164, -2.0152421
1556.7, -2.02029395, -2.02020454, -2.02012897, -2.02047467, -2.02007151, -2.02021837, -2.02004576, -2.02020431, -2.020046, -2.02020454
1556.8, -2.02666187, -2.02663469, -2.02680779, -2.02668357, -2.02692556, -2.02680159, -2.0268271, -2.0270226, -2.0271616, -2.02772784
1556.9, -2.03080106, -2.03081417, -2.0306747, -2.0305779, -2.03082728, -2.03109765, -2.03107142, -2.03129888, -2.03102851, -2.03112626
1557.0, -2.02646112, -2.02599025, -2.02662039, -2.02643394, -2.02623463, -2.02588034, -2.02605224, -2.02637935, -2.02640581, -2.0262816
1557.1, -2.01731443, -2.01734281, -2.0175786, -2.01757145, -2.01783967, -2.01766825, -2.01729417, -2.01772308, -2.01735687, -2.0174737
1557.2, -2.01189971, -2.01168561, -2.01193428, -2.01194715, -2.01199579, -2.01199532, -2.01119566, -2.01156163, -2.01138282, -2.01117396
1557.3, -2.00760031, -2.00755906, -2.00750327, -2.00755858, -2.00795245, -2.00796008, -2.00824213, -2.00794673, -2.00751734, -2.00768423
1557.4, -2.01296329, -2.01300263, -2.01308036, -2.01249361, -2.01265311, -2.01282501, -2.01305246, -2.01287985, -2.01280475, -2.01272058
1557.5, -2.02351856, -2.02354693, -2.02337241, -2.02327728, -2.02293062, -2.02286077, -2.02299309, -2.0231936, -2.02284718, -2.02279925
1557.6, -2.03322577, -2.03268623, -2.03271365, -2.03259659, -2.03267884, -2.03297067, -2.03297114, -2.03256178, -2.03258324, -2.03225708
1557.7, -2.03993416, -2.03966999, -2.04013419, -2.04026008, -2.04074049, -2.04036427, -2.04070401, -2.0406425, -2.04055333, -2.04053068
1557.8, -2.04618454, -2.04603815, -2.04603124, -2.04623365, -2.04583025, -2.04594779, -2.0462203, -2.04628873, -2.04622626, -2.04640079
1557.9, -2.03712773, -2.0366075, -2.03705859, -2.03697538, -2.0374198, -2.03709197, -2.03705096, -2.03710699, -2.03684282, -2.03677416
1558.0, -2.02252293, -2.02224469, -2.02242541, -2.02264738, -2.02243352, -2.02224588, -2.02195525, -2.02237105, -2.02230191, -2.02199507
1558.1, -2.00771713, -2.00766253, -2.00751042, -2.00765538, -2.00814438, -2.00789666, -2.00779295, -2.00773215, -2.00771761, -2.0079515
1558.2, -2.00526476, -2.00527716, -2.00503612, -2.00551271, -2.00580835, -2.00569034, -2.00574613, -2.00607705, -2.00614572, -2.00600696
1558.3, -2.0129199, -2.01307988, -2.01316905, -2.0131619, -2.0129621, -2.01317668, -2.01335549, -2.01287222, -2.01305246, -2.01283193
1558.4, -2.02684331, -2.02650952, -2.02711296, -2.0267179, -2.02684283, -2.02678633, -2.02657795, -2.02670455, -2.02669692, -2.02664804
1558.5, -2.03697491, -2.03669763, -2.03662014, -2.0366416, -2.03698206, -2.03703666, -2.03703713, -2.03753138, -2.03755116, -2.03771114
1558.6, -2.04322076, -2.04331136, -2.04336762, -2.04288769, -2.04316568, -2.04315925, -2.04313684, -2.0434227, -2.04322028, -2.04304028
1558.7, -2.04146242, -2.04099679, -2.04140735, -2.0411489, -2.04089975, -2.04062152, -2.04076719, -2.04096937, -2.04071856, -2.04128766
1558.8, -2.03198671, -2.03182602, -2.03203464, -2.03175664, -2.03154945, -2.03145862, -2.03193045, -2.03138924, -2.03180575, -2.03203464
1558.9, -2.01650667, -2.0165267, -2.01607847, -2.01595283, -2.01604295, -2.01617575, -2.01640177, -2.01580048, -2.01592636, -2.01579499
1559.0, -2.00183845, -2.00208735, -2.00170684, -2.00130868, -2.00128126, -2.00110221, -2.00133538, -2.00134993, -2.00153589, -2.0014596
1559.1, -1.99651206, -1.99649763, -1.99651241, -1.9963547, -1.99629223, -1.99624383, -1.99599564, -1.99576986, -1.9959203, -1.99598956
1559.2, -2.00405145, -2.00365925, -2.00355577, -2.00351977, -2.00399709, -2.00347257, -2.00310683, -2.00266576, -2.00285864, -2.00251389
1559.3, -2.01049829, -2.01041007, -2.01044321, -2.01045012, -2.01007748, -2.01007104, -2.01023602, -2.01001525, -2.01029825, -2.01031208
1559.4, -2.01611209, -2.01584315, -2.01625729, -2.01586485, -2.01605678, -2.01589775, -2.01601648, -2.01567674, -2.01598072, -2.01551032
1559.5, -2.02089548, -2.02093768, -2.02096462, -2.02091718, -2.02091002, -2.02110386, -2.02150536, -2.02097201, -2.02162218, -2.02131081
1559.6, -2.01695561, -2.01673508, -2.01681805, -2.01669931, -2.01649976, -2.01654172, -2.01663184, -2.01649332, -2.015975, -2.01577973
1559.7, -2.00547028, -2.0054903, -2.00522184, -2.00535297, -2.00533223, -2.00544977, -2.00561428, -2.00556684, -2.00556684, -2.0051403
1559.8, -1.99657285, -1.99647117, -1.99626458, -1.99633992, -1.99627864, -1.99571383, -1.99600279, -1.99544489, -1.99585187, -1.99593437
1559.9, -1.9904561, -1.99021459, -1.99033809, -1.98995435, -1.99031889, -1.99005067, -1.9898597, -1.98954868, -1.98989999, -1.98996878
1560.0, -1.98888969, -1.9883666, -1.98865628, -1.98864186, -1.98876655, -1.98873901, -1.98861551, -1.98874533, -1.98886847, -1.98904705
1560.1, -1.99388587, -1.99370062, -1.99420035, -1.9942627, -1.9942627, -1.99420798, -1.99433076, -1.99482739, -1.99515033, -1.99508071
1560.2, -1.99794257, -1.99790895, -1.99796379, -1.99823821, -1.99807477, -1.99788809, -1.99806678, -1.99798381, -1.9980247, -1.99832106
1560.3, -1.99638796, -1.9962374, -1.99627137, -1.99624383, -1.99637985, -1.9961741, -1.99575424, -1.99629188, -1.99587834, -1.99629021
1560.4, -1.99042809, -1.99018061, -1.99023664, -1.99045563, -1.98987889, -1.99019539, -1.99019468, -1.99073029, -1.9907099, -1.99062753
1560.5, -1.98376346, -1.98414469, -1.98389876, -1.98381698, -1.98415983, -1.98423696, -1.98364532, -1.98388517, -1.98345292, -1.98330164
1560.6000000000001, -1.97480011, -1.97530603, -1.97532761, -1.97584832, -1.97503233, -1.97513676, -1.97543752, -1.97542357, -1.97531366, -1.97581995
1560.7, -1.97367144, -1.97379923, -1.97400594, -1.97393227, -1.9738698, -1.97411704, -1.97361565, -1.97362995, -1.97344565, -1.97363639
1560.8, -1.97755992, -1.97748458, -1.97773838, -1.97753358, -1.97766316, -1.97771811, -1.97829926, -1.97860742, -1.97855282, -1.97827303
1560.9, -1.98622537, -1.98612952, -1.98640311, -1.98635435, -1.98683572, -1.98669231, -1.98651373, -1.98638308, -1.9865073, -1.98672545
1561.0, -1.99598956, -1.99560332, -1.99533641, -1.99521792, -1.99475777, -1.99463332, -1.99476492, -1.99491537, -1.99494386, -1.99478495
1561.1000000000001, -1.99751008, -1.9974401, -1.99750328, -1.99719298, -1.99761188, -1.9977088, -1.99773002, -1.9976331, -1.99790895, -1.99785936
1561.2, -1.99061441, -1.99057996, -1.99074554, -1.99064791, -1.99033976, -1.9908191, -1.99087501, -1.99087501, -1.99111569, -1.99097097
1561.3, -1.97891569, -1.97884667, -1.97851813, -1.97849739, -1.97846997, -1.97846437, -1.97864854, -1.97873068, -1.97842968, -1.97884786
1561.4, -1.96660697, -1.96685231, -1.96703684, -1.96739948, -1.96692789, -1.96703804, -1.9672507, -1.9666003, -1.96700382, -1.96682537
1561.5, -1.96005273, -1.95996416, -1.95979548, -1.95989633, -1.95991695, -1.95953584, -1.9593854, -1.95958352, -1.95957553, -1.95937908
1561.6000000000001, -1.96134949, -1.96136367, -1.96157455, -1.96179307, -1.96160245, -1.96147931, -1.9616909, -1.96126759, -1.96117866, -1.96157455
1561.7, -1.97187221, -1.97170067, -1.97180378, -1.97241318, -1.97265804, -1.97238576, -1.97209156, -1.97214568, -1.97235703, -1.97231686
1561.8, -1.98241174, -1.9819653, -1.98214436, -1.98224056, -1.98189628, -1.98199236, -1.98205984, -1.98243213, -1.98215044, -1.98204064
1561.9, -1.99315536, -1.99269581, -1.99274969, -1.99291492, -1.99272895, -1.99240017, -1.99232423, -1.99250221, -1.99250972, -1.99232423
1562.0, -1.99499178, -1.99492264, -1.9950887, -1.99517715, -1.99585831, -1.99546731, -1.99546528, -1.99558973, -1.9958843, -1.99539077
1562.1000000000001, -1.98928046, -1.98912227, -1.98934329, -1.98921931, -1.98970175, -1.98934329, -1.98951471, -1.9901675, -1.98998237, -1.99027014
1562.2, -1.97645676, -1.9766078, -1.97771049, -1.97694373, -1.97695684, -1.9770664, -1.97713542, -1.97737575, -1.97707403, -1.97673726
1562.3, -1.96053743, -1.96040082, -1.96076965, -1.96075618, -1.9610492, -1.96106315, -1.96075583, -1.96057868, -1.96083724, -1.96058583
1562.4, -1.9518013, -1.95198476, -1.95218849, -1.95177996, -1.95186317, -1.95183587, -1.95147562, -1.95122921, -1.95139289, -1.95106041
1562.5, -1.95417857, -1.95478404, -1.95505714, -1.95453143, -1.95464122, -1.95451915, -1.95456588, -1.95455956, -1.95406163, -1.9540354
1562.6000000000001, -1.96696174, -1.9669013, -1.96653223, -1.96640146, -1.96706426, -1.96737957, -1.96688771, -1.96638918, -1.9669354, -1.96712673
1562.7, -1.98005295, -1.98028624, -1.98064327, -1.98059452, -1.98049164, -1.98027909, -1.98049164, -1.98065555, -1.98075294, -1.98056746
1562.8, -1.98888886, -1.98850918, -1.98873174, -1.98859513, -1.98908949, -1.98933649, -1.98916459, -1.98971415, -1.98915017, -1.98873174
1562.9, -1.98853278, -1.98808563, -1.98797584, -1.98777044, -1.98807168, -1.98759067, -1.98770738, -1.98757064, -1.98795545, -1.98817432
1563.0, -1.98332405, -1.98288298, -1.983055, -1.98314524, -1.98311806, -1.9829309, -1.98294652, -1.98283041, -1.98289824, -1.98271823
1563.1000000000001, -1.97593629, -1.97597861, -1.97588217, -1.97597861, -1.97565627, -1.97536099, -1.97554076, -1.97539568, -1.97536182, -1.97556067
1563.2, -1.96340406, -1.96313119, -1.96334291, -1.96322179, -1.96399176, -1.96393132, -1.96384156, -1.96376681, -1.96371794, -1.96334934
1563.3, -1.95648885, -1.95575154, -1.95578527, -1.9560926, -1.95582569, -1.95541167, -1.95581377, -1.9563719, -1.95633888, -1.95634604
1563.4, -1.95965731, -1.95942473, -1.95961797, -1.95986331, -1.95946634, -1.95958352, -1.95961642, -1.95982087, -1.95973229, -1.95956886
1563.5, -1.96725714, -1.96725559, -1.9674679, -1.96748817, -1.96782339, -1.96739948, -1.96715975, -1.96710479, -1.9670583, -1.96730447
1563.6000000000001, -1.97324693, -1.97312427, -1.97327483, -1.97355592, -1.9733839, -1.97352803, -1.97362363, -1.97281575, -1.97294557, -1.9732461
1563.7, -1.97452688, -1.97405457, -1.97467744, -1.97484839, -1.97525227, -1.97471774, -1.9748348, -1.97499895, -1.97558892, -1.97508013
1563.8, -1.97017479, -1.97046888, -1.97035265, -1.97053814, -1.9701283, -1.97018194, -1.97011983, -1.96970248, -1.97025037, -1.97036624
1563.9, -1.96341169, -1.96322012, -1.96310413, -1.96354079, -1.96330285, -1.96324801, -1.9632535, -1.96302831, -1.96324122, -1.963534
1564.0, -1.95794725, -1.95793414, -1.95821226, -1.95784402, -1.9582063, -1.95847225, -1.9584794, -1.95771635, -1.95795989, -1.95789206
1564.1000000000001, -1.95603907, -1.95602441, -1.9561882, -1.9561137, -1.95632505, -1.95609975, -1.95626879, -1.95581257, -1.95600414, -1.9555279
1564.2, -1.95717037, -1.95669866, -1.95673323, -1.9568007, -1.95706284, -1.9571085, -1.95740283, -1.95683599, -1.95677328, -1.95697129
1564.3, -1.96603334, -1.96638882, -1.96626508, -1.96615744, -1.96622419, -1.96643007, -1.96663404, -1.96638167, -1.96614313, -1.96627939
1564.4, -1.97224116, -1.97260273, -1.97264493, -1.97254217, -1.97253621, -1.97228265, -1.97248125, -1.97260356, -1.97241843, -1.97264457
1564.5, -1.96959352, -1.96912801, -1.96972358, -1.96966994, -1.96951079, -1.96970177, -1.96954656, -1.96945584, -1.9697988, -1.97012103
1564.6000000000001, -1.96232724, -1.96229184, -1.96260524, -1.96279705, -1.96279705, -1.96258497, -1.96241415, -1.96263897, -1.96303511, -1.96256554
1564.7, -1.9532038, -1.95401371, -1.95414484, -1.95378923, -1.95344281, -1.95361888, -1.95374215, -1.95391214, -1.95353043, -1.95369375
1564.8, -1.94328523, -1.94302785, -1.94298708, -1.94309545, -1.94357789, -1.94333899, -1.94338131, -1.9432714, -1.94335365, -1.94346881
1564.9, -1.93924487, -1.93959653, -1.93958306, -1.9391706, -1.93931162, -1.93919659, -1.93902636, -1.93865383, -1.93868065, -1.93900776
1565.0, -1.94262576, -1.942307, -1.94223821, -1.94196105, -1.94202125, -1.94209552, -1.94221139, -1.94194567, -1.94174957, -1.94219077
1565.1000000000001, -1.95163727, -1.95184219, -1.95174706, -1.95184219, -1.95148122, -1.95135915, -1.95151567, -1.95154977, -1.95186865, -1.95182157
1565.2, -1.96363616, -1.96330321, -1.96348035, -1.96327496, -1.9634124, -1.96316493, -1.9632957, -1.96359599, -1.96367145, -1.96371913
1565.3, -1.97094834, -1.97049594, -1.97067463, -1.97066152, -1.97105789, -1.97123611, -1.97131777, -1.97126961, -1.97095513, -1.97096872
1565.4, -1.9675566, -1.96772039, -1.96837783, -1.96866381, -1.96880186, -1.96827435, -1.96871114, -1.96879303, -1.96883368, -1.96841717
1565.5, -1.95648217, -1.95660388, -1.956563, -1.95625567, -1.95646703, -1.95601726, -1.95601761, -1.95603716, -1.95596409, -1.95620811
1565.6000000000001, -1.94245648, -1.94238019, -1.94272852, -1.94210267, -1.94210935, -1.94172275, -1.94171011, -1.94180965, -1.94189858, -1.94196784
1565.7, -1.92816627, -1.92786837, -1.9280448, -1.92807758, -1.92834163, -1.9281249, -1.92786121, -1.92785299, -1.92791605, -1.9282198
1565.8, -1.92201471, -1.92204893, -1.92178571, -1.92200804, -1.92218351, -1.92234719, -1.921731, -1.92223155, -1.92242837, -1.92203641
1565.9, -1.92649996, -1.92666185, -1.9264133, -1.92648029, -1.92638576, -1.92592609, -1.92569494, -1.92630506, -1.92639959, -1.92649245
1566.0, -1.93926418, -1.93949497, -1.93922353, -1.9396652, -1.93953562, -1.9395566, -1.94016671, -1.93980074, -1.93992913, -1.93963683
1566.1000000000001, -1.95419884, -1.95426655, -1.95456672, -1.95442915, -1.95418537, -1.95434117, -1.95394504, -1.9542737, -1.95402718, -1.95399427
1566.2, -1.96042943, -1.96085823, -1.96075618, -1.96051049, -1.96079671, -1.96050966, -1.96022499, -1.95984232, -1.96040249, -1.96032667
1566.3, -1.95850003, -1.95838249, -1.95848489, -1.95862901, -1.95861506, -1.95828843, -1.95829558, -1.95836234, -1.95839798, -1.95853925
1566.4, -1.95018148, -1.95040524, -1.95016134, -1.95005906, -1.95030391, -1.95034504, -1.95056331, -1.95020878, -1.95031857, -1.9498682
1566.5, -1.93821228, -1.93808424, -1.93730378, -1.93771815, -1.9380163, -1.93806255, -1.93807006, -1.93781292, -1.93741131, -1.9375428
1566.6000000000001, -1.92505884, -1.92522109, -1.92545104, -1.92536283, -1.92524076, -1.92554605, -1.92521441, -1.92488873, -1.92526162, -1.92518759
1566.7, -1.92130566, -1.92106724, -1.921332, -1.9213537, -1.9208256, -1.92116952, -1.92111719, -1.92118323, -1.92138076, -1.92141306
1566.8, -1.92523527, -1.92506635, -1.92524755, -1.92509937, -1.92536998, -1.92550468, -1.92501163, -1.92515337, -1.92476308, -1.92483556
1566.9, -1.93454909, -1.93445241, -1.93433869, -1.93480051, -1.93471205, -1.93452895, -1.93480682, -1.93465042, -1.93450248, -1.93507087
1567.0, -1.94731605, -1.94671082, -1.94695699, -1.94739759, -1.94719446, -1.94671082, -1.94688141, -1.9473778, -1.94779217, -1.94771862
1567.1000000000001, -1.95115435, -1.95142651, -1.95114768, -1.95118964, -1.95108664, -1.95098436, -1.95103943, -1.95077407, -1.95107353, -1.95106041
1567.2, -1.94812632, -1.94818139, -1.94800401, -1.94756854, -1.94809306, -1.94834363, -1.94825542, -1.94839156, -1.94823444, -1.94830322
1567.3, -1.94304919, -1.94327891, -1.94291794, -1.94335294, -1.94336081, -1.94368672, -1.94313502, -1.94332683, -1.94348896, -1.94342172
1567.4, -1.93715334, -1.93723512, -1.9375751, -1.93733776, -1.93744481, -1.93733025, -1.93670642, -1.93719518, -1.93721461, -1.93683434
1567.5, -1.93072653, -1.93007636, -1.92987335, -1.93016386, -1.93068624, -1.93075371, -1.93060386, -1.93049669, -1.93064451, -1.93088973
1567.6000000000001, -1.93417573, -1.93413508, -1.93427157, -1.9347527, -1.93438601, -1.93534279, -1.93478465, -1.93446815, -1.93457627, -1.93432486
1567.7, -1.94299424, -1.94305432, -1.94319713, -1.94314253, -1.94265974, -1.94269526, -1.94262052, -1.94227934, -1.94236755, -1.94253159
1567.8, -1.94937825, -1.94928288, -1.94932485, -1.94961596, -1.94959736, -1.94971967, -1.95028412, -1.949983, -1.94988883, -1.94971883
1567.9, -1.95211518, -1.95197845, -1.95211363, -1.95235932, -1.95231175, -1.95228994, -1.95229113, -1.95278811, -1.95284235, -1.95310199
1568.0, -1.95132554, -1.95134449, -1.95178711, -1.95147407, -1.95125103, -1.95101213, -1.9511199, -1.95113373, -1.95129693, -1.9507463
1568.1000000000001, -1.94403315, -1.94405484, -1.94391799, -1.94383025, -1.94363916, -1.94388366, -1.9437685, -1.9440062, -1.94365191, -1.94334817
1568.2, -1.93857992, -1.93834054, -1.9384433, -1.93933928, -1.93888497, -1.93867433, -1.93868148, -1.93854487, -1.93837452, -1.93710756
1568.3, -1.93794882, -1.93783975, -1.93774378, -1.93807709, -1.93807709, -1.93807828, -1.93815768, -1.93783259, -1.93828809, -1.93791282
1568.4, -1.94223821, -1.94215012, -1.94160771, -1.94161403, -1.94179702, -1.94185758, -1.94192004, -1.94180214, -1.94162703, -1.94192636
1568.5, -1.95210135, -1.95215476, -1.9521358, -1.95208073, -1.95234621, -1.95185566, -1.95225108, -1.95206678, -1.95230424, -1.95236599
1568.6000000000001, -1.96528172, -1.96484613, -1.96537077, -1.96489298, -1.9651804, -1.9655087, -1.96485209, -1.96445024, -1.96441531, -1.96439421
1568.7, -1.97135198, -1.97126281, -1.97144747, -1.97196138, -1.97185111, -1.97186458, -1.97174168, -1.97150803, -1.97161829, -1.97193992
