1546.49 -13.07
-11.57
-10.08
1546.52 -8.6
-7.18
-5.80
-4.39
1546.56 -3.09
 1546.57 -1.85
-0.72
0.36
1.32
2.18
1546.62 2.96
1546.63 3.63
1546.64 4.23
1546.65 4.75
5.18
5.53
5.81
6.05
6.23
6.37
6.48
6.56
6.64
6.69
6.73
6.76
6.78
6.80
6.81
1546.81 6.82
6.83
6.83
6.83
6.83
6.82
6.83
6.82
6.82
6.82
6.82
6.82
6.82
6.82
6.82
6.82
6.83
1546.98 6.82
6.82
1547 6.82
6.82
6.82
6.81
6.81
6.81
6.8
6.79
6.79
6.79
1547.1 6.78
6.78
6.77
6.77
6.77
6.77
6.76
6.76
6.74
6.73
1547.2 6.7
6.67
6.63
6.57
6.49
6.39
6.26
6.08
5.87
5.6
1547.3 5.27
4.87
4.39
3.85
3.24
2.52
1547.36 1.69
0.81
-0.2
1547.39 -1.28
-2.44
-3.67
-5
-6.33
1547.44 -7.73
-9.18
-10.7
-12.16
1547.48 -13.61
