wavelength_nm ,power_reading_0_dbm ,power_reading_1_dbm ,power_reading_2_dbm ,power_reading_3_dbm ,power_reading_4_dbm ,power_reading_5_dbm ,power_reading_6_dbm ,power_reading_7_dbm ,power_reading_8_dbm ,power_reading_9_dbm 
1552.3999999999999, -2.14333229E+01, -2.14329529E+01, -2.14318466E+01, -2.14340019E+01, -2.14318180E+01, -2.14311485E+01, -2.14346600E+01, -2.14337463E+01, -2.14326611E+01, -2.14346828E+01
1552.4019999999998, -2.14431667E+01, -2.14409752E+01, -2.14428196E+01, -2.14434776E+01, -2.14414387E+01, -2.14421940E+01, -2.14434223E+01, -2.14406490E+01, -2.14418163E+01, -2.14422913E+01
1552.4039999999998, -2.14461746E+01, -2.14450035E+01, -2.14437561E+01, -2.14456215E+01, -2.14456978E+01, -2.14446335E+01, -2.14458332E+01, -2.14383240E+01, -2.14349670E+01, -2.14383736E+01
1552.4059999999997, -2.14502754E+01, -2.14515266E+01, -2.14497643E+01, -2.14499226E+01, -2.14509697E+01, -2.14501610E+01, -2.14514637E+01, -2.14507275E+01, -2.14506607E+01, -2.14511890E+01
1552.4079999999997, -2.14604397E+01, -2.14583912E+01, -2.14585342E+01, -2.14564304E+01, -2.14571590E+01, -2.14581795E+01, -2.14551601E+01, -2.14550934E+01, -2.14576111E+01, -2.14472046E+01
1552.4099999999996, -2.14623699E+01, -2.14661064E+01, -2.14636593E+01, -2.14647579E+01, -2.14665279E+01, -2.14652157E+01, -2.14648037E+01, -2.14667759E+01, -2.14642544E+01, -2.14644985E+01
1552.4119999999996, -2.14640388E+01, -2.14598770E+01, -2.14616623E+01, -2.14623947E+01, -2.14607124E+01, -2.14587593E+01, -2.14591236E+01, -2.14563351E+01, -2.14588223E+01, -2.14609947E+01
1552.4139999999995, -2.14389267E+01, -2.14408550E+01, -2.14477406E+01, -2.14521160E+01, -2.14584599E+01, -2.14589787E+01, -2.14560890E+01, -2.14565468E+01, -2.14593029E+01, -2.14575100E+01
1552.4159999999995, -2.14586983E+01, -2.14575806E+01, -2.14601402E+01, -2.14587173E+01, -2.14604759E+01, -2.14605370E+01, -2.14604683E+01, -2.14638748E+01, -2.14651718E+01, -2.14622116E+01
1552.4179999999994, -2.14632320E+01, -2.14549751E+01, -2.14648590E+01, -2.14652138E+01, -2.14625359E+01, -2.14639778E+01, -2.14675026E+01, -2.14664326E+01, -2.14668674E+01, -2.14699097E+01
1552.4199999999994, -2.14664879E+01, -2.14651546E+01, -2.14637108E+01, -2.14651031E+01, -2.14631271E+01, -2.14637222E+01, -2.14657707E+01, -2.14672813E+01, -2.14650497E+01, -2.14645596E+01
1552.4219999999993, -2.14646835E+01, -2.14643764E+01, -2.14662724E+01, -2.14625778E+01, -2.14640770E+01, -2.14664612E+01, -2.14656906E+01, -2.14647789E+01, -2.14670010E+01, -2.14663467E+01
1552.4239999999993, -2.14645119E+01, -2.14616661E+01, -2.14644260E+01, -2.14612999E+01, -2.14612808E+01, -2.14646206E+01, -2.14612560E+01, -2.14620895E+01, -2.14631577E+01, -2.14597187E+01
1552.4259999999992, -2.14600105E+01, -2.14600983E+01, -2.14569435E+01, -2.14559975E+01, -2.14589005E+01, -2.14575729E+01, -2.14552708E+01, -2.14571648E+01, -2.14591866E+01, -2.14581108E+01
1552.4279999999992, -2.14579773E+01, -2.14600716E+01, -2.14563274E+01, -2.14552364E+01, -2.14556313E+01, -2.14527531E+01, -2.14484711E+01, -2.14517517E+01, -2.14536419E+01, -2.14511223E+01
1552.4299999999992, -2.14496479E+01, -2.14569073E+01, -2.14583263E+01, -2.14532814E+01, -2.14577026E+01, -2.14570732E+01, -2.14556923E+01, -2.14579353E+01, -2.14577446E+01, -2.14568043E+01
1552.431999999999, -2.14556675E+01, -2.14545994E+01, -2.14512444E+01, -2.14546013E+01, -2.14538689E+01, -2.14500866E+01, -2.14521770E+01, -2.14530449E+01, -2.14504261E+01, -2.14528198E+01
1552.433999999999, -2.14400272E+01, -2.14410496E+01, -2.14389915E+01, -2.14372005E+01, -2.14401245E+01, -2.14388828E+01, -2.14379463E+01, -2.14368591E+01, -2.14391937E+01, -2.14357281E+01
1552.435999999999, -2.14315434E+01, -2.14350548E+01, -2.14342651E+01, -2.14309864E+01, -2.14316788E+01, -2.14342651E+01, -2.14303074E+01, -2.14328060E+01, -2.14333420E+01, -2.14308357E+01
1552.437999999999, -2.14300270E+01, -2.14260902E+01, -2.14301662E+01, -2.14267883E+01, -2.14273739E+01, -2.14312305E+01, -2.14307556E+01, -2.14277229E+01, -2.14237499E+01, -2.14285412E+01
1552.439999999999, -2.14237309E+01, -2.14249458E+01, -2.14237976E+01, -2.14232101E+01, -2.14209023E+01, -2.14233685E+01, -2.14225578E+01, -2.14235687E+01, -2.14257202E+01, -2.14221745E+01
1552.4419999999989, -2.14162006E+01, -2.14148445E+01, -2.14133339E+01, -2.14140415E+01, -2.14109287E+01, -2.14114838E+01, -2.14109154E+01, -2.14087486E+01, -2.14131889E+01, -2.14117870E+01
1552.4439999999988, -2.14056625E+01, -2.14006462E+01, -2.14049759E+01, -2.14086990E+01, -2.14058208E+01, -2.14016056E+01, -2.14057732E+01, -2.14022980E+01, -2.14043427E+01, -2.14064350E+01
1552.4459999999988, -2.13987103E+01, -2.13991928E+01, -2.13983021E+01, -2.14003067E+01, -2.14003620E+01, -2.13901138E+01, -2.13887310E+01, -2.13877163E+01, -2.13913784E+01, -2.13972397E+01
1552.4479999999987, -2.13816757E+01, -2.13867569E+01, -2.13862152E+01, -2.13901997E+01, -2.13911324E+01, -2.13897419E+01, -2.13895187E+01, -2.13912811E+01, -2.13899879E+01, -2.13879337E+01
1552.4499999999987, -2.13738747E+01, -2.13736172E+01, -2.13767815E+01, -2.13641071E+01, -2.13391247E+01, -2.13346405E+01, -2.13446903E+01, -2.13465958E+01, -2.13458347E+01, -2.13676357E+01
1552.4519999999986, -2.13661175E+01, -2.13639412E+01, -2.13586292E+01, -2.13622265E+01, -2.13522892E+01, -2.13553429E+01, -2.13641376E+01, -2.13676968E+01, -2.13695583E+01, -2.13689041E+01
1552.4539999999986, -2.13544788E+01, -2.13550987E+01, -2.13512764E+01, -2.13549194E+01, -2.13536854E+01, -2.13519611E+01, -2.13524151E+01, -2.13439312E+01, -2.13431091E+01, -2.13426685E+01
1552.4559999999985, -2.13474369E+01, -2.13450298E+01, -2.13441143E+01, -2.13480072E+01, -2.13442574E+01, -2.13465347E+01, -2.13477745E+01, -2.13444042E+01, -2.13454647E+01, -2.13491669E+01
1552.4579999999985, -2.13354359E+01, -2.13375092E+01, -2.13331280E+01, -2.13335133E+01, -2.13393097E+01, -2.13381138E+01, -2.13389187E+01, -2.13408489E+01, -2.13425007E+01, -2.13370342E+01
1552.4599999999984, -2.13241043E+01, -2.13166962E+01, -2.13199883E+01, -2.13222332E+01, -2.13220615E+01, -2.13244343E+01, -2.13234062E+01, -2.13196945E+01, -2.13250675E+01, -2.13224144E+01
1552.4619999999984, -2.13120041E+01, -2.13166313E+01, -2.13147106E+01, -2.13162861E+01, -2.13166351E+01, -2.13137169E+01, -2.13155956E+01, -2.13161335E+01, -2.13131313E+01, -2.13145962E+01
1552.4639999999984, -2.13086739E+01, -2.13110180E+01, -2.13086929E+01, -2.13076229E+01, -2.13040371E+01, -2.13021679E+01, -2.13030167E+01, -2.13088379E+01, -2.13097420E+01, -2.13070526E+01
1552.4659999999983, -2.12860012E+01, -2.12921047E+01, -2.12870579E+01, -2.12879639E+01, -2.12911968E+01, -2.12950268E+01, -2.12948856E+01, -2.12965927E+01, -2.12947617E+01, -2.12973919E+01
1552.4679999999983, -2.12710094E+01, -2.12730808E+01, -2.12797832E+01, -2.12822800E+01, -2.12875214E+01, -2.12855778E+01, -2.12848682E+01, -2.12894077E+01, -2.12871532E+01, -2.12843342E+01
1552.4699999999982, -2.12827034E+01, -2.12703075E+01, -2.12703838E+01, -2.12765350E+01, -2.12807293E+01, -2.12775021E+01, -2.12769108E+01, -2.12763233E+01, -2.12790432E+01, -2.12754211E+01
1552.4719999999982, -2.12283268E+01, -2.12579136E+01, -2.12594891E+01, -2.12595863E+01, -2.12631989E+01, -2.12633114E+01, -2.12614975E+01, -2.12570858E+01, -2.12558498E+01, -2.12607956E+01
1552.4739999999981, -2.12453213E+01, -2.12516289E+01, -2.12516117E+01, -2.12510242E+01, -2.12528229E+01, -2.12523327E+01, -2.12525635E+01, -2.12509365E+01, -2.12475433E+01, -2.12456532E+01
1552.475999999998, -2.11832409E+01, -2.11847935E+01, -2.12011604E+01, -2.12203217E+01, -2.12173309E+01, -2.11936131E+01, -2.11946869E+01, -2.12034454E+01, -2.12123718E+01, -2.12270794E+01
1552.477999999998, -2.12048378E+01, -2.12093639E+01, -2.12038937E+01, -2.12110043E+01, -2.12244110E+01, -2.12319660E+01, -2.12353764E+01, -2.12357349E+01, -2.12361641E+01, -2.12386913E+01
1552.479999999998, -2.12136993E+01, -2.12153740E+01, -2.11920147E+01, -2.12197952E+01, -2.12131100E+01, -2.12017746E+01, -2.12033653E+01, -2.11825867E+01, -2.11831417E+01, -2.12016182E+01
1552.481999999998, -2.12242393E+01, -2.12251816E+01, -2.12218075E+01, -2.12234631E+01, -2.12242336E+01, -2.12225475E+01, -2.12232018E+01, -2.12231140E+01, -2.12223740E+01, -2.12238216E+01
1552.4839999999979, -2.12137051E+01, -2.12192554E+01, -2.12188740E+01, -2.12166729E+01, -2.12182465E+01, -2.12189045E+01, -2.12173557E+01, -2.12190151E+01, -2.12177200E+01, -2.12146339E+01
1552.4859999999978, -2.11549854E+01, -2.11697121E+01, -2.11875362E+01, -2.12002258E+01, -2.12002792E+01, -2.12016373E+01, -2.12047310E+01, -2.12023029E+01, -2.12044582E+01, -2.12028522E+01
1552.4879999999978, -2.12004089E+01, -2.12020416E+01, -2.11996002E+01, -2.12012672E+01, -2.11992359E+01, -2.12004642E+01, -2.12028351E+01, -2.12010555E+01, -2.12023754E+01, -2.12016201E+01
1552.4899999999977, -2.11960201E+01, -2.11972084E+01, -2.11939335E+01, -2.11966972E+01, -2.11950321E+01, -2.11954117E+01, -2.11963139E+01, -2.11946640E+01, -2.11942787E+01, -2.11972961E+01
1552.4919999999977, -2.11885624E+01, -2.11893520E+01, -2.11885242E+01, -2.11885509E+01, -2.11890926E+01, -2.11897182E+01, -2.11883812E+01, -2.11867161E+01, -2.11822605E+01, -2.11869907E+01
1552.4939999999976, -2.11830044E+01, -2.11812744E+01, -2.11792812E+01, -2.11845703E+01, -2.11819553E+01, -2.11804829E+01, -2.11748714E+01, -2.11788177E+01, -2.11839333E+01, -2.11783924E+01
1552.4959999999976, -2.11901608E+01, -2.11874790E+01, -2.11886082E+01, -2.11763878E+01, -2.11806736E+01, -2.11839809E+01, -2.11812153E+01, -2.11847115E+01, -2.11892815E+01, -2.11898613E+01
1552.4979999999975, -2.11872044E+01, -2.11892128E+01, -2.11868744E+01, -2.11878853E+01, -2.11844444E+01, -2.11868191E+01, -2.11846218E+01, -2.11845016E+01, -2.11851139E+01, -2.11853046E+01
1552.4999999999975, -2.11848907E+01, -2.11834068E+01, -2.11814861E+01, -2.11752319E+01, -2.11805916E+01, -2.11867504E+01, -2.11814919E+01, -2.11833992E+01, -2.11812496E+01, -2.11836300E+01
1552.5019999999975, -2.11815491E+01, -2.11806660E+01, -2.11830235E+01, -2.11802425E+01, -2.11781712E+01, -2.11819324E+01, -2.11734352E+01, -2.11788902E+01, -2.11775723E+01, -2.11785183E+01
1552.5039999999974, -2.11787815E+01, -2.11807594E+01, -2.11808338E+01, -2.11756325E+01, -2.11614285E+01, -2.11698723E+01, -2.11742821E+01, -2.11748943E+01, -2.11793251E+01, -2.11783009E+01
1552.5059999999974, -2.11764336E+01, -2.11797962E+01, -2.11845074E+01, -2.11835327E+01, -2.11789074E+01, -2.11812172E+01, -2.11814575E+01, -2.11815128E+01, -2.11810398E+01, -2.11755295E+01
1552.5079999999973, -2.11921806E+01, -2.11906071E+01, -2.11863136E+01, -2.11792107E+01, -2.11798820E+01, -2.11842785E+01, -2.11796741E+01, -2.11813812E+01, -2.11747456E+01, -2.11671886E+01
1552.5099999999973, -2.11850643E+01, -2.11832924E+01, -2.11765194E+01, -2.11743679E+01, -2.11806221E+01, -2.11853905E+01, -2.11891613E+01, -2.11884785E+01, -2.11847477E+01, -2.11912384E+01
1552.5119999999972, -2.11925259E+01, -2.11920376E+01, -2.11908150E+01, -2.11895409E+01, -2.11914234E+01, -2.11949291E+01, -2.11954403E+01, -2.11927395E+01, -2.11900406E+01, -2.11891022E+01
1552.5139999999972, -2.11945896E+01, -2.11970406E+01, -2.11964931E+01, -2.11909351E+01, -2.11954689E+01, -2.11985569E+01, -2.11995144E+01, -2.12007046E+01, -2.11999512E+01, -2.12010670E+01
1552.5159999999971, -2.12057209E+01, -2.12067795E+01, -2.11913986E+01, -2.11963997E+01, -2.11950493E+01, -2.11852531E+01, -2.11898022E+01, -2.11901245E+01, -2.11945400E+01, -2.11939850E+01
1552.517999999997, -2.12007446E+01, -2.12101555E+01, -2.12154655E+01, -2.11985931E+01, -2.11821556E+01, -2.11828499E+01, -2.11869164E+01, -2.12004108E+01, -2.12081718E+01, -2.12012062E+01
1552.519999999997, -2.11818409E+01, -2.11773911E+01, -2.11630421E+01, -2.11592503E+01, -2.11759701E+01, -2.11884727E+01, -2.12092896E+01, -2.12144566E+01, -2.11989441E+01, -2.12005424E+01
1552.521999999997, -2.12362804E+01, -2.12381725E+01, -2.12323208E+01, -2.12362347E+01, -2.12330494E+01, -2.12262573E+01, -2.12368851E+01, -2.12359810E+01, -2.12405834E+01, -2.12380695E+01
1552.523999999997, -2.12482948E+01, -2.12501106E+01, -2.12482586E+01, -2.12473850E+01, -2.12505302E+01, -2.12500000E+01, -2.12504826E+01, -2.12517414E+01, -2.12494698E+01, -2.12504196E+01
1552.5259999999969, -2.12544270E+01, -2.12437153E+01, -2.12493649E+01, -2.12557621E+01, -2.12481480E+01, -2.12549858E+01, -2.12511368E+01, -2.12543983E+01, -2.12559719E+01, -2.12546425E+01
1552.5279999999968, -2.12753239E+01, -2.12739277E+01, -2.12724018E+01, -2.12748356E+01, -2.12719917E+01, -2.12736187E+01, -2.12753582E+01, -2.12739468E+01, -2.12749786E+01, -2.12742634E+01
1552.5299999999968, -2.12843933E+01, -2.12835712E+01, -2.12879906E+01, -2.12862911E+01, -2.12879620E+01, -2.12803574E+01, -2.12841473E+01, -2.12886505E+01, -2.12858067E+01, -2.12873516E+01
1552.5319999999967, -2.13021259E+01, -2.12940102E+01, -2.13007259E+01, -2.13000431E+01, -2.12943382E+01, -2.12964573E+01, -2.13048935E+01, -2.13055992E+01, -2.13052464E+01, -2.13041859E+01
1552.5339999999967, -2.13194923E+01, -2.13173981E+01, -2.13169308E+01, -2.13251514E+01, -2.13281441E+01, -2.13216476E+01, -2.13217049E+01, -2.13165703E+01, -2.13233280E+01, -2.13226948E+01
1552.5359999999966, -2.13410683E+01, -2.13415699E+01, -2.13413715E+01, -2.13413963E+01, -2.13390083E+01, -2.13411274E+01, -2.13406048E+01, -2.13358994E+01, -2.13404274E+01, -2.13395462E+01
1552.5379999999966, -2.13505669E+01, -2.13546143E+01, -2.13528748E+01, -2.13544598E+01, -2.13531475E+01, -2.13538399E+01, -2.13549614E+01, -2.13523254E+01, -2.13538227E+01, -2.13534813E+01
1552.5399999999966, -2.13639641E+01, -2.13683720E+01, -2.13631573E+01, -2.13646832E+01, -2.13674316E+01, -2.13674145E+01, -2.13670998E+01, -2.13629150E+01, -2.13693180E+01, -2.13713951E+01
1552.5419999999965, -2.13890324E+01, -2.13887272E+01, -2.13874397E+01, -2.13854389E+01, -2.13896942E+01, -2.13906498E+01, -2.13859386E+01, -2.13889236E+01, -2.13828220E+01, -2.13863831E+01
1552.5439999999965, -2.14075050E+01, -2.14092255E+01, -2.14087315E+01, -2.14128571E+01, -2.14138660E+01, -2.14111462E+01, -2.14137211E+01, -2.14118633E+01, -2.14131050E+01, -2.14145794E+01
1552.5459999999964, -2.14232655E+01, -2.14261875E+01, -2.14251690E+01, -2.14241028E+01, -2.14286919E+01, -2.14261990E+01, -2.14245567E+01, -2.14286613E+01, -2.14292564E+01, -2.14289951E+01
1552.5479999999964, -2.14513168E+01, -2.14507523E+01, -2.14492950E+01, -2.14487991E+01, -2.14489040E+01, -2.14515629E+01, -2.14492073E+01, -2.14471054E+01, -2.14521465E+01, -2.14486923E+01
1552.5499999999963, -2.14631481E+01, -2.14601994E+01, -2.14645119E+01, -2.14625473E+01, -2.14653664E+01, -2.14647751E+01, -2.14544735E+01, -2.14512138E+01, -2.14607010E+01, -2.14531727E+01
1552.5519999999963, -2.14885674E+01, -2.14845848E+01, -2.14845600E+01, -2.14867249E+01, -2.14850769E+01, -2.14863300E+01, -2.14874916E+01, -2.14847317E+01, -2.14858189E+01, -2.14865570E+01
1552.5539999999962, -2.15039787E+01, -2.15065975E+01, -2.15042515E+01, -2.15078468E+01, -2.15068665E+01, -2.15082722E+01, -2.15108318E+01, -2.15111637E+01, -2.15096550E+01, -2.15096493E+01
1552.5559999999962, -2.15248852E+01, -2.15268536E+01, -2.15170364E+01, -2.15222511E+01, -2.15234909E+01, -2.15264263E+01, -2.15264511E+01, -2.15195637E+01, -2.15150299E+01, -2.15219364E+01
1552.5579999999961, -2.15358925E+01, -2.15369301E+01, -2.15408382E+01, -2.15399914E+01, -2.15393620E+01, -2.15407524E+01, -2.15386410E+01, -2.15395584E+01, -2.15395870E+01, -2.15271320E+01
1552.559999999996, -2.15613995E+01, -2.15614548E+01, -2.15620613E+01, -2.15619297E+01, -2.15617123E+01, -2.15635567E+01, -2.15619373E+01, -2.15630207E+01, -2.15649223E+01, -2.15613937E+01
1552.561999999996, -2.15769405E+01, -2.15752583E+01, -2.15764313E+01, -2.15782585E+01, -2.15768127E+01, -2.15764618E+01, -2.15785332E+01, -2.15759983E+01, -2.15766506E+01, -2.15755081E+01
1552.563999999996, -2.15951710E+01, -2.15941677E+01, -2.15917358E+01, -2.15947685E+01, -2.15944710E+01, -2.15930023E+01, -2.15920753E+01, -2.15938835E+01, -2.15958328E+01, -2.15869083E+01
1552.565999999996, -2.16116161E+01, -2.16084461E+01, -2.16125851E+01, -2.16105518E+01, -2.16102428E+01, -2.16127663E+01, -2.16065636E+01, -2.16113930E+01, -2.16083717E+01, -2.16057110E+01
1552.567999999996, -2.16305561E+01, -2.16281433E+01, -2.16291161E+01, -2.16285744E+01, -2.16265163E+01, -2.16271420E+01, -2.16282768E+01, -2.16260490E+01, -2.16241188E+01, -2.16273193E+01
1552.5699999999958, -2.16424522E+01, -2.16404514E+01, -2.16420116E+01, -2.16443634E+01, -2.16437206E+01, -2.16428852E+01, -2.16433697E+01, -2.16411648E+01, -2.16437149E+01, -2.16451454E+01
1552.5719999999958, -2.16492443E+01, -2.16550179E+01, -2.16600189E+01, -2.16545067E+01, -2.16568909E+01, -2.16572876E+01, -2.16540661E+01, -2.16594181E+01, -2.16598206E+01, -2.16548080E+01
1552.5739999999957, -2.16686592E+01, -2.16657963E+01, -2.16644039E+01, -2.16689911E+01, -2.16667633E+01, -2.16629124E+01, -2.16649761E+01, -2.16641483E+01, -2.16625137E+01, -2.16659737E+01
1552.5759999999957, -2.16754951E+01, -2.16747952E+01, -2.16731815E+01, -2.16707764E+01, -2.16700439E+01, -2.16748714E+01, -2.16704159E+01, -2.16704750E+01, -2.16736012E+01, -2.16759586E+01
1552.5779999999957, -2.16914539E+01, -2.16918926E+01, -2.16891041E+01, -2.16922359E+01, -2.16921635E+01, -2.16889229E+01, -2.16924858E+01, -2.16937504E+01, -2.16897545E+01, -2.16938858E+01
1552.5799999999956, -2.16974182E+01, -2.16994152E+01, -2.17012749E+01, -2.16984711E+01, -2.16986465E+01, -2.17017899E+01, -2.16991711E+01, -2.17019577E+01, -2.17031689E+01, -2.17014236E+01
1552.5819999999956, -2.17040157E+01, -2.17079258E+01, -2.17086506E+01, -2.17042999E+01, -2.17044334E+01, -2.17071304E+01, -2.17079849E+01, -2.17048817E+01, -2.17069626E+01, -2.17110138E+01
1552.5839999999955, -2.17126980E+01, -2.17136040E+01, -2.17117596E+01, -2.17148533E+01, -2.17145939E+01, -2.17117844E+01, -2.17099533E+01, -2.17098827E+01, -2.17127609E+01, -2.17131119E+01
1552.5859999999955, -2.17211323E+01, -2.17227554E+01, -2.17186470E+01, -2.17198334E+01, -2.17235603E+01, -2.17216892E+01, -2.17171745E+01, -2.17175121E+01, -2.17235985E+01, -2.17164555E+01
1552.5879999999954, -2.17316952E+01, -2.17280598E+01, -2.17293415E+01, -2.17323074E+01, -2.17298889E+01, -2.17275734E+01, -2.17290745E+01, -2.17313290E+01, -2.17269440E+01, -2.17300034E+01
1552.5899999999954, -2.17340393E+01, -2.17377167E+01, -2.17357464E+01, -2.17334270E+01, -2.17374363E+01, -2.17361870E+01, -2.17304668E+01, -2.17319546E+01, -2.17361355E+01, -2.17358608E+01
1552.5919999999953, -2.17435112E+01, -2.17418690E+01, -2.17401485E+01, -2.17424088E+01, -2.17407684E+01, -2.17362309E+01, -2.17377243E+01, -2.17393646E+01, -2.17372417E+01, -2.17349491E+01
1552.5939999999953, -2.17451019E+01, -2.17425194E+01, -2.17442245E+01, -2.17455273E+01, -2.17418747E+01, -2.17416210E+01, -2.17434921E+01, -2.17450504E+01, -2.17442226E+01, -2.17380047E+01
1552.5959999999952, -2.17495308E+01, -2.17539673E+01, -2.17531242E+01, -2.17495575E+01, -2.17493820E+01, -2.17536469E+01, -2.17544842E+01, -2.17510071E+01, -2.17496948E+01, -2.17521706E+01
1552.5979999999952, -2.17571182E+01, -2.17557144E+01, -2.17599621E+01, -2.17623844E+01, -2.17609825E+01, -2.17565575E+01, -2.17558765E+01, -2.17608452E+01, -2.17603741E+01, -2.17555828E+01
1552.5999999999951, -2.17756729E+01, -2.17782345E+01, -2.17802811E+01, -2.17785168E+01, -2.17742462E+01, -2.17750759E+01, -2.17785034E+01, -2.17782688E+01, -2.17759285E+01, -2.17754669E+01
1552.601999999995, -2.17967567E+01, -2.17933826E+01, -2.17926331E+01, -2.17965984E+01, -2.17908440E+01, -2.17924938E+01, -2.17880306E+01, -2.17920246E+01, -2.17853298E+01, -2.17857971E+01
1552.603999999995, -2.17598896E+01, -2.17455730E+01, -2.17523460E+01, -2.17565842E+01, -2.17565384E+01, -2.17409687E+01, -2.17312794E+01, -2.17210331E+01, -2.17213516E+01, -2.17431526E+01
1552.605999999995, -2.18290939E+01, -2.18377838E+01, -2.18366127E+01, -2.18370457E+01, -2.18397789E+01, -2.18384037E+01, -2.18373184E+01, -2.18341522E+01, -2.18361588E+01, -2.18294144E+01
1552.607999999995, -2.18771324E+01, -2.18757210E+01, -2.18762436E+01, -2.18686581E+01, -2.18707790E+01, -2.18725052E+01, -2.18671856E+01, -2.18627472E+01, -2.18651142E+01, -2.18682671E+01
1552.609999999995, -2.19075432E+01, -2.19101963E+01, -2.19080029E+01, -2.19081707E+01, -2.19124775E+01, -2.19115543E+01, -2.19074936E+01, -2.19099941E+01, -2.19128418E+01, -2.19106865E+01
1552.6119999999949, -2.19614086E+01, -2.19648876E+01, -2.19658489E+01, -2.19621773E+01, -2.19635258E+01, -2.19665909E+01, -2.19619560E+01, -2.19620609E+01, -2.19628830E+01, -2.19643784E+01
1552.6139999999948, -2.20027828E+01, -2.20072441E+01, -2.20082912E+01, -2.20057487E+01, -2.20058575E+01, -2.20099354E+01, -2.20104961E+01, -2.20076256E+01, -2.20038223E+01, -2.20082569E+01
1552.6159999999948, -2.20714836E+01, -2.20756989E+01, -2.20730667E+01, -2.20729179E+01, -2.20758591E+01, -2.20743904E+01, -2.20715389E+01, -2.20754261E+01, -2.20722637E+01, -2.20702248E+01
1552.6179999999947, -2.21240883E+01, -2.21281910E+01, -2.21294594E+01, -2.21261883E+01, -2.21271076E+01, -2.21296043E+01, -2.21264591E+01, -2.21239452E+01, -2.21287384E+01, -2.21286545E+01
1552.6199999999947, -2.21923847E+01, -2.21902885E+01, -2.21943169E+01, -2.21957436E+01, -2.21946793E+01, -2.21967278E+01, -2.21931515E+01, -2.21961479E+01, -2.21924152E+01, -2.21834259E+01
1552.6219999999946, -2.22400570E+01, -2.22443085E+01, -2.22443390E+01, -2.22360973E+01, -2.22301235E+01, -2.22287464E+01, -2.22328758E+01, -2.22320576E+01, -2.22416668E+01, -2.22399406E+01
1552.6239999999946, -2.23010654E+01, -2.22989063E+01, -2.22972240E+01, -2.22946320E+01, -2.22978039E+01, -2.22956390E+01, -2.23037434E+01, -2.23035736E+01, -2.22987900E+01, -2.23029575E+01
1552.6259999999945, -2.23424740E+01, -2.23413429E+01, -2.23458080E+01, -2.23493977E+01, -2.23447895E+01, -2.23465405E+01, -2.23488197E+01, -2.23428936E+01, -2.23448620E+01, -2.23492699E+01
1552.6279999999945, -2.23828373E+01, -2.23883133E+01, -2.23903255E+01, -2.23871632E+01, -2.23865757E+01, -2.23888493E+01, -2.23908482E+01, -2.23870888E+01, -2.23866119E+01, -2.23907204E+01
1552.6299999999944, -2.24151382E+01, -2.24117603E+01, -2.24157619E+01, -2.24148540E+01, -2.24105968E+01, -2.24121323E+01, -2.24167747E+01, -2.24157925E+01, -2.24127560E+01, -2.24113712E+01
1552.6319999999944, -2.24348030E+01, -2.24323559E+01, -2.24353218E+01, -2.24408264E+01, -2.24382763E+01, -2.24347095E+01, -2.24370518E+01, -2.24402065E+01, -2.24351082E+01, -2.24394855E+01
1552.6339999999943, -2.24441433E+01, -2.24396782E+01, -2.24415607E+01, -2.24462376E+01, -2.24440441E+01, -2.24415703E+01, -2.24420528E+01, -2.24450550E+01, -2.24446659E+01, -2.24399090E+01
1552.6359999999943, -2.24430027E+01, -2.24378090E+01, -2.24341221E+01, -2.24400616E+01, -2.24398308E+01, -2.24362411E+01, -2.24420357E+01, -2.24387035E+01, -2.24356270E+01, -2.24404507E+01
1552.6379999999942, -2.24193325E+01, -2.24171867E+01, -2.24220409E+01, -2.24239254E+01, -2.24201736E+01, -2.24162884E+01, -2.24218121E+01, -2.24217377E+01, -2.24181995E+01, -2.24200668E+01
1552.6399999999942, -2.23713131E+01, -2.23726406E+01, -2.23742771E+01, -2.23720226E+01, -2.23757381E+01, -2.23778439E+01, -2.23733406E+01, -2.23732891E+01, -2.23775673E+01, -2.23818111E+01
1552.6419999999941, -2.23372059E+01, -2.23376484E+01, -2.23316917E+01, -2.23361206E+01, -2.23332310E+01, -2.23326111E+01, -2.23374596E+01, -2.23345165E+01, -2.23397350E+01, -2.23390007E+01
1552.643999999994, -2.22881641E+01, -2.22878609E+01, -2.22852535E+01, -2.22865391E+01, -2.22845802E+01, -2.22813530E+01, -2.22804527E+01, -2.22853413E+01, -2.22842770E+01, -2.22822666E+01
1552.645999999994, -2.22443008E+01, -2.22401466E+01, -2.22363586E+01, -2.22382393E+01, -2.22396202E+01, -2.22346783E+01, -2.22380981E+01, -2.22353382E+01, -2.22362347E+01, -2.22392559E+01
1552.647999999994, -2.21794262E+01, -2.21823425E+01, -2.21822338E+01, -2.21775875E+01, -2.21747704E+01, -2.21773949E+01, -2.21767464E+01, -2.21758690E+01, -2.21793404E+01, -2.21775837E+01
1552.649999999994, -2.21295528E+01, -2.21286621E+01, -2.21246853E+01, -2.21293106E+01, -2.21301727E+01, -2.21252995E+01, -2.21269722E+01, -2.21315708E+01, -2.21272221E+01, -2.21311932E+01
1552.651999999994, -2.20589600E+01, -2.20585537E+01, -2.20611420E+01, -2.20578938E+01, -2.20575123E+01, -2.20599747E+01, -2.20594635E+01, -2.20569172E+01, -2.20574875E+01, -2.20553818E+01
1552.6539999999939, -2.20082970E+01, -2.20094700E+01, -2.20094547E+01, -2.20056095E+01, -2.20063839E+01, -2.20091305E+01, -2.20066261E+01, -2.20063763E+01, -2.20059433E+01, -2.20056992E+01
1552.6559999999938, -2.19421444E+01, -2.19444523E+01, -2.19440365E+01, -2.19402180E+01, -2.19413986E+01, -2.19404640E+01, -2.19419384E+01, -2.19432793E+01, -2.19400826E+01, -2.19433250E+01
1552.6579999999938, -2.18987560E+01, -2.18980141E+01, -2.19007187E+01, -2.19001293E+01, -2.18968773E+01, -2.19006596E+01, -2.18983250E+01, -2.18947506E+01, -2.18952847E+01, -2.18969650E+01
1552.6599999999937, -2.18409386E+01, -2.18398037E+01, -2.18391247E+01, -2.18400917E+01, -2.18386097E+01, -2.18357182E+01, -2.18368568E+01, -2.18392715E+01, -2.18391037E+01, -2.18379517E+01
1552.6619999999937, -2.18048878E+01, -2.18054295E+01, -2.18061581E+01, -2.18041878E+01, -2.18045368E+01, -2.18061314E+01, -2.18030949E+01, -2.18059597E+01, -2.18060913E+01, -2.18048019E+01
1552.6639999999936, -2.17728596E+01, -2.17728462E+01, -2.17720718E+01, -2.17724972E+01, -2.17728271E+01, -2.17731209E+01, -2.17690582E+01, -2.17689800E+01, -2.17729187E+01, -2.17743511E+01
1552.6659999999936, -2.17571278E+01, -2.17573166E+01, -2.17566681E+01, -2.17550335E+01, -2.17570686E+01, -2.17555885E+01, -2.17545738E+01, -2.17574749E+01, -2.17547264E+01, -2.17537975E+01
1552.6679999999935, -2.17276649E+01, -2.17273064E+01, -2.17286854E+01, -2.17240906E+01, -2.17269516E+01, -2.17288227E+01, -2.17265072E+01, -2.17275085E+01, -2.17265911E+01, -2.17257862E+01
1552.6699999999935, -2.17096806E+01, -2.17116890E+01, -2.17113571E+01, -2.17099590E+01, -2.17134361E+01, -2.17112331E+01, -2.17109947E+01, -2.17139339E+01, -2.17144337E+01, -2.17137966E+01
1552.6719999999934, -2.16973038E+01, -2.16961021E+01, -2.16937504E+01, -2.16948452E+01, -2.16976395E+01, -2.16969986E+01, -2.16963215E+01, -2.16980267E+01, -2.16956463E+01, -2.16955280E+01
1552.6739999999934, -2.16900749E+01, -2.16892185E+01, -2.16882267E+01, -2.16905003E+01, -2.16914730E+01, -2.16886520E+01, -2.16847687E+01, -2.16888561E+01, -2.16867390E+01, -2.16830597E+01
1552.6759999999933, -2.16772423E+01, -2.16771832E+01, -2.16784286E+01, -2.16779537E+01, -2.16768494E+01, -2.16781578E+01, -2.16792431E+01, -2.16773319E+01, -2.16769524E+01, -2.16786270E+01
1552.6779999999933, -2.16779099E+01, -2.16763229E+01, -2.16742783E+01, -2.16769199E+01, -2.16777363E+01, -2.16746731E+01, -2.16774712E+01, -2.16780891E+01, -2.16751270E+01, -2.16778450E+01
1552.6799999999932, -2.16718464E+01, -2.16743622E+01, -2.16735744E+01, -2.16704865E+01, -2.16705647E+01, -2.16711559E+01, -2.16697617E+01, -2.16728420E+01, -2.16756535E+01, -2.16720829E+01
1552.6819999999932, -2.16704235E+01, -2.16722183E+01, -2.16690369E+01, -2.16700706E+01, -2.16704350E+01, -2.16716156E+01, -2.16712685E+01, -2.16699352E+01, -2.16708794E+01, -2.16703892E+01
1552.6839999999931, -2.16670551E+01, -2.16655388E+01, -2.16633987E+01, -2.16643143E+01, -2.16667290E+01, -2.16657677E+01, -2.16640968E+01, -2.16651459E+01, -2.16651611E+01, -2.16638279E+01
1552.685999999993, -2.16698837E+01, -2.16689796E+01, -2.16668129E+01, -2.16679974E+01, -2.16701679E+01, -2.16693382E+01, -2.16676140E+01, -2.16699867E+01, -2.16672859E+01, -2.16688061E+01
1552.687999999993, -2.16688690E+01, -2.16680317E+01, -2.16660194E+01, -2.16659813E+01, -2.16672153E+01, -2.16678581E+01, -2.16659679E+01, -2.16658401E+01, -2.16671677E+01, -2.16660690E+01
1552.689999999993, -2.16615677E+01, -2.16601772E+01, -2.16598339E+01, -2.16613503E+01, -2.16592045E+01, -2.16616440E+01, -2.16614017E+01, -2.16603718E+01, -2.16621113E+01, -2.16601601E+01
1552.691999999993, -2.16525211E+01, -2.16558628E+01, -2.16540146E+01, -2.16555424E+01, -2.16551590E+01, -2.16557407E+01, -2.16559582E+01, -2.16546478E+01, -2.16559849E+01, -2.16546173E+01
1552.693999999993, -2.16501446E+01, -2.16511726E+01, -2.16510906E+01, -2.16502647E+01, -2.16496220E+01, -2.16485748E+01, -2.16492577E+01, -2.16495590E+01, -2.16485825E+01, -2.16501770E+01
1552.6959999999929, -2.16485233E+01, -2.16506367E+01, -2.16501331E+01, -2.16469460E+01, -2.16481285E+01, -2.16495514E+01, -2.16476307E+01, -2.16501102E+01, -2.16509609E+01, -2.16497364E+01
1552.6979999999928, -2.16445045E+01, -2.16435986E+01, -2.16427078E+01, -2.16430759E+01, -2.16434841E+01, -2.16419430E+01, -2.16431580E+01, -2.16452675E+01, -2.16422310E+01, -2.16441593E+01
1552.6999999999928, -2.16394768E+01, -2.16396351E+01, -2.16365414E+01, -2.16370735E+01, -2.16385403E+01, -2.16372242E+01, -2.16362381E+01, -2.16378975E+01, -2.16384964E+01, -2.16359806E+01
1552.7019999999927, -2.15982723E+01, -2.16000271E+01, -2.16016979E+01, -2.16069489E+01, -2.16133862E+01, -2.16155529E+01, -2.16211262E+01, -2.16226482E+01, -2.16254406E+01, -2.16266136E+01
1552.7039999999927, -2.16151466E+01, -2.16147423E+01, -2.16134529E+01, -2.16146049E+01, -2.16157837E+01, -2.16151028E+01, -2.16140671E+01, -2.16152554E+01, -2.16139336E+01, -2.16140652E+01
1552.7059999999926, -2.16063347E+01, -2.16058178E+01, -2.16056709E+01, -2.16067142E+01, -2.16062908E+01, -2.16007214E+01, -2.15996723E+01, -2.16004562E+01, -2.15984516E+01, -2.16006832E+01
1552.7079999999926, -2.15990982E+01, -2.16001644E+01, -2.15986576E+01, -2.15992298E+01, -2.16007328E+01, -2.15993137E+01, -2.15999107E+01, -2.16006889E+01, -2.15995331E+01, -2.15995903E+01
1552.7099999999925, -2.15870018E+01, -2.15867653E+01, -2.15842400E+01, -2.15857887E+01, -2.15857391E+01, -2.15845928E+01, -2.15858517E+01, -2.15865059E+01, -2.15860023E+01, -2.15838509E+01
1552.7119999999925, -2.15715733E+01, -2.15727787E+01, -2.15734997E+01, -2.15722733E+01, -2.15721970E+01, -2.15741177E+01, -2.15738640E+01, -2.15723820E+01, -2.15724773E+01, -2.15734768E+01
1552.7139999999924, -2.15539379E+01, -2.15447998E+01, -2.15445576E+01, -2.15388279E+01, -2.15432606E+01, -2.15429478E+01, -2.15390015E+01, -2.15461235E+01, -2.15484753E+01, -2.15519390E+01
1552.7159999999924, -2.15449905E+01, -2.15452843E+01, -2.15445423E+01, -2.15433235E+01, -2.15439720E+01, -2.15452118E+01, -2.15446930E+01, -2.15459900E+01, -2.15457535E+01, -2.15445995E+01
1552.7179999999923, -2.15281372E+01, -2.15267487E+01, -2.15251293E+01, -2.15251484E+01, -2.15282574E+01, -2.15272503E+01, -2.15266781E+01, -2.15265007E+01, -2.15270634E+01, -2.15268593E+01
1552.7199999999923, -2.15047493E+01, -2.15031414E+01, -2.15038795E+01, -2.15049667E+01, -2.15029373E+01, -2.15032692E+01, -2.15045891E+01, -2.15031395E+01, -2.15014496E+01, -2.15030708E+01
1552.7219999999922, -2.14905758E+01, -2.14907780E+01, -2.14901199E+01, -2.14910240E+01, -2.14908257E+01, -2.14924316E+01, -2.14932346E+01, -2.14931107E+01, -2.14913063E+01, -2.14918861E+01
1552.7239999999922, -2.14799881E+01, -2.14790707E+01, -2.14803944E+01, -2.14818802E+01, -2.14813900E+01, -2.14793205E+01, -2.14801998E+01, -2.14782047E+01, -2.14780312E+01, -2.14786568E+01
1552.7259999999922, -2.14610081E+01, -2.14617271E+01, -2.14616108E+01, -2.14607506E+01, -2.14596996E+01, -2.14619122E+01, -2.14641514E+01, -2.14619427E+01, -2.14609585E+01, -2.14632511E+01
1552.727999999992, -2.14434834E+01, -2.14435444E+01, -2.14464722E+01, -2.14446583E+01, -2.14440498E+01, -2.14434414E+01, -2.14408741E+01, -2.14429855E+01, -2.14455757E+01, -2.14457874E+01
1552.729999999992, -2.14194374E+01, -2.14222164E+01, -2.14231491E+01, -2.14204254E+01, -2.14232044E+01, -2.14237118E+01, -2.14213810E+01, -2.14235821E+01, -2.14223080E+01, -2.14223061E+01
1552.731999999992, -2.14072247E+01, -2.14065208E+01, -2.14049034E+01, -2.14055424E+01, -2.14067726E+01, -2.14077511E+01, -2.14071903E+01, -2.14053078E+01, -2.14049568E+01, -2.14085178E+01
1552.733999999992, -2.13813629E+01, -2.13815784E+01, -2.13809357E+01, -2.13825951E+01, -2.13797626E+01, -2.13774185E+01, -2.13781719E+01, -2.13774967E+01, -2.13781490E+01, -2.13812599E+01
1552.735999999992, -2.13536835E+01, -2.13540688E+01, -2.13565025E+01, -2.13544121E+01, -2.13544788E+01, -2.13566551E+01, -2.13571281E+01, -2.13594952E+01, -2.13613262E+01, -2.13591690E+01
1552.7379999999919, -2.13396759E+01, -2.13388691E+01, -2.13388405E+01, -2.13421192E+01, -2.13421154E+01, -2.13416500E+01, -2.13448887E+01, -2.13433762E+01, -2.13434467E+01, -2.13443336E+01
1552.7399999999918, -2.13219604E+01, -2.13201828E+01, -2.13209610E+01, -2.13219662E+01, -2.13219776E+01, -2.13218288E+01, -2.13224697E+01, -2.13244286E+01, -2.13218479E+01, -2.13218060E+01
1552.7419999999918, -2.13046455E+01, -2.13052807E+01, -2.13049507E+01, -2.13067513E+01, -2.13063622E+01, -2.13060894E+01, -2.13064194E+01, -2.13049698E+01, -2.13051701E+01, -2.13031425E+01
1552.7439999999917, -2.12828388E+01, -2.12812119E+01, -2.12837524E+01, -2.12842636E+01, -2.12838669E+01, -2.12849846E+01, -2.12831192E+01, -2.12836056E+01, -2.12839069E+01, -2.12838573E+01
1552.7459999999917, -2.12707691E+01, -2.12714729E+01, -2.12686405E+01, -2.12700214E+01, -2.12723618E+01, -2.12707424E+01, -2.12701855E+01, -2.12714252E+01, -2.12720470E+01, -2.12703133E+01
1552.7479999999916, -2.12523060E+01, -2.12519207E+01, -2.12509022E+01, -2.12545719E+01, -2.12555065E+01, -2.12553711E+01, -2.12550030E+01, -2.12563152E+01, -2.12559319E+01, -2.12540874E+01
1552.7499999999916, -2.12332230E+01, -2.12346439E+01, -2.12352734E+01, -2.12331944E+01, -2.12348423E+01, -2.12326374E+01, -2.12234325E+01, -2.12218819E+01, -2.12212009E+01, -2.12187824E+01
1552.7519999999915, -2.12063904E+01, -2.12070408E+01, -2.12063313E+01, -2.12079391E+01, -2.12086773E+01, -2.12090530E+01, -2.12103806E+01, -2.12080956E+01, -2.12085915E+01, -2.12091408E+01
1552.7539999999915, -2.11926594E+01, -2.11960030E+01, -2.11802597E+01, -2.11959343E+01, -2.11962109E+01, -2.11952038E+01, -2.11951199E+01, -2.11939926E+01, -2.11953545E+01, -2.11976719E+01
1552.7559999999914, -2.11842785E+01, -2.11862316E+01, -2.11846848E+01, -2.11835823E+01, -2.11837959E+01, -2.11808567E+01, -2.11827869E+01, -2.11834240E+01, -2.11825867E+01, -2.11669483E+01
1552.7579999999914, -2.11675644E+01, -2.11685143E+01, -2.11689663E+01, -2.11677265E+01, -2.11686916E+01, -2.11485176E+01, -2.11611252E+01, -2.11677151E+01, -2.11687431E+01, -2.11688328E+01
1552.7599999999914, -2.11585026E+01, -2.11541309E+01, -2.11551571E+01, -2.11565552E+01, -2.11557903E+01, -2.11558685E+01, -2.11564693E+01, -2.11542397E+01, -2.11507511E+01, -2.11581573E+01
1552.7619999999913, -2.11464920E+01, -2.11454792E+01, -2.11449680E+01, -2.11470833E+01, -2.11463604E+01, -2.11456509E+01, -2.11445236E+01, -2.11443195E+01, -2.11407967E+01, -2.11437836E+01
1552.7639999999913, -2.11392822E+01, -2.11372700E+01, -2.11383305E+01, -2.11381721E+01, -2.11388569E+01, -2.11397324E+01, -2.11376495E+01, -2.11364212E+01, -2.11148090E+01, -2.11319008E+01
1552.7659999999912, -2.11107311E+01, -2.11128101E+01, -2.11135387E+01, -2.11226006E+01, -2.11257610E+01, -2.11277256E+01, -2.11312428E+01, -2.11317291E+01, -2.11302967E+01, -2.11309147E+01
1552.7679999999912, -2.11304951E+01, -2.11307030E+01, -2.11326542E+01, -2.11368999E+01, -2.11326580E+01, -2.11346931E+01, -2.11363506E+01, -2.11352329E+01, -2.11306648E+01, -2.11321640E+01
1552.7699999999911, -2.11270180E+01, -2.11286716E+01, -2.11270008E+01, -2.11269283E+01, -2.11284885E+01, -2.11267910E+01, -2.11228294E+01, -2.11211243E+01, -2.11247597E+01, -2.11284904E+01
1552.771999999991, -2.11243362E+01, -2.11255627E+01, -2.11238728E+01, -2.11257553E+01, -2.11251049E+01, -2.11253128E+01, -2.11246529E+01, -2.11252518E+01, -2.11269493E+01, -2.11251392E+01
1552.773999999991, -2.11118946E+01, -2.11126766E+01, -2.11122265E+01, -2.11115112E+01, -2.11122894E+01, -2.11107807E+01, -2.11121769E+01, -2.11114407E+01, -2.11098347E+01, -2.11125412E+01
1552.775999999991, -2.11054230E+01, -2.11080589E+01, -2.11119442E+01, -2.11102638E+01, -2.11115322E+01, -2.11105003E+01, -2.11113243E+01, -2.11124649E+01, -2.11111870E+01, -2.11113300E+01
1552.777999999991, -2.11172428E+01, -2.11185417E+01, -2.11152897E+01, -2.11120110E+01, -2.11153622E+01, -2.11156044E+01, -2.11130524E+01, -2.11137695E+01, -2.11156044E+01, -2.11150513E+01
1552.7799999999909, -2.11165047E+01, -2.11150074E+01, -2.11147976E+01, -2.11175537E+01, -2.11176834E+01, -2.11160908E+01, -2.11163673E+01, -2.11185074E+01, -2.11166286E+01, -2.11162853E+01
1552.7819999999908, -2.11068535E+01, -2.11065712E+01, -2.11048489E+01, -2.11050205E+01, -2.11067238E+01, -2.11052303E+01, -2.11047630E+01, -2.11084023E+01, -2.11060467E+01, -2.11055355E+01
1552.7839999999908, -2.11064644E+01, -2.11040840E+01, -2.11042976E+01, -2.11045723E+01, -2.11054306E+01, -2.11097603E+01, -2.11089478E+01, -2.11051311E+01, -2.11064320E+01, -2.11063175E+01
1552.7859999999907, -2.11103916E+01, -2.11095753E+01, -2.11117077E+01, -2.11109447E+01, -2.11098270E+01, -2.11102962E+01, -2.11064091E+01, -2.11088142E+01, -2.11110020E+01, -2.11123734E+01
1552.7879999999907, -2.11118717E+01, -2.11099358E+01, -2.11077271E+01, -2.11011448E+01, -2.11023369E+01, -2.11007404E+01, -2.11064472E+01, -2.11112614E+01, -2.11135063E+01, -2.11088829E+01
1552.7899999999906, -2.11166553E+01, -2.11186256E+01, -2.11184750E+01, -2.11206264E+01, -2.11210213E+01, -2.11180573E+01, -2.11189175E+01, -2.11212540E+01, -2.11204567E+01, -2.11184006E+01
1552.7919999999906, -2.11174679E+01, -2.11148491E+01, -2.11166439E+01, -2.11184807E+01, -2.11177235E+01, -2.11159039E+01, -2.11176224E+01, -2.11175308E+01, -2.11155872E+01, -2.11162815E+01
1552.7939999999905, -2.11238785E+01, -2.11230965E+01, -2.11241608E+01, -2.11245461E+01, -2.11239281E+01, -2.11174126E+01, -2.11044827E+01, -2.11019287E+01, -2.11039867E+01, -2.11046066E+01
1552.7959999999905, -2.10942707E+01, -2.11440182E+01, -2.11039314E+01, -2.10922871E+01, -2.11021347E+01, -2.10992622E+01, -2.11067238E+01, -2.11114025E+01, -2.11103725E+01, -2.11100883E+01
1552.7979999999905, -2.11028385E+01, -2.11104107E+01, -2.11161079E+01, -2.11162109E+01, -2.11197166E+01, -2.11184845E+01, -2.11151085E+01, -2.11179390E+01, -2.11174469E+01, -2.11168423E+01
1552.7999999999904, -2.11197433E+01, -2.11178322E+01, -2.11180000E+01, -2.11165428E+01, -2.11168423E+01, -2.11173611E+01, -2.11173782E+01, -2.11154633E+01, -2.11170235E+01, -2.11183891E+01
1552.8019999999904, -2.11250496E+01, -2.11262474E+01, -2.11234379E+01, -2.11232224E+01, -2.11241207E+01, -2.11245441E+01, -2.11237297E+01, -2.11245670E+01, -2.11241932E+01, -2.11247253E+01
1552.8039999999903, -2.11373081E+01, -2.11386623E+01, -2.11392212E+01, -2.11362686E+01, -2.11330090E+01, -2.11353168E+01, -2.11336555E+01, -2.11346359E+01, -2.11353035E+01, -2.11336117E+01
1552.8059999999903, -2.11432343E+01, -2.11433315E+01, -2.11410275E+01, -2.11422119E+01, -2.11443424E+01, -2.11420193E+01, -2.11437569E+01, -2.11439342E+01, -2.11419735E+01, -2.11423874E+01
1552.8079999999902, -2.11496525E+01, -2.11512814E+01, -2.11512356E+01, -2.11501408E+01, -2.11512756E+01, -2.11521511E+01, -2.11506767E+01, -2.11503181E+01, -2.11525440E+01, -2.11522026E+01
1552.8099999999902, -2.11364384E+01, -2.11464691E+01, -2.11602306E+01, -2.11619701E+01, -2.11613770E+01, -2.11567478E+01, -2.11576653E+01, -2.11582813E+01, -2.11581669E+01, -2.11606407E+01
1552.8119999999901, -2.11707134E+01, -2.11684113E+01, -2.11663361E+01, -2.11680508E+01, -2.11673260E+01, -2.11655083E+01, -2.11598835E+01, -2.11651783E+01, -2.11616611E+01, -2.11624508E+01
1552.81399999999, -2.11716328E+01, -2.11746140E+01, -2.11755123E+01, -2.11749630E+01, -2.11747112E+01, -2.11787663E+01, -2.11803341E+01, -2.11774311E+01, -2.11794357E+01, -2.11793041E+01
1552.81599999999, -2.11952686E+01, -2.11936989E+01, -2.11928825E+01, -2.11954746E+01, -2.11918411E+01, -2.11910820E+01, -2.11946068E+01, -2.11945095E+01, -2.11923923E+01, -2.11930485E+01
1552.81799999999, -2.12008018E+01, -2.12034702E+01, -2.12010021E+01, -2.11972237E+01, -2.11855736E+01, -2.11827354E+01, -2.11978855E+01, -2.11890106E+01, -2.11944923E+01, -2.11979885E+01
1552.81999999999, -2.12086792E+01, -2.12065220E+01, -2.12026901E+01, -2.12074776E+01, -2.12059097E+01, -2.12054329E+01, -2.12067986E+01, -2.12045803E+01, -2.12038841E+01, -2.11960564E+01
1552.8219999999899, -2.11987305E+01, -2.11991348E+01, -2.12021656E+01, -2.12000313E+01, -2.12014217E+01, -2.12094040E+01, -2.12103806E+01, -2.12081528E+01, -2.12084846E+01, -2.12103939E+01
1552.8239999999898, -2.12235432E+01, -2.12223167E+01, -2.12205582E+01, -2.12203560E+01, -2.12214146E+01, -2.12225475E+01, -2.12209473E+01, -2.12211018E+01, -2.12214031E+01, -2.12187729E+01
1552.8259999999898, -2.12342606E+01, -2.12324219E+01, -2.12316113E+01, -2.12329903E+01, -2.12299137E+01, -2.12329807E+01, -2.12317905E+01, -2.12296410E+01, -2.12309837E+01, -2.12291431E+01
1552.8279999999897, -2.12296524E+01, -2.12312107E+01, -2.12283611E+01, -2.12284775E+01, -2.12313442E+01, -2.12298737E+01, -2.12274857E+01, -2.12279854E+01, -2.12303085E+01, -2.12280540E+01
1552.8299999999897, -2.12392006E+01, -2.12371387E+01, -2.12356663E+01, -2.12379875E+01, -2.12373829E+01, -2.12350044E+01, -2.12342472E+01, -2.12365589E+01, -2.12354965E+01, -2.12349281E+01
1552.8319999999896, -2.12391510E+01, -2.12392941E+01, -2.12381325E+01, -2.12376213E+01, -2.12391911E+01, -2.12385159E+01, -2.12370872E+01, -2.12386322E+01, -2.12382202E+01, -2.12369347E+01
1552.8339999999896, -2.12472229E+01, -2.12488651E+01, -2.12461414E+01, -2.12441463E+01, -2.12382126E+01, -2.12372093E+01, -2.12385864E+01, -2.12424088E+01, -2.12475433E+01, -2.12447224E+01
1552.8359999999896, -2.12553368E+01, -2.12526894E+01, -2.12481556E+01, -2.12487526E+01, -2.12532902E+01, -2.12534809E+01, -2.12545547E+01, -2.12527542E+01, -2.12534943E+01, -2.12541580E+01
1552.8379999999895, -2.12668056E+01, -2.12686691E+01, -2.12673206E+01, -2.12682190E+01, -2.12682323E+01, -2.12671680E+01, -2.12681484E+01, -2.12665939E+01, -2.12668686E+01, -2.12681503E+01
1552.8399999999895, -2.12795353E+01, -2.12793484E+01, -2.12778206E+01, -2.12781868E+01, -2.12796803E+01, -2.12799931E+01, -2.12776680E+01, -2.12780418E+01, -2.12801628E+01, -2.12769947E+01
1552.8419999999894, -2.12733917E+01, -2.12752819E+01, -2.12755909E+01, -2.12771454E+01, -2.12790203E+01, -2.12785454E+01, -2.12774982E+01, -2.12795067E+01, -2.12766018E+01, -2.12758560E+01
1552.8439999999894, -2.12826157E+01, -2.12801800E+01, -2.12810574E+01, -2.12815304E+01, -2.12804966E+01, -2.12821884E+01, -2.12820282E+01, -2.12845097E+01, -2.12820568E+01, -2.12789841E+01
1552.8459999999893, -2.12794418E+01, -2.12784634E+01, -2.12819118E+01, -2.12806263E+01, -2.12817993E+01, -2.12823219E+01, -2.12797050E+01, -2.12810326E+01, -2.12829666E+01, -2.12806435E+01
1552.8479999999893, -2.12824955E+01, -2.12861767E+01, -2.12831898E+01, -2.12821808E+01, -2.12830124E+01, -2.12804337E+01, -2.12816696E+01, -2.12840347E+01, -2.12833252E+01, -2.12823334E+01
1552.8499999999892, -2.12906113E+01, -2.12929516E+01, -2.12948971E+01, -2.12946396E+01, -2.12920265E+01, -2.12934971E+01, -2.12923698E+01, -2.12923279E+01, -2.12943611E+01, -2.12952843E+01
1552.8519999999892, -2.13037071E+01, -2.13003025E+01, -2.13009319E+01, -2.13031464E+01, -2.13005543E+01, -2.13048344E+01, -2.13054962E+01, -2.13028412E+01, -2.13017979E+01, -2.13038197E+01
1552.8539999999891, -2.13095818E+01, -2.13080788E+01, -2.13056297E+01, -2.13069572E+01, -2.13029003E+01, -2.13020153E+01, -2.13047695E+01, -2.13041649E+01, -2.12992153E+01, -2.13017082E+01
1552.855999999989, -2.13035431E+01, -2.13084564E+01, -2.13053246E+01, -2.13032475E+01, -2.13071175E+01, -2.13069344E+01, -2.13055820E+01, -2.13079739E+01, -2.13064423E+01, -2.13078613E+01
1552.857999999989, -2.13074360E+01, -2.13108330E+01, -2.13091984E+01, -2.13066082E+01, -2.13097420E+01, -2.13110523E+01, -2.13071156E+01, -2.13092327E+01, -2.13091354E+01, -2.13075600E+01
1552.859999999989, -2.13096771E+01, -2.13069687E+01, -2.13074780E+01, -2.13091831E+01, -2.13071041E+01, -2.13079243E+01, -2.13091106E+01, -2.13058300E+01, -2.13083954E+01, -2.13094540E+01
1552.861999999989, -2.13094997E+01, -2.13088112E+01, -2.13078480E+01, -2.13092880E+01, -2.13075542E+01, -2.13095245E+01, -2.13071461E+01, -2.13088264E+01, -2.13097668E+01, -2.13069859E+01
1552.863999999989, -2.13119373E+01, -2.13101082E+01, -2.13100853E+01, -2.13114491E+01, -2.13080425E+01, -2.13109226E+01, -2.13101387E+01, -2.13079281E+01, -2.13119755E+01, -2.13129025E+01
1552.8659999999888, -2.13102264E+01, -2.13071041E+01, -2.13075638E+01, -2.13072300E+01, -2.13067036E+01, -2.13081913E+01, -2.13057823E+01, -2.13093815E+01, -2.13105106E+01, -2.13089504E+01
1552.8679999999888, -2.13117619E+01, -2.13134689E+01, -2.13111420E+01, -2.13102207E+01, -2.13100605E+01, -2.13112888E+01, -2.13087578E+01, -2.13106632E+01, -2.13120975E+01, -2.13101387E+01
1552.8699999999887, -2.13150978E+01, -2.13118553E+01, -2.13094769E+01, -2.13109303E+01, -2.13084831E+01, -2.13115005E+01, -2.13112297E+01, -2.13107166E+01, -2.13081722E+01, -2.13086567E+01
1552.8719999999887, -2.13163643E+01, -2.13123169E+01, -2.13143845E+01, -2.13178177E+01, -2.13182392E+01, -2.13194332E+01, -2.13133678E+01, -2.13171635E+01, -2.13116665E+01, -2.13170605E+01
1552.8739999999887, -2.13140717E+01, -2.13105984E+01, -2.13140125E+01, -2.13142128E+01, -2.13119850E+01, -2.13096848E+01, -2.13093700E+01, -2.13089275E+01, -2.13126926E+01, -2.13097610E+01
1552.8759999999886, -2.13075943E+01, -2.13119869E+01, -2.13107872E+01, -2.13095894E+01, -2.13082085E+01, -2.13082256E+01, -2.13067741E+01, -2.13053112E+01, -2.13008938E+01, -2.13032608E+01
1552.8779999999886, -2.13014793E+01, -2.13034554E+01, -2.13049316E+01, -2.12995243E+01, -2.13020287E+01, -2.13029118E+01, -2.13102436E+01, -2.13056641E+01, -2.13053703E+01, -2.13080368E+01
1552.8799999999885, -2.13070450E+01, -2.13038197E+01, -2.13067284E+01, -2.13075886E+01, -2.13079319E+01, -2.13087387E+01, -2.13035431E+01, -2.12991104E+01, -2.13000431E+01, -2.13067913E+01
1552.8819999999885, -2.12991123E+01, -2.13012600E+01, -2.13019753E+01, -2.13030643E+01, -2.13009663E+01, -2.13003483E+01, -2.12975044E+01, -2.13013325E+01, -2.13041573E+01, -2.13011189E+01
1552.8839999999884, -2.12776661E+01, -2.12688580E+01, -2.12615204E+01, -2.12655735E+01, -2.12667065E+01, -2.12676945E+01, -2.12637024E+01, -2.12722855E+01, -2.12818108E+01, -2.12885151E+01
1552.8859999999884, -2.12899494E+01, -2.12868938E+01, -2.12878742E+01, -2.12891369E+01, -2.12934666E+01, -2.12877560E+01, -2.12880440E+01, -2.12881622E+01, -2.12861652E+01, -2.12928448E+01
1552.8879999999883, -2.12838669E+01, -2.12811966E+01, -2.12868824E+01, -2.12844734E+01, -2.12888432E+01, -2.12868748E+01, -2.12839050E+01, -2.12906475E+01, -2.12853851E+01, -2.12880440E+01
1552.8899999999883, -2.12864933E+01, -2.12877159E+01, -2.12848148E+01, -2.12856541E+01, -2.12884483E+01, -2.12861233E+01, -2.12881966E+01, -2.12832699E+01, -2.12850723E+01, -2.12825851E+01
1552.8919999999882, -2.12758083E+01, -2.12796249E+01, -2.12753868E+01, -2.12757092E+01, -2.12750988E+01, -2.12755623E+01, -2.12763367E+01, -2.12756939E+01, -2.12788734E+01, -2.12729454E+01
1552.8939999999882, -2.12752342E+01, -2.12713604E+01, -2.12658062E+01, -2.12709980E+01, -2.12712440E+01, -2.12773781E+01, -2.12723083E+01, -2.12725239E+01, -2.12772102E+01, -2.12714367E+01
1552.8959999999881, -2.12673607E+01, -2.12673302E+01, -2.12688446E+01, -2.12682018E+01, -2.12646427E+01, -2.12713909E+01, -2.12696590E+01, -2.12725124E+01, -2.12774544E+01, -2.12736492E+01
1552.897999999988, -2.12598381E+01, -2.12583027E+01, -2.12596741E+01, -2.12567577E+01, -2.12659645E+01, -2.12628441E+01, -2.12652168E+01, -2.12652264E+01, -2.12648067E+01, -2.12667637E+01
1552.899999999988, -2.12520847E+01, -2.12534218E+01, -2.12558746E+01, -2.12525959E+01, -2.12511520E+01, -2.12486725E+01, -2.12489758E+01, -2.12527428E+01, -2.12493534E+01, -2.12481995E+01
1552.901999999988, -2.12405262E+01, -2.12380276E+01, -2.12420750E+01, -2.12369537E+01, -2.12385750E+01, -2.12424259E+01, -2.12406712E+01, -2.12407112E+01, -2.12430935E+01, -2.12397194E+01
1552.903999999988, -2.12385788E+01, -2.12324448E+01, -2.12346725E+01, -2.12345943E+01, -2.12353172E+01, -2.12354279E+01, -2.12348766E+01, -2.12361660E+01, -2.12386837E+01, -2.12365532E+01
1552.905999999988, -2.12225666E+01, -2.12219334E+01, -2.12192974E+01, -2.12181034E+01, -2.12207775E+01, -2.12183666E+01, -2.12221832E+01, -2.12183838E+01, -2.12195511E+01, -2.12220440E+01
1552.9079999999879, -2.12117710E+01, -2.12156734E+01, -2.12136917E+01, -2.12147560E+01, -2.12137394E+01, -2.12150307E+01, -2.12135601E+01, -2.12111492E+01, -2.12142200E+01, -2.12132359E+01
1552.9099999999878, -2.12039585E+01, -2.12025261E+01, -2.12065563E+01, -2.12034111E+01, -2.12054615E+01, -2.12034836E+01, -2.12031059E+01, -2.12045975E+01, -2.12050915E+01, -2.12087002E+01
1552.9119999999878, -2.11964588E+01, -2.12012577E+01, -2.11979656E+01, -2.11956882E+01, -2.11983833E+01, -2.11956921E+01, -2.11983223E+01, -2.12007790E+01, -2.12006989E+01, -2.11978531E+01
1552.9139999999877, -2.11863422E+01, -2.11897068E+01, -2.11872311E+01, -2.11867447E+01, -2.11877747E+01, -2.11850300E+01, -2.11891308E+01, -2.11899204E+01, -2.11848698E+01, -2.11865273E+01
1552.9159999999877, -2.11822090E+01, -2.11825733E+01, -2.11789246E+01, -2.11797485E+01, -2.11862278E+01, -2.11820354E+01, -2.11834583E+01, -2.11836357E+01, -2.11824894E+01, -2.11830158E+01
1552.9179999999876, -2.11730576E+01, -2.11751118E+01, -2.11767769E+01, -2.11809006E+01, -2.11740189E+01, -2.11764641E+01, -2.11754436E+01, -2.11717834E+01, -2.11776142E+01, -2.11762733E+01
1552.9199999999876, -2.11622429E+01, -2.11657028E+01, -2.11637611E+01, -2.11659889E+01, -2.11637039E+01, -2.11622219E+01, -2.11642990E+01, -2.11591320E+01, -2.11603622E+01, -2.11612873E+01
1552.9219999999875, -2.11515484E+01, -2.11485653E+01, -2.11512508E+01, -2.11480618E+01, -2.11493797E+01, -2.11535892E+01, -2.11481228E+01, -2.11517258E+01, -2.11519299E+01, -2.11524582E+01
1552.9239999999875, -2.11470013E+01, -2.11424503E+01, -2.11386242E+01, -2.11406422E+01, -2.11382732E+01, -2.11341553E+01, -2.11408825E+01, -2.11367741E+01, -2.11357460E+01, -2.11413727E+01
1552.9259999999874, -2.11323700E+01, -2.11321430E+01, -2.11365814E+01, -2.11332760E+01, -2.11348133E+01, -2.11384201E+01, -2.11332359E+01, -2.11375751E+01, -2.11367397E+01, -2.11346035E+01
1552.9279999999874, -2.11201115E+01, -2.11196938E+01, -2.11218529E+01, -2.11197910E+01, -2.11177101E+01, -2.11237640E+01, -2.11244850E+01, -2.11278439E+01, -2.11231728E+01, -2.11203938E+01
1552.9299999999873, -2.11150417E+01, -2.11197624E+01, -2.11155777E+01, -2.11153507E+01, -2.11187553E+01, -2.11181240E+01, -2.11194458E+01, -2.11187401E+01, -2.11147575E+01, -2.11138496E+01
1552.9319999999873, -2.11037731E+01, -2.11062012E+01, -2.11055183E+01, -2.11025085E+01, -2.11060200E+01, -2.11041889E+01, -2.10972767E+01, -2.11000175E+01, -2.11021347E+01, -2.11021805E+01
1552.9339999999872, -2.10918407E+01, -2.10873108E+01, -2.10895481E+01, -2.10919056E+01, -2.10895309E+01, -2.10856171E+01, -2.10872097E+01, -2.10841217E+01, -2.10843391E+01, -2.10909691E+01
1552.9359999999872, -2.10746994E+01, -2.10793304E+01, -2.10756836E+01, -2.10706711E+01, -2.10810776E+01, -2.10786839E+01, -2.10796452E+01, -2.10785503E+01, -2.10776024E+01, -2.10791245E+01
1552.9379999999871, -2.10423660E+01, -2.10509758E+01, -2.10580788E+01, -2.10613499E+01, -2.10602016E+01, -2.10748634E+01, -2.10734520E+01, -2.10695210E+01, -2.10725250E+01, -2.10723915E+01
1552.939999999987, -2.10645409E+01, -2.10672302E+01, -2.10668678E+01, -2.10619583E+01, -2.10680218E+01, -2.10635796E+01, -2.10631676E+01, -2.10677605E+01, -2.10657463E+01, -2.10665760E+01
1552.941999999987, -2.10594597E+01, -2.10508823E+01, -2.10497360E+01, -2.10535355E+01, -2.10587139E+01, -2.10549870E+01, -2.10604706E+01, -2.10610580E+01, -2.10561466E+01, -2.10578098E+01
1552.943999999987, -2.10545712E+01, -2.10504894E+01, -2.10539474E+01, -2.10552444E+01, -2.10535583E+01, -2.10510998E+01, -2.10560474E+01, -2.10545425E+01, -2.10518570E+01, -2.10551109E+01
1552.945999999987, -2.10382061E+01, -2.10448151E+01, -2.10462627E+01, -2.10415936E+01, -2.10420151E+01, -2.10457859E+01, -2.10423985E+01, -2.10417881E+01, -2.10453644E+01, -2.10456905E+01
1552.947999999987, -2.10252151E+01, -2.10226955E+01, -2.10245743E+01, -2.10317497E+01, -2.10319996E+01, -2.10302582E+01, -2.10335197E+01, -2.10321770E+01, -2.10266857E+01, -2.10270557E+01
1552.9499999999869, -2.10215797E+01, -2.10203590E+01, -2.10225677E+01, -2.10228996E+01, -2.10231056E+01, -2.10202198E+01, -2.10208721E+01, -2.10249043E+01, -2.10223808E+01, -2.10221519E+01
1552.9519999999868, -2.10138817E+01, -2.10130692E+01, -2.10172253E+01, -2.10127163E+01, -2.10143661E+01, -2.10142326E+01, -2.10130405E+01, -2.10176144E+01, -2.10117207E+01, -2.10157013E+01
1552.9539999999868, -2.10044651E+01, -2.09993477E+01, -2.10018654E+01, -2.10051708E+01, -2.10013428E+01, -2.10005779E+01, -2.10051823E+01, -2.10002441E+01, -2.10015888E+01, -2.10011787E+01
1552.9559999999867, -2.09921474E+01, -2.09954147E+01, -2.09923458E+01, -2.09960136E+01, -2.09981136E+01, -2.09949417E+01, -2.09975510E+01, -2.09940319E+01, -2.09932289E+01, -2.09967880E+01
1552.9579999999867, -2.09897919E+01, -2.09941502E+01, -2.09924011E+01, -2.09915180E+01, -2.09930706E+01, -2.09911308E+01, -2.09920349E+01, -2.09900227E+01, -2.09873962E+01, -2.09911175E+01
1552.9599999999866, -2.09828434E+01, -2.09750595E+01, -2.09766159E+01, -2.09719353E+01, -2.09798946E+01, -2.09763527E+01, -2.09723129E+01, -2.09774151E+01, -2.09810429E+01, -2.09751282E+01
1552.9619999999866, -2.09616623E+01, -2.09613533E+01, -2.09589729E+01, -2.09647579E+01, -2.09641914E+01, -2.09642792E+01, -2.09659004E+01, -2.09665585E+01, -2.09635601E+01, -2.09615917E+01
1552.9639999999865, -2.09636631E+01, -2.09574471E+01, -2.09599724E+01, -2.09624519E+01, -2.09577808E+01, -2.09626503E+01, -2.09593601E+01, -2.09580040E+01, -2.09621925E+01, -2.09628334E+01
1552.9659999999865, -2.09552555E+01, -2.09570293E+01, -2.09547310E+01, -2.09522858E+01, -2.09530029E+01, -2.09526653E+01, -2.09542770E+01, -2.09534397E+01, -2.09583054E+01, -2.09594078E+01
1552.9679999999864, -2.09501171E+01, -2.09472923E+01, -2.09487000E+01, -2.09500675E+01, -2.09497681E+01, -2.09515839E+01, -2.09450760E+01, -2.09439049E+01, -2.09425926E+01, -2.09432125E+01
1552.9699999999864, -2.09411716E+01, -2.09461117E+01, -2.09445515E+01, -2.09427166E+01, -2.09454899E+01, -2.09399662E+01, -2.09375668E+01, -2.09404125E+01, -2.09393444E+01, -2.09385700E+01
1552.9719999999863, -2.09314709E+01, -2.09316044E+01, -2.09342651E+01, -2.09317665E+01, -2.09323730E+01, -2.09370136E+01, -2.09338036E+01, -2.09327908E+01, -2.09327698E+01, -2.09335880E+01
1552.9739999999863, -2.09309578E+01, -2.09314060E+01, -2.09239178E+01, -2.09264908E+01, -2.09255180E+01, -2.09265862E+01, -2.09238014E+01, -2.09256210E+01, -2.09248543E+01, -2.09257088E+01
1552.9759999999862, -2.09288692E+01, -2.09308224E+01, -2.09293938E+01, -2.09310093E+01, -2.09339123E+01, -2.09274635E+01, -2.09256153E+01, -2.09296474E+01, -2.09298916E+01, -2.09298973E+01
1552.9779999999862, -2.09242344E+01, -2.09227676E+01, -2.09287663E+01, -2.09258327E+01, -2.09270687E+01, -2.09299889E+01, -2.09319878E+01, -2.09276257E+01, -2.09294968E+01, -2.09306927E+01
1552.9799999999861, -2.09254913E+01, -2.09253502E+01, -2.09194393E+01, -2.09217319E+01, -2.09251461E+01, -2.09195728E+01, -2.09225731E+01, -2.09254322E+01, -2.09195747E+01, -2.09213543E+01
1552.981999999986, -2.09244804E+01, -2.09223652E+01, -2.09227695E+01, -2.09211807E+01, -2.09208355E+01, -2.09223518E+01, -2.09220829E+01, -2.09266911E+01, -2.09258270E+01, -2.09241314E+01
1552.983999999986, -2.09236507E+01, -2.09183598E+01, -2.09204311E+01, -2.09230824E+01, -2.09190445E+01, -2.09228554E+01, -2.09213314E+01, -2.09193325E+01, -2.09219532E+01, -2.09202805E+01
1552.985999999986, -2.09149857E+01, -2.09169941E+01, -2.09177990E+01, -2.09217319E+01, -2.09154758E+01, -2.09152050E+01, -2.09170914E+01, -2.09179287E+01, -2.09147911E+01, -2.09180775E+01
1552.987999999986, -2.09174652E+01, -2.09113045E+01, -2.09116478E+01, -2.09153309E+01, -2.09121456E+01, -2.09163437E+01, -2.09153290E+01, -2.09174366E+01, -2.09150066E+01, -2.09155216E+01
1552.989999999986, -2.09185543E+01, -2.09198761E+01, -2.09233532E+01, -2.09212532E+01, -2.09181118E+01, -2.09173565E+01, -2.09203186E+01, -2.09192009E+01, -2.09229259E+01, -2.09225082E+01
1552.9919999999859, -2.09175816E+01, -2.09164181E+01, -2.09129639E+01, -2.09184513E+01, -2.09174423E+01, -2.09127007E+01, -2.09176197E+01, -2.09185314E+01, -2.09179249E+01, -2.09197521E+01
1552.9939999999858, -2.09190712E+01, -2.09238605E+01, -2.09205112E+01, -2.09197083E+01, -2.09222393E+01, -2.09198856E+01, -2.09218826E+01, -2.09255829E+01, -2.09232121E+01, -2.09199791E+01
1552.9959999999858, -2.09265995E+01, -2.09243946E+01, -2.09201622E+01, -2.09249744E+01, -2.09294033E+01, -2.09261723E+01, -2.09244652E+01, -2.09269447E+01, -2.09234543E+01, -2.09217911E+01
1552.9979999999857, -2.09228230E+01, -2.09265289E+01, -2.09226341E+01, -2.09233799E+01, -2.09249935E+01, -2.09192085E+01, -2.09229851E+01, -2.09242992E+01, -2.09181118E+01, -2.09212246E+01
1552.9999999999857, -2.09180946E+01, -2.09170704E+01, -2.09216499E+01, -2.09202900E+01, -2.09202328E+01, -2.09266529E+01, -2.09201355E+01, -2.09196911E+01, -2.09221478E+01, -2.09195156E+01
1553.0019999999856, -2.09288120E+01, -2.09315033E+01, -2.09290142E+01, -2.09275723E+01, -2.09292450E+01, -2.09274368E+01, -2.09259510E+01, -2.09277191E+01, -2.09304905E+01, -2.09264374E+01
1553.0039999999856, -2.09384918E+01, -2.09312172E+01, -2.09298153E+01, -2.09341450E+01, -2.09345169E+01, -2.09367580E+01, -2.09370098E+01, -2.09321308E+01, -2.09352207E+01, -2.09350395E+01
1553.0059999999855, -2.09313450E+01, -2.09354324E+01, -2.09372578E+01, -2.09309406E+01, -2.09328346E+01, -2.09390316E+01, -2.09386826E+01, -2.09341927E+01, -2.09364929E+01, -2.09362354E+01
1553.0079999999855, -2.09351025E+01, -2.09361763E+01, -2.09341927E+01, -2.09331913E+01, -2.09347458E+01, -2.09321423E+01, -2.09350262E+01, -2.09349537E+01, -2.09318390E+01, -2.09322624E+01
1553.0099999999854, -2.09388523E+01, -2.09386082E+01, -2.09408722E+01, -2.09439373E+01, -2.09406033E+01, -2.09393730E+01, -2.09425220E+01, -2.09432545E+01, -2.09391232E+01, -2.09443779E+01
1553.0119999999854, -2.09439220E+01, -2.09426422E+01, -2.09446754E+01, -2.09435310E+01, -2.09423218E+01, -2.09461479E+01, -2.09456158E+01, -2.09445629E+01, -2.09453220E+01, -2.09484921E+01
1553.0139999999853, -2.09521179E+01, -2.09552174E+01, -2.09542923E+01, -2.09542980E+01, -2.09566879E+01, -2.09547215E+01, -2.09558926E+01, -2.09557381E+01, -2.09551506E+01, -2.09553204E+01
1553.0159999999853, -2.09555759E+01, -2.09567451E+01, -2.09519272E+01, -2.09524765E+01, -2.09560337E+01, -2.09570103E+01, -2.09552498E+01, -2.09530087E+01, -2.09581814E+01, -2.09575405E+01
1553.0179999999852, -2.09636192E+01, -2.09627419E+01, -2.09657822E+01, -2.09625893E+01, -2.09668865E+01, -2.09651737E+01, -2.09660854E+01, -2.09696198E+01, -2.09662685E+01, -2.09635658E+01
1553.0199999999852, -2.09741020E+01, -2.09765015E+01, -2.09729156E+01, -2.09702682E+01, -2.09737835E+01, -2.09761295E+01, -2.09702644E+01, -2.09767475E+01, -2.09745274E+01, -2.09718075E+01
1553.0219999999852, -2.09824200E+01, -2.09821148E+01, -2.09809914E+01, -2.09778843E+01, -2.09802303E+01, -2.09853382E+01, -2.09860630E+01, -2.09801121E+01, -2.09845676E+01, -2.09812775E+01
1553.023999999985, -2.09892273E+01, -2.09926872E+01, -2.09856567E+01, -2.09890823E+01, -2.09896431E+01, -2.09871216E+01, -2.09889240E+01, -2.09918346E+01, -2.09895477E+01, -2.09886780E+01
1553.025999999985, -2.09966221E+01, -2.09995346E+01, -2.10001221E+01, -2.10023727E+01, -2.10018978E+01, -2.10000134E+01, -2.10003319E+01, -2.10025425E+01, -2.10000687E+01, -2.09976616E+01
1553.027999999985, -2.10070381E+01, -2.10052681E+01, -2.10048237E+01, -2.10034981E+01, -2.10056286E+01, -2.10052700E+01, -2.10045204E+01, -2.10026035E+01, -2.10043926E+01, -2.10045166E+01
1553.029999999985, -2.10121727E+01, -2.10094776E+01, -2.10051613E+01, -2.10093803E+01, -2.10116405E+01, -2.10097351E+01, -2.10098457E+01, -2.10110149E+01, -2.10060520E+01, -2.10079079E+01
1553.031999999985, -2.10248795E+01, -2.10277977E+01, -2.10244026E+01, -2.10288448E+01, -2.10299015E+01, -2.10246563E+01, -2.10253296E+01, -2.10273399E+01, -2.10274334E+01, -2.10260162E+01
1553.0339999999849, -2.10345345E+01, -2.10346012E+01, -2.10344734E+01, -2.10364952E+01, -2.10378819E+01, -2.10352001E+01, -2.10364418E+01, -2.10364017E+01, -2.10326958E+01, -2.10334263E+01
1553.0359999999848, -2.10363026E+01, -2.10382423E+01, -2.10377998E+01, -2.10374832E+01, -2.10362530E+01, -2.10375500E+01, -2.10394859E+01, -2.10377159E+01, -2.10367851E+01, -2.10401840E+01
1553.0379999999848, -2.10384636E+01, -2.10418167E+01, -2.10436306E+01, -2.10396061E+01, -2.10384808E+01, -2.10440044E+01, -2.10401058E+01, -2.10433922E+01, -2.10446587E+01, -2.10398464E+01
1553.0399999999847, -2.10519676E+01, -2.10496254E+01, -2.10491753E+01, -2.10511894E+01, -2.10520954E+01, -2.10541763E+01, -2.10561008E+01, -2.10528851E+01, -2.10524120E+01, -2.10535183E+01
1553.0419999999847, -2.10563965E+01, -2.10563641E+01, -2.10572205E+01, -2.10562820E+01, -2.10550060E+01, -2.10577888E+01, -2.10614014E+01, -2.10621128E+01, -2.10655670E+01, -2.10637360E+01
1553.0439999999846, -2.10638714E+01, -2.10624027E+01, -2.10623703E+01, -2.10605564E+01, -2.10584812E+01, -2.10599403E+01, -2.10599403E+01, -2.10621128E+01, -2.10633068E+01, -2.10640278E+01
1553.0459999999846, -2.10745831E+01, -2.10773907E+01, -2.10767422E+01, -2.10733395E+01, -2.10736275E+01, -2.10719337E+01, -2.10773163E+01, -2.10771656E+01, -2.10774803E+01, -2.10799370E+01
1553.0479999999845, -2.10914230E+01, -2.10906105E+01, -2.10935249E+01, -2.10943260E+01, -2.10933723E+01, -2.10935974E+01, -2.10916252E+01, -2.10934601E+01, -2.10927773E+01, -2.10921993E+01
1553.0499999999845, -2.10912228E+01, -2.10924854E+01, -2.10934162E+01, -2.10927429E+01, -2.10937195E+01, -2.10956974E+01, -2.10964127E+01, -2.10949059E+01, -2.10939732E+01, -2.10949612E+01
1553.0519999999844, -2.11072865E+01, -2.11049900E+01, -2.11078281E+01, -2.11065540E+01, -2.11039200E+01, -2.11062965E+01, -2.11073723E+01, -2.11072598E+01, -2.11034241E+01, -2.11043186E+01
1553.0539999999844, -2.11169834E+01, -2.11163273E+01, -2.11164532E+01, -2.11169834E+01, -2.11105061E+01, -2.11136627E+01, -2.11170349E+01, -2.11138439E+01, -2.11150970E+01, -2.11063175E+01
1553.0559999999844, -2.11196327E+01, -2.11184521E+01, -2.11228695E+01, -2.11269207E+01, -2.11245060E+01, -2.11247540E+01, -2.11242237E+01, -2.11216946E+01, -2.11241493E+01, -2.11235847E+01
1553.0579999999843, -2.11274033E+01, -2.11307487E+01, -2.11262665E+01, -2.11256199E+01, -2.11302624E+01, -2.11278381E+01, -2.11281891E+01, -2.11301422E+01, -2.11239357E+01, -2.11226578E+01
1553.0599999999843, -2.11310310E+01, -2.11307316E+01, -2.11349316E+01, -2.11356354E+01, -2.11377239E+01, -2.11357746E+01, -2.11336098E+01, -2.11359653E+01, -2.11367283E+01, -2.11333275E+01
1553.0619999999842, -2.11447964E+01, -2.11420975E+01, -2.11431885E+01, -2.11411171E+01, -2.11425076E+01, -2.11443195E+01, -2.11449165E+01, -2.11435699E+01, -2.11447277E+01, -2.11389198E+01
1553.0639999999842, -2.11512337E+01, -2.11472511E+01, -2.11543007E+01, -2.11552372E+01, -2.11526566E+01, -2.11525383E+01, -2.11544724E+01, -2.11531582E+01, -2.11553268E+01, -2.11523838E+01
1553.0659999999841, -2.11517582E+01, -2.11544399E+01, -2.11521912E+01, -2.11513081E+01, -2.11521626E+01, -2.11555157E+01, -2.11523972E+01, -2.11548729E+01, -2.11536942E+01, -2.11480045E+01
1553.067999999984, -2.11583195E+01, -2.11633224E+01, -2.11635857E+01, -2.11624851E+01, -2.11626186E+01, -2.11622791E+01, -2.11630821E+01, -2.11654930E+01, -2.11634598E+01, -2.11618729E+01
1553.069999999984, -2.11674633E+01, -2.11668682E+01, -2.11679764E+01, -2.11666565E+01, -2.11665535E+01, -2.11633701E+01, -2.11623249E+01, -2.11642017E+01, -2.11638126E+01, -2.11665535E+01
1553.071999999984, -2.11801491E+01, -2.11746311E+01, -2.11760502E+01, -2.11801853E+01, -2.11801167E+01, -2.11765308E+01, -2.11784039E+01, -2.11814461E+01, -2.11775951E+01, -2.11771317E+01
1553.073999999984, -2.11772995E+01, -2.11794224E+01, -2.11802254E+01, -2.11776142E+01, -2.11789894E+01, -2.11810207E+01, -2.11790924E+01, -2.11764107E+01, -2.11804657E+01, -2.11751461E+01
1553.0759999999839, -2.11866932E+01, -2.11799965E+01, -2.11876335E+01, -2.11898079E+01, -2.11896839E+01, -2.11848869E+01, -2.11839447E+01, -2.11906300E+01, -2.11886349E+01, -2.11881733E+01
1553.0779999999838, -2.11917610E+01, -2.11889477E+01, -2.11918640E+01, -2.11910610E+01, -2.11912384E+01, -2.11934338E+01, -2.11904240E+01, -2.11850510E+01, -2.11863079E+01, -2.11861992E+01
1553.0799999999838, -2.11942863E+01, -2.11921635E+01, -2.11945724E+01, -2.11930656E+01, -2.11911354E+01, -2.11943035E+01, -2.11891022E+01, -2.11903439E+01, -2.11926804E+01, -2.11853504E+01
1553.0819999999837, -2.11961346E+01, -2.11978264E+01, -2.11950378E+01, -2.11934643E+01, -2.11963482E+01, -2.12010670E+01, -2.11980057E+01, -2.11934872E+01, -2.12015324E+01, -2.12004795E+01
1553.0839999999837, -2.12066727E+01, -2.11979370E+01, -2.12015972E+01, -2.12029381E+01, -2.12013779E+01, -2.12010746E+01, -2.12048607E+01, -2.12090702E+01, -2.12052822E+01, -2.12089844E+01
1553.0859999999836, -2.12029781E+01, -2.12076797E+01, -2.12108364E+01, -2.12092667E+01, -2.12109966E+01, -2.12122669E+01, -2.12108765E+01, -2.12083035E+01, -2.12113018E+01, -2.12128220E+01
1553.0879999999836, -2.12119331E+01, -2.12137508E+01, -2.12156925E+01, -2.12139530E+01, -2.12145596E+01, -2.12130928E+01, -2.12116795E+01, -2.12135201E+01, -2.12152920E+01, -2.12109451E+01
1553.0899999999835, -2.12135582E+01, -2.12163506E+01, -2.12157612E+01, -2.12133121E+01, -2.12108917E+01, -2.12110748E+01, -2.12181778E+01, -2.12200089E+01, -2.12174873E+01, -2.12156849E+01
1553.0919999999835, -2.12178936E+01, -2.12203255E+01, -2.12146530E+01, -2.12196846E+01, -2.12198582E+01, -2.12192822E+01, -2.12168465E+01, -2.12187500E+01, -2.12165623E+01, -2.12152424E+01
1553.0939999999835, -2.12182808E+01, -2.12190666E+01, -2.12170429E+01, -2.12174416E+01, -2.12174244E+01, -2.12149067E+01, -2.12147732E+01, -2.12188740E+01, -2.12148514E+01, -2.12152481E+01
1553.0959999999834, -2.12168465E+01, -2.12179394E+01, -2.12180271E+01, -2.12162399E+01, -2.12145901E+01, -2.12190189E+01, -2.12216091E+01, -2.12186680E+01, -2.12195339E+01, -2.12239780E+01
1553.0979999999834, -2.12255344E+01, -2.12223816E+01, -2.12221603E+01, -2.12239304E+01, -2.12219925E+01, -2.12259560E+01, -2.12236691E+01, -2.12215652E+01, -2.12218075E+01, -2.12226753E+01
1553.0999999999833, -2.12226334E+01, -2.12265072E+01, -2.12244225E+01, -2.12236958E+01, -2.12267094E+01, -2.12249947E+01, -2.12223568E+01, -2.12260780E+01, -2.12269764E+01, -2.12233353E+01
1553.1019999999833, -2.12264423E+01, -2.12229233E+01, -2.12269878E+01, -2.12271862E+01, -2.12259159E+01, -2.12254982E+01, -2.12270317E+01, -2.12272892E+01, -2.12249508E+01, -2.12268772E+01
1553.1039999999832, -2.12211647E+01, -2.12228966E+01, -2.12212868E+01, -2.12207203E+01, -2.12228374E+01, -2.12236309E+01, -2.12205734E+01, -2.12192097E+01, -2.12227631E+01, -2.12188759E+01
1553.1059999999832, -2.12217216E+01, -2.12186852E+01, -2.12224140E+01, -2.12221775E+01, -2.12215347E+01, -2.12239475E+01, -2.12222137E+01, -2.12232246E+01, -2.12207546E+01, -2.12224731E+01
1553.1079999999831, -2.12188606E+01, -2.12194729E+01, -2.12168770E+01, -2.12196732E+01, -2.12179108E+01, -2.12189465E+01, -2.12178059E+01, -2.12167797E+01, -2.12185764E+01, -2.12179585E+01
1553.109999999983, -2.12130928E+01, -2.12146473E+01, -2.12131519E+01, -2.12151318E+01, -2.12143154E+01, -2.12151661E+01, -2.12160015E+01, -2.12119904E+01, -2.12107677E+01, -2.12126007E+01
1553.111999999983, -2.12132778E+01, -2.12106037E+01, -2.12114410E+01, -2.12129707E+01, -2.12113132E+01, -2.12113266E+01, -2.12130623E+01, -2.12124290E+01, -2.12107143E+01, -2.12126236E+01
1553.113999999983, -2.12078819E+01, -2.12087479E+01, -2.12096596E+01, -2.12059345E+01, -2.11999741E+01, -2.12071972E+01, -2.12090950E+01, -2.12078876E+01, -2.12016487E+01, -2.12055702E+01
1553.115999999983, -2.12001762E+01, -2.12013035E+01, -2.12021255E+01, -2.12010670E+01, -2.11997833E+01, -2.12010441E+01, -2.12001343E+01, -2.11900806E+01, -2.11934738E+01, -2.11991959E+01
1553.1179999999829, -2.11980343E+01, -2.11964931E+01, -2.11984138E+01, -2.11981850E+01, -2.11961975E+01, -2.11963139E+01, -2.11956291E+01, -2.11960602E+01, -2.11927280E+01, -2.11964684E+01
1553.1199999999828, -2.11949406E+01, -2.11918526E+01, -2.11916180E+01, -2.11926174E+01, -2.11895008E+01, -2.11926060E+01, -2.11947918E+01, -2.11932049E+01, -2.11922321E+01, -2.11938877E+01
1553.1219999999828, -2.11867142E+01, -2.11841393E+01, -2.11853504E+01, -2.11848793E+01, -2.11850758E+01, -2.11859455E+01, -2.11846485E+01, -2.11851730E+01, -2.11856766E+01, -2.11837158E+01
1553.1239999999827, -2.11773224E+01, -2.11757126E+01, -2.11777744E+01, -2.11759014E+01, -2.11751118E+01, -2.11767044E+01, -2.11778374E+01, -2.11756096E+01, -2.11760731E+01, -2.11772175E+01
1553.1259999999827, -2.11717396E+01, -2.11688519E+01, -2.11699715E+01, -2.11669140E+01, -2.11639328E+01, -2.11686611E+01, -2.11710968E+01, -2.11688442E+01, -2.11723671E+01, -2.11736832E+01
1553.1279999999826, -2.11686230E+01, -2.11643848E+01, -2.11653099E+01, -2.11682606E+01, -2.11681824E+01, -2.11654701E+01, -2.11669369E+01, -2.11700954E+01, -2.11680737E+01, -2.11651669E+01
1553.1299999999826, -2.11623707E+01, -2.11644402E+01, -2.11640415E+01, -2.11623077E+01, -2.11652527E+01, -2.11666851E+01, -2.11650696E+01, -2.11631851E+01, -2.11661930E+01, -2.11664219E+01
1553.1319999999826, -2.11569595E+01, -2.11572037E+01, -2.11552143E+01, -2.11568222E+01, -2.11567879E+01, -2.11551113E+01, -2.11561737E+01, -2.11562176E+01, -2.11548843E+01, -2.11557045E+01
1553.1339999999825, -2.11385212E+01, -2.11404343E+01, -2.11382103E+01, -2.11371269E+01, -2.11384029E+01, -2.11377792E+01, -2.11374435E+01, -2.11386585E+01, -2.11350727E+01, -2.11369381E+01
1553.1359999999825, -2.11308117E+01, -2.11304779E+01, -2.11320992E+01, -2.11340179E+01, -2.11328754E+01, -2.11333599E+01, -2.11346989E+01, -2.11334858E+01, -2.11344261E+01, -2.11344090E+01
1553.1379999999824, -2.11316109E+01, -2.11295547E+01, -2.11288795E+01, -2.11294689E+01, -2.11262569E+01, -2.11265430E+01, -2.11286125E+01, -2.11297455E+01, -2.11304588E+01, -2.11277294E+01
1553.1399999999824, -2.11207809E+01, -2.11180897E+01, -2.11203327E+01, -2.11183453E+01, -2.11181736E+01, -2.11186485E+01, -2.11175423E+01, -2.11156635E+01, -2.11180611E+01, -2.11173172E+01
1553.1419999999823, -2.11113644E+01, -2.11112404E+01, -2.11086960E+01, -2.11095963E+01, -2.11107998E+01, -2.11104050E+01, -2.11078339E+01, -2.11102467E+01, -2.11116619E+01, -2.11098194E+01
1553.1439999999823, -2.10952148E+01, -2.10944042E+01, -2.10952759E+01, -2.10933990E+01, -2.10934944E+01, -2.10990582E+01, -2.10987377E+01, -2.11007023E+01, -2.11003799E+01, -2.10983448E+01
1553.1459999999822, -2.10914078E+01, -2.10916939E+01, -2.10905933E+01, -2.10893517E+01, -2.10918007E+01, -2.10903454E+01, -2.10884438E+01, -2.10909576E+01, -2.10914402E+01, -2.10894241E+01
1553.1479999999822, -2.10808487E+01, -2.10778885E+01, -2.10810966E+01, -2.10801392E+01, -2.10770607E+01, -2.10798817E+01, -2.10798244E+01, -2.10793324E+01, -2.10815735E+01, -2.10792942E+01
1553.1499999999821, -2.10696468E+01, -2.10699940E+01, -2.10652046E+01, -2.10630341E+01, -2.10655727E+01, -2.10678768E+01, -2.10680008E+01, -2.10693665E+01, -2.10694084E+01, -2.10701504E+01
1553.151999999982, -2.10591812E+01, -2.10575180E+01, -2.10589924E+01, -2.10576000E+01, -2.10588989E+01, -2.10616398E+01, -2.10604420E+01, -2.10591583E+01, -2.10609589E+01, -2.10595112E+01
1553.153999999982, -2.10519562E+01, -2.10491047E+01, -2.10494576E+01, -2.10514774E+01, -2.10490704E+01, -2.10477524E+01, -2.10507259E+01, -2.10483799E+01, -2.10476704E+01, -2.10487309E+01
1553.155999999982, -2.10403519E+01, -2.10424385E+01, -2.10404091E+01, -2.10388737E+01, -2.10417500E+01, -2.10412331E+01, -2.10394955E+01, -2.10405178E+01, -2.10422096E+01, -2.10399780E+01
1553.157999999982, -2.10337467E+01, -2.10350342E+01, -2.10326080E+01, -2.10324650E+01, -2.10332184E+01, -2.10317841E+01, -2.10311184E+01, -2.10326843E+01, -2.10328617E+01, -2.10309029E+01
1553.159999999982, -2.10227451E+01, -2.10234089E+01, -2.10210781E+01, -2.10206852E+01, -2.10224094E+01, -2.10220375E+01, -2.10201092E+01, -2.10197506E+01, -2.10214405E+01, -2.10201588E+01
1553.1619999999818, -2.10096321E+01, -2.10109043E+01, -2.10102005E+01, -2.10089474E+01, -2.10105991E+01, -2.10093555E+01, -2.10070705E+01, -2.10089092E+01, -2.10100327E+01, -2.10100670E+01
1553.1639999999818, -2.09962330E+01, -2.09982433E+01, -2.09983044E+01, -2.09955082E+01, -2.09961071E+01, -2.09989014E+01, -2.09965019E+01, -2.09948559E+01, -2.09951763E+01, -2.09954853E+01
1553.1659999999818, -2.09876823E+01, -2.09855537E+01, -2.09843159E+01, -2.09867210E+01, -2.09869003E+01, -2.09841385E+01, -2.09862270E+01, -2.09859810E+01, -2.09840240E+01, -2.09859047E+01
1553.1679999999817, -2.09811077E+01, -2.09803638E+01, -2.09787922E+01, -2.09816055E+01, -2.09804955E+01, -2.09786434E+01, -2.09805889E+01, -2.09799137E+01, -2.09776230E+01, -2.09803581E+01
1553.1699999999817, -2.09724426E+01, -2.09727364E+01, -2.09744015E+01, -2.09736271E+01, -2.09714546E+01, -2.09727650E+01, -2.09744072E+01, -2.09731731E+01, -2.09719486E+01, -2.09740028E+01
1553.1719999999816, -2.09588242E+01, -2.09598751E+01, -2.09598980E+01, -2.09655151E+01, -2.09657993E+01, -2.09644260E+01, -2.09673290E+01, -2.09672279E+01, -2.09652176E+01, -2.09630966E+01
1553.1739999999816, -2.09608898E+01, -2.09591789E+01, -2.09605618E+01, -2.09611835E+01, -2.09587479E+01, -2.09592514E+01, -2.09612980E+01, -2.09593163E+01, -2.09579201E+01, -2.09612255E+01
1553.1759999999815, -2.09476032E+01, -2.09492702E+01, -2.09492531E+01, -2.09495068E+01, -2.09512901E+01, -2.09526100E+01, -2.09507599E+01, -2.09490356E+01, -2.09515724E+01, -2.09499054E+01
1553.1779999999815, -2.09401398E+01, -2.09392624E+01, -2.09411068E+01, -2.09420929E+01, -2.09389553E+01, -2.09370632E+01, -2.09392204E+01, -2.09388351E+01, -2.09373512E+01, -2.09384937E+01
1553.1799999999814, -2.09319954E+01, -2.09302425E+01, -2.09301357E+01, -2.09309769E+01, -2.09314709E+01, -2.09293232E+01, -2.09289761E+01, -2.09305573E+01, -2.09304485E+01, -2.09289227E+01
1553.1819999999814, -2.09259567E+01, -2.09266262E+01, -2.09273987E+01, -2.09185333E+01, -2.09205818E+01, -2.09260807E+01, -2.09245663E+01, -2.09241028E+01, -2.09258595E+01, -2.09242477E+01
1553.1839999999813, -2.09218140E+01, -2.09226227E+01, -2.09224720E+01, -2.09214401E+01, -2.09238052E+01, -2.09230537E+01, -2.09232273E+01, -2.09243851E+01, -2.09224892E+01, -2.09237804E+01
1553.1859999999813, -2.09171410E+01, -2.09147091E+01, -2.09172897E+01, -2.09176006E+01, -2.09160137E+01, -2.09172382E+01, -2.09161549E+01, -2.09145699E+01, -2.09175072E+01, -2.09161434E+01
1553.1879999999812, -2.09101753E+01, -2.09119415E+01, -2.09101620E+01, -2.09109116E+01, -2.09119358E+01, -2.09095993E+01, -2.09101086E+01, -2.09119072E+01, -2.09110470E+01, -2.09105549E+01
1553.1899999999812, -2.09103241E+01, -2.09096413E+01, -2.09103146E+01, -2.09106579E+01, -2.09109707E+01, -2.09096413E+01, -2.09104156E+01, -2.09110622E+01, -2.09100933E+01, -2.09117031E+01
1553.1919999999811, -2.09109154E+01, -2.09118099E+01, -2.09136372E+01, -2.09120483E+01, -2.09119072E+01, -2.09119835E+01, -2.09109058E+01, -2.09107018E+01, -2.09118538E+01, -2.09117622E+01
1553.193999999981, -2.09079018E+01, -2.09084358E+01, -2.09104080E+01, -2.09092102E+01, -2.09097500E+01, -2.09100170E+01, -2.09107018E+01, -2.09091415E+01, -2.09103622E+01, -2.09118652E+01
1553.195999999981, -2.09117680E+01, -2.09130707E+01, -2.09114761E+01, -2.09110088E+01, -2.09120998E+01, -2.09116287E+01, -2.09096527E+01, -2.09062023E+01, -2.09087429E+01, -2.09092522E+01
1553.197999999981, -2.09036160E+01, -2.09039173E+01, -2.09029751E+01, -2.09036980E+01, -2.09032021E+01, -2.09005966E+01, -2.09004936E+01, -2.09037781E+01, -2.09030991E+01, -2.09018841E+01
1553.199999999981, -2.09083328E+01, -2.09063854E+01, -2.09026108E+01, -2.09003963E+01, -2.08953133E+01, -2.08974152E+01, -2.09059219E+01, -2.09085217E+01, -2.09068756E+01, -2.09063320E+01
1553.201999999981, -2.09065895E+01, -2.09087963E+01, -2.09088821E+01, -2.09076710E+01, -2.09108524E+01, -2.09099731E+01, -2.09081116E+01, -2.09088173E+01, -2.09102325E+01, -2.09087162E+01
