wavelength_nm ,power_reading_0_dbm ,power_reading_1_dbm ,power_reading_2_dbm ,power_reading_3_dbm ,power_reading_4_dbm ,power_reading_5_dbm ,power_reading_6_dbm ,power_reading_7_dbm ,power_reading_8_dbm ,power_reading_9_dbm 
1535.0, -17.280983, -17.2798653, -17.2787266, -17.2778492, -17.2770557, -17.2769661, -17.2769032, -17.2777271, -17.2784367, -17.2784214
1535.1, -16.1324806, -16.1332645, -16.1337547, -16.1333714, -16.1338711, -16.1339951, -16.1346397, -16.1348495, -16.1356392, -16.1350689
1535.1999999999998, -17.2018433, -17.2016621, -17.2005539, -17.2006245, -17.201395, -17.2012215, -17.2009201, -17.2008877, -17.2014771, -17.2013435
1535.2999999999997, -16.5231247, -16.5236778, -16.5238876, -16.5234528, -16.5227318, -16.5215607, -16.5217323, -16.5222301, -16.5216999, -16.5222778
1535.3999999999996, -17.0765057, -17.0756092, -17.0754108, -17.0758381, -17.0769024, -17.0766773, -17.0767002, -17.0776501, -17.0781689, -17.0784798
1535.4999999999995, -16.7873669, -16.7878857, -16.7890835, -16.7878876, -16.7878494, -16.7852974, -16.7846012, -16.7852001, -16.7856388, -16.785614
1535.5999999999995, -16.7130184, -16.7124805, -16.7123299, -16.7126026, -16.7119656, -16.7115974, -16.7113247, -16.7109432, -16.7117329, -16.7113285
1535.6999999999994, -16.7960224, -16.7994823, -16.8004093, -16.8027687, -16.803812, -16.8061695, -16.8075161, -16.8095531, -16.8090973, -16.8083382
1535.7999999999993, -17.2216187, -17.2207737, -17.2183762, -17.2169399, -17.2166748, -17.2169361, -17.2162552, -17.2166176, -17.2165165, -17.2167454
1535.8999999999992, -16.3319855, -16.3327961, -16.3315964, -16.331356, -16.3323879, -16.3325539, -16.332756, -16.3344536, -16.3349743, -16.3334389
1535.999999999999, -17.336668, -17.3355141, -17.3357983, -17.3360519, -17.336462, -17.3356152, -17.335453, -17.3361187, -17.3367329, -17.3374081
1536.099999999999, -16.3428516, -16.3419743, -16.3418159, -16.3416786, -16.3412876, -16.3427048, -16.3432446, -16.3427696, -16.3423595, -16.3415909
1536.199999999999, -17.2426529, -17.2417393, -17.2401829, -17.239542, -17.2400475, -17.240696, -17.2430859, -17.243391, -17.2432175, -17.2427139
1536.2999999999988, -16.7222538, -16.7222023, -16.7213249, -16.7224789, -16.7227135, -16.7220974, -16.7209988, -16.7192783, -16.7181873, -16.7171841
1536.3999999999987, -16.8374767, -16.8378143, -16.8379383, -16.8382244, -16.8377934, -16.8373203, -16.8380222, -16.8379345, -16.8376904, -16.838913
1536.4999999999986, -16.9384518, -16.9394207, -16.9400158, -16.9410801, -16.9395771, -16.9401493, -16.9400234, -16.9381084, -16.9383926, -16.9384212
1536.5999999999985, -16.9298038, -16.9290981, -16.9277992, -16.9269772, -16.9259701, -16.9253788, -16.9252548, -16.9250546, -16.9244671, -16.9233246
1536.6999999999985, -16.4730473, -16.4742661, -16.4739113, -16.4738331, -16.473299, -16.4724827, -16.4721584, -16.4734287, -16.4725761, -16.4723358
1536.7999999999984, -17.2919254, -17.2922058, -17.2926025, -17.2913742, -17.2919331, -17.2908993, -17.2911625, -17.2915745, -17.2907562, -17.2910538
1536.8999999999983, -16.2120228, -16.2116909, -16.2107239, -16.2091103, -16.205328, -16.2051239, -16.2061443, -16.2092209, -16.2113476, -16.2117214
1536.9999999999982, -17.2186165, -17.2172928, -17.2190399, -17.2188683, -17.219223, -17.2192345, -17.2193642, -17.219944, -17.2182636, -17.2188606
1537.099999999998, -16.481966, -16.4816113, -16.481842, -16.4818726, -16.4823017, -16.4797459, -16.4796047, -16.4811935, -16.4811726, -16.4808044
1537.199999999998, -16.9144554, -16.9156799, -16.9150009, -16.9148579, -16.9145336, -16.9149036, -16.9155483, -16.9162159, -16.9162121, -16.9166756
1537.299999999998, -16.6706028, -16.6696205, -16.6703033, -16.67066, -16.6696491, -16.6675301, -16.6672173, -16.6662655, -16.6668129, -16.6668816
1537.3999999999978, -16.5868664, -16.5864677, -16.5862179, -16.5889626, -16.5869846, -16.5860348, -16.58605, -16.5853405, -16.5851116, -16.5855408
1537.4999999999977, -16.4871941, -16.4876537, -16.4881897, -16.4886398, -16.4877777, -16.4869175, -16.4867134, -16.4873123, -16.4884548, -16.488945
1537.5999999999976, -17.0924625, -17.0932655, -17.0931835, -17.0924816, -17.0920563, -17.0923958, -17.0925541, -17.0930119, -17.0928783, -17.0926685
1537.6999999999975, -15.9970312, -15.9967556, -15.9980536, -15.9980869, -15.9963732, -15.9971104, -15.9974594, -15.9974194, -15.9973602, -15.9977179
1537.7999999999975, -17.1007786, -17.1002254, -17.0999203, -17.0989914, -17.0997772, -17.0994854, -17.0996418, -17.1006775, -17.1012421, -17.1000767
1537.8999999999974, -15.9968176, -15.9969378, -15.9986496, -15.9981241, -15.9978676, -15.9982195, -15.9987202, -15.9985504, -15.9991703, -15.9979229
1537.9999999999973, -16.8778496, -16.8792496, -16.8803139, -16.8810253, -16.8813515, -16.8811607, -16.8806896, -16.8803902, -16.8813248, -16.8822784
1538.0999999999972, -16.2519073, -16.2510891, -16.2504406, -16.251749, -16.2508659, -16.251709, -16.252779, -16.2533741, -16.2502499, -16.2491817
1538.199999999997, -16.4960117, -16.4957104, -16.4960899, -16.4958725, -16.4948788, -16.4952087, -16.4947681, -16.4958992, -16.4966316, -16.4970875
1538.299999999997, -16.2375813, -16.239006, -16.2393665, -16.2404785, -16.2414036, -16.2404766, -16.2406235, -16.2409267, -16.2417831, -16.2411766
1538.399999999997, -16.7317715, -16.7303391, -16.730545, -16.7303905, -16.7304974, -16.7300091, -16.7300339, -16.7300282, -16.7298431, -16.7294235
1538.4999999999968, -15.8904161, -15.8903894, -15.8904676, -15.8892384, -15.8910885, -15.8912163, -15.8925581, -15.8912535, -15.8904972, -15.8906326
1538.5999999999967, -16.934082, -16.9341316, -16.9339008, -16.9334888, -16.933363, -16.9332771, -16.9337502, -16.9340935, -16.9334087, -16.9337196
1538.6999999999966, -15.623765, -15.6238747, -15.624321, -15.6238003, -15.624361, -15.6263123, -15.6254072, -15.6237535, -15.6237278, -15.6238937
1538.7999999999965, -16.7630596, -16.7631474, -16.7630444, -16.762785, -16.7628765, -16.7639637, -16.7631874, -16.7632446, -16.7633038, -16.7621593
1538.8999999999965, -15.9496899, -15.94736, -15.9478369, -15.9508953, -15.9520235, -15.9518728, -15.9528475, -15.9517403, -15.951643, -15.950593
1538.9999999999964, -16.5421982, -16.540184, -16.5353069, -16.5372887, -16.53615, -16.537178, -16.5391808, -16.5410824, -16.540987, -16.5404816
1539.0999999999963, -15.9993382, -16.0008507, -15.9990549, -16.0011845, -16.0061283, -16.0080376, -16.0094624, -16.0090103, -16.00914, -16.0099792
1539.1999999999962, -16.4294167, -16.4280319, -16.4267998, -16.4254856, -16.4251137, -16.4238205, -16.4233112, -16.4227314, -16.4227753, -16.422657
1539.299999999996, -15.7294359, -15.7309685, -15.7314816, -15.7315712, -15.7312679, -15.7308378, -15.7317781, -15.7316055, -15.7314157, -15.7314119
1539.399999999996, -16.838007, -16.8375454, -16.8378983, -16.8374634, -16.8376617, -16.8379879, -16.8384018, -16.8384628, -16.8376331, -16.837923
1539.499999999996, -15.5932369, -15.592845, -15.5930014, -15.5928869, -15.5920801, -15.591054, -15.5936089, -15.593338, -15.5935736, -15.5944529
1539.5999999999958, -16.7670841, -16.7677803, -16.7676811, -16.7672138, -16.7679863, -16.7679863, -16.7677155, -16.7670059, -16.767704, -16.7676029
1539.6999999999957, -15.5880346, -15.5882626, -15.5884123, -15.5883904, -15.5892277, -15.5887079, -15.5881195, -15.5880241, -15.5860138, -15.5875597
1539.7999999999956, -16.6355934, -16.6358185, -16.6359158, -16.6358433, -16.6348553, -16.6367455, -16.6375694, -16.6360321, -16.6357117, -16.6355839
1539.8999999999955, -15.9031677, -15.9033298, -15.903986, -15.9044104, -15.9052286, -15.904603, -15.9046202, -15.9035044, -15.9026356, -15.9025307
1539.9999999999955, -16.455946, -16.4568253, -16.4559345, -16.4562378, -16.4549904, -16.4556961, -16.4559956, -16.4566574, -16.4577484, -16.4585953
1540.0999999999954, -15.7093544, -15.7109509, -15.7112846, -15.7131338, -15.7149858, -15.7137508, -15.713932, -15.7145987, -15.7145138, -15.7159958
1540.1999999999953, -16.8162079, -16.8163147, -16.8154221, -16.81534, -16.8152485, -16.8149891, -16.8146286, -16.8154926, -16.8156738, -16.8155861
1540.2999999999952, -15.6555939, -15.6547537, -15.6551571, -15.6546955, -15.6550646, -15.6555033, -15.6552649, -15.654954, -15.6549358, -15.655261
1540.399999999995, -16.8688545, -16.870327, -16.8719711, -16.8717537, -16.8706036, -16.8706207, -16.8710575, -16.8717613, -16.8716412, -16.8714237
1540.499999999995, -15.5770473, -15.5768175, -15.5763426, -15.5756388, -15.5758734, -15.575839, -15.5757542, -15.574996, -15.5752096, -15.5749207
1540.599999999995, -16.8403473, -16.8402004, -16.8393192, -16.8398666, -16.8399048, -16.841404, -16.8409481, -16.8400669, -16.8405342, -16.8408566
1540.6999999999948, -15.9220486, -15.9224377, -15.92237, -15.9236069, -15.9228525, -15.923481, -15.9202156, -15.9212246, -15.9222355, -15.9217463
1540.7999999999947, -16.751791, -16.7504997, -16.7512474, -16.7510986, -16.7500896, -16.7494984, -16.7491951, -16.7500401, -16.7496586, -16.7506447
1540.8999999999946, -15.9142485, -15.9141798, -15.9143066, -15.9144306, -15.9150839, -15.9160004, -15.9158583, -15.9156513, -15.9153824, -15.9150906
1540.9999999999945, -16.8957062, -16.8971138, -16.8967876, -16.8968658, -16.897049, -16.8965778, -16.8959885, -16.8966293, -16.8968983, -16.8967342
1541.0999999999945, -15.8000202, -15.7996998, -15.8000612, -15.8009319, -15.80128, -15.8015394, -15.8017483, -15.8014212, -15.8002291, -15.8004417
1541.1999999999944, -17.0354366, -17.0354977, -17.0345116, -17.0341625, -17.0341129, -17.0335102, -17.0330505, -17.0329647, -17.0335331, -17.033596
1541.2999999999943, -15.8194246, -15.818821, -15.8191004, -15.8180027, -15.8182077, -15.8177414, -15.8172264, -15.8163319, -15.8169098, -15.8179474
1541.3999999999942, -17.0479908, -17.0481319, -17.0483055, -17.048708, -17.0497799, -17.049799, -17.0492096, -17.0499935, -17.0506744, -17.0501022
1541.499999999994, -15.9072561, -15.9074202, -15.9061451, -15.9059181, -15.9064569, -15.9069519, -15.9062634, -15.9065142, -15.9061394, -15.9055967
1541.599999999994, -17.0580482, -17.0576267, -17.0573063, -17.0581875, -17.0577755, -17.0572853, -17.0579205, -17.0585365, -17.0588455, -17.0589867
1541.699999999994, -16.0884228, -16.087944, -16.0879841, -16.0887966, -16.08531, -16.0851154, -16.085743, -16.0844574, -16.0835571, -16.0827961
1541.7999999999938, -17.0647583, -17.0651302, -17.0658226, -17.0662422, -17.0667553, -17.0653763, -17.0665741, -17.0664558, -17.0671387, -17.0668564
1541.8999999999937, -15.8791838, -15.8775978, -15.8769035, -15.8782711, -15.8770838, -15.8772564, -15.877882, -15.8778496, -15.8767538, -15.8763914
1541.9999999999936, -17.1797142, -17.1782265, -17.1783772, -17.1772232, -17.1764507, -17.1766834, -17.1775837, -17.1777573, -17.1767673, -17.1763592
1542.0999999999935, -16.0793533, -16.0804996, -16.0801945, -16.0779533, -16.0780869, -16.0767975, -16.0773468, -16.0789089, -16.079071, -16.0810432
1542.1999999999935, -17.1789665, -17.1787376, -17.1786098, -17.1787453, -17.1787319, -17.1791725, -17.178545, -17.1779518, -17.177866, -17.1782322
1542.2999999999934, -15.8864861, -15.8848686, -15.8843946, -15.8846302, -15.883296, -15.8824291, -15.8821096, -15.8822441, -15.8809891, -15.8815098
1542.3999999999933, -17.1689415, -17.1689453, -17.1686745, -17.1685886, -17.1691513, -17.1694336, -17.1692429, -17.1705742, -17.1708775, -17.1711082
1542.4999999999932, -16.1294212, -16.1298313, -16.1302967, -16.1308727, -16.132019, -16.1337261, -16.1336651, -16.1331196, -16.132719, -16.1323566
1542.599999999993, -17.1957836, -17.1957626, -17.1954174, -17.1947289, -17.1944733, -17.1955776, -17.1953773, -17.1961555, -17.195406, -17.1959629
1542.699999999993, -15.9361305, -15.9339828, -15.933013, -15.9339762, -15.9347897, -15.9350529, -15.9355803, -15.9362497, -15.9365997, -15.9361267
1542.799999999993, -17.1638012, -17.1646366, -17.1646023, -17.1658936, -17.1665459, -17.1662464, -17.1666317, -17.1672573, -17.1679325, -17.1671219
1542.8999999999928, -16.0915203, -16.0919113, -16.0922527, -16.0920715, -16.0919952, -16.0919456, -16.0915737, -16.0918274, -16.0911942, -16.0903015
1542.9999999999927, -17.1121368, -17.1126041, -17.1126442, -17.1125984, -17.1123867, -17.1115417, -17.1114883, -17.1116524, -17.1113625, -17.1121597
1543.0999999999926, -16.0831833, -16.0816116, -16.0808411, -16.0810814, -16.0806618, -16.0786362, -16.0779686, -16.0783081, -16.0788021, -16.0793648
1543.1999999999925, -17.108284, -17.1083145, -17.107935, -17.1080284, -17.1085663, -17.1085491, -17.1083202, -17.1086597, -17.1087971, -17.1083431
1543.2999999999925, -15.8527451, -15.8522968, -15.8523445, -15.8523188, -15.8524084, -15.8518801, -15.8515644, -15.8517828, -15.8516617, -15.8517389
1543.3999999999924, -17.1163845, -17.1165333, -17.1154346, -17.1151199, -17.1149578, -17.1152992, -17.1143093, -17.1138725, -17.1146889, -17.1147633
1543.4999999999923, -15.9254131, -15.9243174, -15.9253454, -15.9254303, -15.9250402, -15.9254084, -15.9268627, -15.9269428, -15.9262762, -15.9271193
1543.5999999999922, -17.0769272, -17.0778351, -17.0768337, -17.0774441, -17.0783997, -17.0780697, -17.0771179, -17.0774765, -17.0780087, -17.0783119
1543.699999999992, -16.0151157, -16.0138874, -16.0132408, -16.0127258, -16.0114822, -16.0118732, -16.0122662, -16.012228, -16.0130329, -16.0132389
1543.799999999992, -16.8594418, -16.8604603, -16.8622131, -16.8636265, -16.8638802, -16.8628311, -16.8625717, -16.861908, -16.8616066, -16.8627892
1543.899999999992, -16.1259918, -16.1260815, -16.1246643, -16.124918, -16.1248913, -16.1241302, -16.1242256, -16.1238213, -16.1244087, -16.1240063
1543.9999999999918, -16.8542957, -16.8541203, -16.8543205, -16.8548794, -16.854578, -16.8552818, -16.8561134, -16.8568306, -16.8566208, -16.8568974
1544.0999999999917, -15.7694616, -15.7690763, -15.7693071, -15.7690935, -15.7681284, -15.7681923, -15.7679615, -15.7680044, -15.7687101, -15.7687502
1544.1999999999916, -16.9392757, -16.9410267, -16.9409237, -16.9413681, -16.9411335, -16.9402771, -16.9404869, -16.940382, -16.9402847, -16.9403973
1544.2999999999915, -15.7305431, -15.729435, -15.7295885, -15.7305317, -15.7305126, -15.7303619, -15.7303705, -15.7301731, -15.7301245, -15.7307463
1544.3999999999915, -16.8990288, -16.8982983, -16.8987846, -16.8992405, -16.8999023, -16.9017715, -16.9016857, -16.8992844, -16.8990116, -16.8989449
1544.4999999999914, -16.0143242, -16.0144577, -16.0137291, -16.0111103, -16.011713, -16.0112686, -16.0109291, -16.010994, -16.0113201, -16.0107002
1544.5999999999913, -16.4786396, -16.4802074, -16.48176, -16.4821339, -16.4817753, -16.4825363, -16.4825287, -16.4844093, -16.4854088, -16.4833641
1544.6999999999912, -16.1644211, -16.1636581, -16.1626205, -16.1630764, -16.1627235, -16.1637402, -16.1626434, -16.163868, -16.1639919, -16.1635437
1544.799999999991, -16.4846745, -16.4828835, -16.4816074, -16.482233, -16.4819775, -16.4823151, -16.4869728, -16.4878845, -16.4835758, -16.4818249
1544.899999999991, -16.003109, -16.0026665, -16.0026932, -16.0033226, -16.0028954, -16.0032425, -16.0030327, -16.0032768, -16.0030766, -16.0025787
1544.999999999991, -16.7007046, -16.7016582, -16.702095, -16.7030048, -16.7021446, -16.7030125, -16.7023754, -16.7016716, -16.7025337, -16.7027721
1545.0999999999908, -15.6622744, -15.6624126, -15.663249, -15.6629591, -15.6631517, -15.6632738, -15.6632948, -15.6640968, -15.6621408, -15.6640892
1545.1999999999907, -16.7914562, -16.7917423, -16.7915287, -16.7913342, -16.7908211, -16.7911739, -16.7911835, -16.7911205, -16.7911549, -16.7913876
1545.2999999999906, -15.9303741, -15.9304934, -15.9306145, -15.9305878, -15.9292488, -15.9282084, -15.9278879, -15.9276733, -15.9280853, -15.927969
1545.3999999999905, -16.3483753, -16.3491001, -16.3526096, -16.3546791, -16.3564606, -16.3588104, -16.3595619, -16.3602467, -16.3603725, -16.3609352
1545.4999999999905, -16.3150101, -16.3146629, -16.314682, -16.3138485, -16.3139687, -16.3139477, -16.3136711, -16.3136005, -16.3135147, -16.31353
1545.5999999999904, -16.1778507, -16.1781998, -16.1771507, -16.1772442, -16.1780071, -16.1757393, -16.1749363, -16.1759663, -16.1768684, -16.1775322
1545.6999999999903, -16.3339233, -16.3334751, -16.3330498, -16.3326073, -16.3323231, -16.3323174, -16.331089, -16.3308773, -16.3311234, -16.3317184
1545.7999999999902, -16.4378338, -16.4373207, -16.438118, -16.4375648, -16.4368496, -16.4376297, -16.4371624, -16.4371433, -16.4373856, -16.4361649
1545.89999999999, -16.003355, -16.0032158, -16.0023975, -16.0020123, -16.0027218, -16.0028229, -16.0035954, -16.0036888, -16.0035381, -16.003376
1545.99999999999, -16.7348404, -16.7364292, -16.7367859, -16.737545, -16.7378216, -16.7380714, -16.7369976, -16.7372875, -16.7369862, -16.7371044
1546.09999999999, -16.0265808, -16.0267906, -16.0258904, -16.0257072, -16.0249214, -16.024868, -16.0238609, -16.0241013, -16.0250702, -16.024332
1546.1999999999898, -16.4164352, -16.4139175, -16.413723, -16.4147987, -16.4153194, -16.4141045, -16.4145451, -16.4164715, -16.4150906, -16.4159794
1546.2999999999897, -16.6200256, -16.6184139, -16.6179543, -16.617712, -16.6167469, -16.6158676, -16.6150112, -16.6151199, -16.6154003, -16.6163235
1546.3999999999896, -16.0018311, -16.0021801, -15.9998999, -15.9984941, -15.9977808, -15.9982147, -15.9983215, -15.9989119, -16.0004921, -15.9987593
1546.4999999999895, -16.699358, -16.699192, -16.6990681, -16.6994495, -16.6989555, -16.6990013, -16.6989632, -16.6993885, -16.6998844, -16.700058
1546.5999999999894, -16.2528133, -16.2532787, -16.2552567, -16.2535896, -16.2545147, -16.2553196, -16.254652, -16.2546558, -16.2537766, -16.2534351
1546.6999999999894, -16.6102943, -16.6099243, -16.6090965, -16.6092396, -16.6073513, -16.6089001, -16.6092777, -16.6069164, -16.6103153, -16.6108551
1546.7999999999893, -16.5843906, -16.5860157, -16.5862598, -16.5873528, -16.5871181, -16.5868149, -16.5887375, -16.5883255, -16.5884037, -16.5864792
1546.8999999999892, -16.5865116, -16.5867786, -16.5876884, -16.5881824, -16.5880013, -16.5882015, -16.5885448, -16.5884552, -16.5886135, -16.5885849
1546.999999999989, -16.6040039, -16.6030426, -16.6032944, -16.6036434, -16.6036549, -16.6044655, -16.6058617, -16.6056213, -16.6055889, -16.6066933
1547.099999999989, -16.9966507, -16.9968204, -16.996212, -16.9956131, -16.9955807, -16.9940186, -16.992218, -16.9914799, -16.9910488, -16.9907742
1547.199999999989, -16.1403694, -16.138731, -16.1399136, -16.1410427, -16.1410179, -16.1406059, -16.1409645, -16.1403294, -16.1403065, -16.1396084
1547.2999999999888, -17.1230736, -17.1229839, -17.1231098, -17.1229305, -17.1220188, -17.1214428, -17.1223869, -17.1218967, -17.1208401, -17.1209221
1547.3999999999887, -16.1099453, -16.1103191, -16.1091824, -16.1089287, -16.1095142, -16.1098862, -16.1096363, -16.1098213, -16.1095829, -16.1093502
1547.4999999999886, -17.1080475, -17.1079941, -17.1074162, -17.1071243, -17.1071968, -17.1070709, -17.1076298, -17.1074734, -17.1082726, -17.1076183
1547.5999999999885, -16.5021229, -16.5015545, -16.5013657, -16.5014801, -16.5013371, -16.5013523, -16.5013809, -16.5013161, -16.5012703, -16.5012493
1547.6999999999884, -16.8750057, -16.8735428, -16.8738003, -16.8738194, -16.8744183, -16.873848, -16.8725185, -16.8718872, -16.8724232, -16.8712444
1547.7999999999884, -16.6446514, -16.644413, -16.6426907, -16.6425781, -16.6436272, -16.6435852, -16.645462, -16.6446228, -16.6449146, -16.6440048
1547.8999999999883, -17.1313267, -17.1319504, -17.1317215, -17.1308823, -17.1306782, -17.1304817, -17.1311951, -17.1304455, -17.1303482, -17.1301327
1547.9999999999882, -16.2639484, -16.2633018, -16.2625847, -16.2617855, -16.2616482, -16.2616768, -16.2637234, -16.2646923, -16.2653503, -16.2647095
1548.099999999988, -17.4671116, -17.4656029, -17.4654942, -17.4661827, -17.4667912, -17.4678249, -17.4676991, -17.4690018, -17.4682751, -17.4676781
1548.199999999988, -16.1026649, -16.1028976, -16.1012211, -16.1013947, -16.1006413, -16.1006489, -16.1013336, -16.1017838, -16.1018658, -16.1022549
1548.299999999988, -17.3904896, -17.3905621, -17.3910408, -17.3921013, -17.3921452, -17.3910351, -17.3904819, -17.3905811, -17.3911228, -17.3920326
1548.3999999999878, -16.2869358, -16.2873039, -16.2870865, -16.2863426, -16.2860775, -16.2861423, -16.2842274, -16.2865639, -16.2870884, -16.2863331
1548.4999999999877, -17.3318081, -17.3327332, -17.3325691, -17.3324699, -17.3329659, -17.3327255, -17.3320656, -17.3326492, -17.3327236, -17.3317928
1548.5999999999876, -16.4058075, -16.405468, -16.4047394, -16.4040279, -16.4045811, -16.4049263, -16.404108, -16.4044952, -16.4043369, -16.4049797
1548.6999999999875, -17.2470722, -17.2473583, -17.2472916, -17.2468224, -17.2464676, -17.2455273, -17.2450943, -17.2464409, -17.2457809, -17.2466373
1548.7999999999874, -16.2105637, -16.2099495, -16.2109985, -16.2124081, -16.2127266, -16.212574, -16.2152386, -16.2157631, -16.2169628, -16.2161064
1548.8999999999874, -17.4587479, -17.4584408, -17.4586201, -17.4583073, -17.4579868, -17.4578876, -17.4571419, -17.4573174, -17.4596252, -17.4593964
1548.9999999999873, -16.2444038, -16.2437897, -16.2433605, -16.2424908, -16.2433987, -16.2439499, -16.2443142, -16.2442455, -16.243906, -16.2428608
1549.0999999999872, -17.3276081, -17.3279953, -17.3289356, -17.3299694, -17.3307629, -17.3307056, -17.3309307, -17.3304386, -17.3308163, -17.3313141
1549.199999999987, -16.1136856, -16.1138382, -16.1135464, -16.1130447, -16.1119862, -16.1123104, -16.112011, -16.1124897, -16.1133175, -16.1136036
1549.299999999987, -17.376194, -17.375555, -17.3769035, -17.375267, -17.3750515, -17.3753986, -17.3756847, -17.3758392, -17.3752766, -17.3764915
1549.399999999987, -16.1209354, -16.1204185, -16.1209221, -16.1202374, -16.119421, -16.1191025, -16.1193676, -16.1200905, -16.1204262, -16.1204109
1549.4999999999868, -17.2653008, -17.2640133, -17.2633762, -17.2632256, -17.2637787, -17.2640247, -17.2641754, -17.2642803, -17.2643089, -17.2657871
1549.5999999999867, -15.9679585, -15.9670057, -15.9668913, -15.9660759, -15.9670525, -15.967041, -15.968483, -15.9678822, -15.9665585, -15.9660397
1549.6999999999866, -17.2191372, -17.2179737, -17.2189884, -17.2191982, -17.2193966, -17.2189846, -17.2188549, -17.2195034, -17.2197704, -17.2209225
1549.7999999999865, -16.1894455, -16.188345, -16.2162247, -16.2108879, -16.2153625, -16.2213211, -16.2236004, -16.2238998, -16.2242966, -16.2242012
1549.8999999999864, -17.0591297, -17.0593014, -17.0594826, -17.0603638, -17.0601635, -17.0583153, -17.0578709, -17.0564842, -17.0564919, -17.0562
1549.9999999999864, -16.3416138, -16.3328114, -16.3254547, -16.3243732, -16.3281097, -16.3329868, -16.3259659, -16.323761, -16.3239365, -16.3245621
1550.0999999999863, -17.0654469, -17.0656147, -17.0670624, -17.0668354, -17.068758, -17.0643215, -17.0649033, -17.0645447, -17.0616913, -17.0607433
1550.1999999999862, -16.0691376, -16.0698223, -16.0691242, -16.0684681, -16.0675602, -16.0681076, -16.0678463, -16.0676765, -16.0680618, -16.0681076
1550.299999999986, -17.21031, -17.2123451, -17.213953, -17.2150631, -17.2167034, -17.2165623, -17.2153721, -17.2154846, -17.2155132, -17.212759
1550.399999999986, -15.942625, -15.9425993, -15.9421062, -15.9413767, -15.9404402, -15.940155, -15.9409132, -15.9422941, -15.9402351, -15.9404078
1550.499999999986, -17.070734, -17.0706615, -17.0716324, -17.0723, -17.0727806, -17.0706863, -17.0701675, -17.0726566, -17.0749302, -17.0741539
1550.5999999999858, -16.1177177, -16.1159172, -16.1124897, -16.1105976, -16.108654, -16.1082153, -16.1074467, -16.1062469, -16.1058674, -16.1063175
1550.6999999999857, -16.6398792, -16.64114, -16.6442108, -16.6458626, -16.6463757, -16.6469116, -16.6468105, -16.6465816, -16.6469059, -16.6475735
1550.7999999999856, -16.497715, -16.4979572, -16.4972324, -16.4971313, -16.496727, -16.4959869, -16.4959984, -16.4961338, -16.4961071, -16.4954472
1550.8999999999855, -16.5601883, -16.5609951, -16.5608768, -16.5617256, -16.5623035, -16.561245, -16.5619564, -16.563736, -16.5655537, -16.567234
1550.9999999999854, -16.3126392, -16.310936, -16.3100853, -16.311552, -16.3122234, -16.3102093, -16.310133, -16.3094921, -16.3082237, -16.3080997
1551.0999999999854, -16.8142376, -16.8162136, -16.816576, -16.8176117, -16.8182602, -16.8182564, -16.8183613, -16.818367, -16.8182335, -16.8171501
1551.1999999999853, -16.097374, -16.0960522, -16.0968056, -16.0963497, -16.0965862, -16.0960522, -16.0959129, -16.0967388, -16.0966244, -16.0974998
1551.2999999999852, -16.9304447, -16.9306545, -16.9319363, -16.9314804, -16.9334755, -16.9347076, -16.935976, -16.9343758, -16.933733, -16.9347916
1551.399999999985, -16.1836891, -16.1833439, -16.1818504, -16.1812592, -16.1805763, -16.1800823, -16.178978, -16.178997, -16.1773491, -16.1767941
1551.499999999985, -16.3494606, -16.3487492, -16.3495617, -16.3510284, -16.3506012, -16.350565, -16.3505726, -16.3510151, -16.3521118, -16.3522739
1551.599999999985, -16.6803436, -16.6795578, -16.6788349, -16.6784344, -16.6789112, -16.6777, -16.6786041, -16.6789227, -16.6778774, -16.6772995
1551.6999999999848, -16.150425, -16.150198, -16.1497898, -16.1498966, -16.1500816, -16.1502075, -16.1508312, -16.1506863, -16.1498909, -16.1494789
1551.7999999999847, -16.8369789, -16.8297329, -16.8308506, -16.8313427, -16.8352623, -16.8366108, -16.8379135, -16.8375378, -16.8370075, -16.8364563
1551.8999999999846, -16.2558441, -16.2574501, -16.2586956, -16.2579956, -16.2570038, -16.2595539, -16.2622013, -16.2597599, -16.2598114, -16.2595139
1551.9999999999845, -16.5626202, -16.5609283, -16.5594902, -16.5589066, -16.5598316, -16.560482, -16.5609856, -16.5607376, -16.5608521, -16.5618858
1552.0999999999844, -16.6135235, -16.6147976, -16.6149025, -16.6150322, -16.6139946, -16.6144619, -16.6140804, -16.614172, -16.6138287, -16.614706
1552.1999999999844, -16.5062466, -16.5060329, -16.5056782, -16.504694, -16.5041313, -16.5022621, -16.502758, -16.5018978, -16.5017471, -16.5017509
1552.2999999999843, -16.3048, -16.3030052, -16.300539, -16.2972355, -16.2967281, -16.2977123, -16.3000679, -16.2989483, -16.2990246, -16.3008728
1552.3999999999842, -17.0658646, -17.0663967, -17.0667992, -17.0652351, -17.0652275, -17.0658302, -17.0650253, -17.0645638, -17.0652351, -17.0658112
1552.499999999984, -15.9811172, -15.9812937, -15.9818897, -15.9825392, -15.9824848, -15.9821215, -15.9818039, -15.98283, -15.982398, -15.9829578
1552.599999999984, -17.1706734, -17.1692867, -17.1695633, -17.170166, -17.1702175, -17.1700344, -17.1700039, -17.1698761, -17.1703911, -17.1702309
1552.699999999984, -16.0417938, -16.0422764, -16.0420151, -16.0414391, -16.0419273, -16.0419025, -16.0421124, -16.0417709, -16.0416088, -16.0408611
1552.7999999999838, -17.2060299, -17.2053089, -17.2053719, -17.2054462, -17.206068, -17.206337, -17.2066135, -17.2040672, -17.2044983, -17.2055702
1552.8999999999837, -16.2032871, -16.2028408, -16.2023067, -16.2022076, -16.202137, -16.2013378, -16.2010784, -16.2008953, -16.2009811, -16.2019081
1552.9999999999836, -17.0464439, -17.0464783, -17.0476761, -17.0469112, -17.0466461, -17.0474758, -17.0467319, -17.0457649, -17.0470657, -17.0465965
1553.0999999999835, -16.3167267, -16.3197441, -16.3221416, -16.3242073, -16.3236008, -16.3230228, -16.3285294, -16.3274136, -16.3262348, -16.3254623
1553.1999999999834, -17.388176, -17.3889046, -17.3890896, -17.3877506, -17.387373, -17.3863087, -17.385994, -17.3865337, -17.386816, -17.3864365
1553.2999999999834, -16.0752277, -16.076004, -16.0762367, -16.0762005, -16.076376, -16.0766373, -16.0771008, -16.0768909, -16.0766277, -16.0758038
1553.3999999999833, -17.4235058, -17.4231815, -17.4233856, -17.4240017, -17.4240875, -17.422987, -17.4220219, -17.421793, -17.4219971, -17.4211864
1553.4999999999832, -16.2796059, -16.2789536, -16.2792568, -16.2794132, -16.2789764, -16.2782326, -16.2790508, -16.2778492, -16.2776604, -16.2766666
1553.599999999983, -17.538887, -17.53965, -17.5406456, -17.5397015, -17.5391788, -17.5393581, -17.5392113, -17.5393105, -17.5397644, -17.5400715
1553.699999999983, -16.1947136, -16.1936131, -16.1933746, -16.1942196, -16.1953125, -16.1958046, -16.1957874, -16.1964169, -16.1964169, -16.1962509
1553.799999999983, -17.5015278, -17.5015278, -17.5016994, -17.50177, -17.5013599, -17.5017033, -17.5014553, -17.5014648, -17.5015678, -17.5015068
1553.8999999999828, -16.3178368, -16.3180981, -16.3173065, -16.3166924, -16.3168125, -16.3163948, -16.3167725, -16.3163586, -16.3167477, -16.3160801
1553.9999999999827, -17.6233349, -17.624073, -17.62463, -17.6266403, -17.626976, -17.6264782, -17.6261826, -17.6259098, -17.6267662, -17.626749
1554.0999999999826, -16.4394703, -16.4385815, -16.43923, -16.4389801, -16.4371376, -16.4356079, -16.4356461, -16.4350605, -16.4349518, -16.4352436
1554.1999999999825, -17.3497181, -17.3505402, -17.3517647, -17.3528919, -17.3532715, -17.3527603, -17.3551579, -17.3556061, -17.3557873, -17.3548679
1554.2999999999824, -16.6931572, -16.6937809, -16.6940823, -16.6938953, -16.6941319, -16.6946049, -16.6951523, -16.6947041, -16.6948738, -16.6935711
1554.3999999999824, -17.3545361, -17.3556023, -17.355154, -17.3541107, -17.3545513, -17.3551102, -17.3551388, -17.3538227, -17.3516026, -17.3528423
1554.4999999999823, -16.8010979, -16.8005753, -16.7996635, -16.7989006, -16.7955894, -16.7975159, -16.7992535, -16.7998352, -16.7997494, -16.7990017
1554.5999999999822, -17.5249043, -17.5237255, -17.523922, -17.5243168, -17.5252991, -17.5252819, -17.5248737, -17.5241261, -17.5226994, -17.5223999
1554.699999999982, -16.4720936, -16.4717216, -16.4711647, -16.4703159, -16.4702835, -16.4710655, -16.4707603, -16.4716454, -16.471365, -16.4718609
1554.799999999982, -17.5878239, -17.5881367, -17.5891819, -17.5896778, -17.5896969, -17.5893955, -17.5884399, -17.5886574, -17.5891571, -17.5889397
1554.899999999982, -16.6882191, -16.6905823, -16.6890659, -16.6873169, -16.685606, -16.6847878, -16.6850471, -16.6841698, -16.6843071, -16.6845226
1554.9999999999818, -17.2402077, -17.2346592, -17.2331009, -17.2327862, -17.2327271, -17.2322426, -17.2319736, -17.2317448, -17.2314339, -17.2312374
1555.0999999999817, -17.2337494, -17.2308197, -17.2282887, -17.228159, -17.2265568, -17.2250938, -17.2229729, -17.2227802, -17.222393, -17.2216969
1555.1999999999816, -16.8604527, -16.8614235, -16.8617458, -16.8626652, -16.8629112, -16.8628502, -16.8626766, -16.8625755, -16.8634033, -16.8633976
1555.2999999999815, -17.3247719, -17.32444, -17.3251305, -17.3250961, -17.3251591, -17.3246651, -17.3243713, -17.3241825, -17.3242722, -17.3244858
1555.3999999999814, -16.9976654, -16.9980106, -16.9981918, -16.9976597, -16.9973831, -16.9955044, -16.9973888, -16.9968338, -16.9973469, -16.9969826
1555.4999999999814, -17.119173, -17.118412, -17.1186504, -17.1196499, -17.1199284, -17.1200142, -17.1202412, -17.1211662, -17.1212254, -17.1200218
1555.5999999999813, -17.1460896, -17.1461887, -17.1460934, -17.1458492, -17.1469193, -17.1454926, -17.1456661, -17.1458588, -17.1460438, -17.1445885
1555.6999999999812, -16.8592167, -16.8587227, -16.857502, -16.8557568, -16.8561535, -16.8563461, -16.8564053, -16.8565769, -16.8555927, -16.854805
1555.799999999981, -17.0216846, -17.0181465, -17.0170517, -17.0159245, -17.0154934, -17.0158215, -17.0161934, -17.0165062, -17.0182858, -17.0196228
1555.899999999981, -17.5188637, -17.51824, -17.5185757, -17.5183926, -17.5189152, -17.5196514, -17.5189438, -17.5209484, -17.5216751, -17.5233555
1555.999999999981, -16.4425068, -16.4423599, -16.4425068, -16.4428253, -16.4424744, -16.4430447, -16.4423637, -16.4417744, -16.4413815, -16.4406624
1556.0999999999808, -17.562561, -17.563364, -17.5623837, -17.5623474, -17.5626526, -17.563055, -17.5631943, -17.5630703, -17.5628166, -17.5632763
1556.1999999999807, -16.4202385, -16.4193268, -16.4192524, -16.4199028, -16.4201622, -16.4196815, -16.4200897, -16.4203243, -16.4200478, -16.4197407
1556.2999999999806, -17.6114006, -17.6110382, -17.6128006, -17.6125202, -17.613533, -17.6141605, -17.6125011, -17.6100407, -17.6126194, -17.6147823
1556.3999999999805, -16.4925289, -16.4925804, -16.4913063, -16.4913025, -16.4918976, -16.4906979, -16.4894867, -16.4894886, -16.4903641, -16.4899864
1556.4999999999804, -17.2973804, -17.2973537, -17.2980766, -17.2981606, -17.297369, -17.2971077, -17.297369, -17.2974205, -17.2974224, -17.2984962
1556.5999999999804, -16.5749168, -16.5782261, -16.5807419, -16.5837727, -16.5829563, -16.5825939, -16.5828762, -16.5832043, -16.5842228, -16.5844154
1556.6999999999803, -17.5908337, -17.5919685, -17.5920658, -17.5925655, -17.5934448, -17.593832, -17.5932903, -17.5926323, -17.5933533, -17.5924759
1556.7999999999802, -16.3610058, -16.3614464, -16.3609676, -16.3597584, -16.3591061, -16.3590755, -16.3584766, -16.3585091, -16.3589249, -16.3590126
1556.89999999998, -17.6094074, -17.6080265, -17.6091156, -17.6092892, -17.6075859, -17.6085472, -17.6078548, -17.6080666, -17.6077137, -17.6077271
1556.99999999998, -16.309927, -16.3097496, -16.3103619, -16.3102074, -16.3098927, -16.3101254, -16.3103962, -16.3115711, -16.3113842, -16.3111019
1557.09999999998, -17.5640144, -17.5640049, -17.5649071, -17.5653019, -17.5662766, -17.5661926, -17.566576, -17.5659122, -17.5672417, -17.5690327
1557.1999999999798, -16.3522549, -16.3525333, -16.3524303, -16.3527584, -16.3523197, -16.3524017, -16.3522205, -16.3520088, -16.3522854, -16.3519402
1557.2999999999797, -17.6602001, -17.6599407, -17.6603394, -17.6596222, -17.6592617, -17.6574516, -17.6579018, -17.6573219, -17.6571922, -17.6576481
1557.3999999999796, -16.2651844, -16.2637157, -16.264143, -16.2646999, -16.2653084, -16.2653294, -16.2654743, -16.2657108, -16.2644863, -16.2640419
1557.4999999999795, -17.6058044, -17.6054211, -17.6054573, -17.6053905, -17.6058388, -17.6070633, -17.6081161, -17.6079483, -17.6077156, -17.607378
1557.5999999999794, -16.4560909, -16.4594059, -16.4625416, -16.4643612, -16.4644928, -16.4644375, -16.4650059, -16.466011, -16.4660549, -16.4673347
1557.6999999999794, -17.4662113, -17.465868, -17.466856, -17.4681549, -17.4703693, -17.4710102, -17.4708748, -17.4705563, -17.4718666, -17.4734421
1557.7999999999793, -16.9177303, -16.9169788, -16.9162388, -16.9150887, -16.9145489, -16.9139328, -16.9139671, -16.9139652, -16.9150085, -16.9153633
1557.8999999999792, -17.2389069, -17.2381916, -17.2366428, -17.2358284, -17.2365627, -17.2367859, -17.2378597, -17.2393951, -17.2385674, -17.2388821
1557.999999999979, -16.8509197, -16.8516102, -16.8527851, -16.8523521, -16.8535213, -16.8534584, -16.8528728, -16.8532238, -16.8527317, -16.8532505
1558.099999999979, -17.4416943, -17.4424019, -17.4433765, -17.4433479, -17.4434967, -17.4437542, -17.4436932, -17.4436836, -17.4437847, -17.4436455
1558.199999999979, -16.7527905, -16.752821, -16.7528706, -16.754509, -16.7544994, -16.7543659, -16.7540283, -16.7546139, -16.7548161, -16.7543678
1558.2999999999788, -17.6024094, -17.6025734, -17.604063, -17.6056194, -17.6065025, -17.6055832, -17.6047001, -17.6045876, -17.6049175, -17.6051121
1558.3999999999787, -16.8069477, -16.8076534, -16.8025627, -16.802618, -16.8029232, -16.8025589, -16.8027172, -16.8021717, -16.8019524, -16.8023491
1558.4999999999786, -17.2831097, -17.2758789, -17.2751522, -17.2753391, -17.274601, -17.2750206, -17.276125, -17.2764683, -17.2777557, -17.2807293
1558.5999999999785, -17.5480042, -17.5483418, -17.5479584, -17.5461006, -17.5451412, -17.5455856, -17.5450897, -17.5454788, -17.5445175, -17.5440464
1558.6999999999784, -16.9682598, -16.9689121, -16.9701023, -16.9707546, -16.9723663, -16.9741688, -16.973465, -16.9732456, -16.9726257, -16.973341
1558.7999999999784, -17.6843052, -17.6836224, -17.6842747, -17.6842518, -17.6837234, -17.6857319, -17.6860485, -17.6853485, -17.6864109, -17.6869049
1558.8999999999783, -16.954073, -16.954689, -16.9555988, -16.9547272, -16.9528008, -16.953043, -16.9530964, -16.9532528, -16.9529877, -16.9536896
1558.9999999999782, -17.6825695, -17.6804428, -17.680954, -17.6820831, -17.6816063, -17.6761303, -17.6834068, -17.6883507, -17.6882076, -17.6885262
1559.099999999978, -17.2649956, -17.2652607, -17.2650738, -17.2656956, -17.2629547, -17.2632942, -17.2632103, -17.2632866, -17.2637463, -17.263937
1559.199999999978, -17.5930786, -17.5940723, -17.5956974, -17.5953484, -17.5909653, -17.5862408, -17.5855675, -17.5847511, -17.5847931, -17.5844326
1559.299999999978, -17.2046661, -17.2021637, -17.2016201, -17.2016678, -17.2003021, -17.2009182, -17.2011986, -17.2007465, -17.2015686, -17.2028923
1559.3999999999778, -18.0554714, -18.0583153, -18.0606155, -18.0618267, -18.061552, -18.0607548, -18.060524, -18.0584621, -18.0602684, -18.0545502
1559.4999999999777, -16.9403534, -16.9416237, -16.9415131, -16.9418621, -16.9426517, -16.9305401, -16.9244442, -16.9304371, -16.9316254, -16.9253845
1559.5999999999776, -18.2285576, -18.2333031, -18.2383595, -18.2349663, -18.239378, -18.2404194, -18.2402935, -18.2376308, -18.2368717, -18.2396698
1559.6999999999775, -16.9122849, -16.9123783, -16.9135971, -16.913044, -16.9125977, -16.9122086, -16.9118061, -16.9118557, -16.912487, -16.9129658
1559.7999999999774, -18.2765408, -18.2757244, -18.2752266, -18.2760983, -18.2758923, -18.2764397, -18.276638, -18.2767277, -18.2778301, -18.2782001
1559.8999999999774, -17.0041847, -17.0045471, -17.0043144, -17.0043392, -17.0044155, -17.00457, -17.0052795, -17.0048428, -17.0053654, -17.0058174
1559.9999999999773, -18.3309269, -18.3304329, -18.3310242, -18.3321266, -18.3319759, -18.3316784, -18.3322315, -18.3325558, -18.3322296, -18.3322468
1560.0999999999772, -17.0896778, -17.0907326, -17.0912228, -17.0912037, -17.0911846, -17.0909309, -17.0913658, -17.0908356, -17.0909996, -17.0901623
1560.199999999977, -18.3358574, -18.3364887, -18.3380032, -18.3369446, -18.3367939, -18.3360901, -18.338213, -18.3374634, -18.3360214, -18.3355846
1560.299999999977, -17.133131, -17.1360836, -17.1366844, -17.1378708, -17.1385422, -17.1396084, -17.1405945, -17.1413727, -17.1430035, -17.1433029
1560.399999999977, -18.3536282, -18.3558121, -18.3583317, -18.3597183, -18.3600273, -18.3595104, -18.3598061, -18.3597393, -18.3594894, -18.3597622
1560.4999999999768, -17.4838142, -17.4839783, -17.4829578, -17.481678, -17.4815617, -17.4814358, -17.4800472, -17.47995, -17.4804459, -17.4795914
1560.5999999999767, -18.164463, -18.1649323, -18.1646137, -18.1654778, -18.1653786, -18.1641598, -18.1629009, -18.1623936, -18.1624966, -18.1631088
1560.6999999999766, -17.4778919, -17.4770203, -17.47715, -17.4761524, -17.475462, -17.4749908, -17.475544, -17.4759178, -17.4762306, -17.47612
1560.7999999999765, -18.324358, -18.3254833, -18.3267765, -18.3247242, -18.3258057, -18.3251095, -18.3244514, -18.3256454, -18.3263359, -18.3260574
1560.8999999999764, -17.3836784, -17.3831558, -17.3820553, -17.3815441, -17.3810234, -17.3814201, -17.3819771, -17.3823967, -17.3822536, -17.3820515
1560.9999999999764, -18.4294319, -18.4319401, -18.4321365, -18.4324875, -18.4322758, -18.4320679, -18.4333935, -18.4327145, -18.4322948, -18.4332199
1561.0999999999763, -17.5352592, -17.5415287, -17.5465832, -17.5508385, -17.5529518, -17.5547924, -17.5572948, -17.5594559, -17.5611305, -17.5622826
1561.1999999999762, -17.924511, -17.9162102, -17.9154453, -17.9165707, -17.9164486, -17.9155369, -17.9160118, -17.916317, -17.9175701, -17.9159698
1561.299999999976, -18.0715675, -18.0712376, -18.0709057, -18.0682888, -18.0663815, -18.0655193, -18.0661259, -18.0671501, -18.0670605, -18.0684643
1561.399999999976, -17.6646385, -17.6648521, -17.6662655, -17.6666985, -17.6663303, -17.6647587, -17.6656399, -17.6662807, -17.6659126, -17.6643581
1561.499999999976, -18.2260323, -18.2260113, -18.2258492, -18.2257957, -18.2245865, -18.2243137, -18.2249012, -18.2244587, -18.2247581, -18.2258091
1561.5999999999758, -17.5894508, -17.5901012, -17.5922241, -17.590992, -17.5918255, -17.5918541, -17.5914955, -17.5925941, -17.5928707, -17.592514
1561.6999999999757, -18.0303249, -18.0304585, -18.0296478, -18.0297489, -18.030838, -18.0321465, -18.0325489, -18.0315208, -18.029892, -18.0295639
1561.7999999999756, -17.7924461, -17.7965794, -17.7979145, -17.7989597, -17.7974739, -17.7974224, -17.7969952, -17.7973213, -17.7965126, -17.7972069
1561.8999999999755, -17.9968376, -17.995245, -17.9942989, -17.9939785, -17.9947891, -17.9962292, -17.9972038, -17.9956169, -17.9959126, -17.9947968
1561.9999999999754, -17.6268063, -17.6177235, -17.6102543, -17.6066399, -17.6004333, -17.5961933, -17.5959034, -17.5955315, -17.5950489, -17.5946999
1562.0999999999754, -18.4023857, -18.404438, -18.4052467, -18.4067745, -18.4087181, -18.4096146, -18.4090462, -18.4096813, -18.4102402, -18.4104919
1562.1999999999753, -17.0864964, -17.0859337, -17.0874653, -17.0884151, -17.0867004, -17.0852776, -17.0858021, -17.0862541, -17.08708, -17.0861111
1562.2999999999752, -18.411747, -18.4108391, -18.410677, -18.4102917, -18.4102726, -18.4110718, -18.4125099, -18.4124622, -18.4109001, -18.4105053
1562.399999999975, -17.1204872, -17.1206741, -17.1210899, -17.120657, -17.1207047, -17.1196346, -17.1196747, -17.1199207, -17.1202316, -17.1201077
1562.499999999975, -18.4721203, -18.4725933, -18.4727039, -18.473238, -18.4731674, -18.4732494, -18.4731026, -18.4737053, -18.47365, -18.4737053
1562.599999999975, -17.0404797, -17.0416927, -17.0419273, -17.0424557, -17.0431118, -17.0425816, -17.0412521, -17.0413437, -17.0413036, -17.041481
1562.6999999999748, -18.3660717, -18.3654423, -18.3653488, -18.3656158, -18.3655949, -18.365366, -18.3650532, -18.3645954, -18.3646202, -18.365221
1562.7999999999747, -17.1311054, -17.1304417, -17.1302319, -17.1303082, -17.1305828, -17.1306896, -17.1302662, -17.1297417, -17.1299381, -17.1291771
1562.8999999999746, -18.5010872, -18.500349, -18.5011215, -18.5017128, -18.5011559, -18.5016346, -18.5017471, -18.5004978, -18.5017834, -18.5021763
1562.9999999999745, -17.2016354, -17.2047787, -17.2073193, -17.2097187, -17.2105789, -17.2101116, -17.2106781, -17.2111034, -17.2110786, -17.2115536
1563.0999999999744, -18.2150764, -18.2150173, -18.2141304, -18.2141685, -18.2147503, -18.2146282, -18.2150021, -18.2165031, -18.2172832, -18.2189369
1563.1999999999744, -17.3124828, -17.3122139, -17.3119621, -17.3108902, -17.3114052, -17.3112755, -17.3114433, -17.3112564, -17.3120232, -17.3109379
1563.2999999999743, -18.2112045, -18.2103996, -18.2100277, -18.2088661, -18.2104797, -18.2122402, -18.2125053, -18.2129612, -18.212862, -18.2112999
1563.3999999999742, -17.4658527, -17.4654026, -17.4638042, -17.4653683, -17.465229, -17.4658051, -17.4656563, -17.465189, -17.4627209, -17.4621944
1563.499999999974, -18.1602268, -18.1615162, -18.1629105, -18.163187, -18.1634331, -18.1648731, -18.1667862, -18.1681023, -18.1686134, -18.1704102
1563.599999999974, -17.262682, -17.2621174, -17.2605934, -17.2591152, -17.2586136, -17.2570286, -17.2573891, -17.2580185, -17.2581844, -17.257925
1563.699999999974, -18.2981567, -18.307148, -18.3147945, -18.3120632, -18.3013191, -18.2992249, -18.3126259, -18.3223171, -18.320612, -18.3219032
1563.7999999999738, -17.6643372, -17.6767864, -17.6895599, -17.6999989, -17.706953, -17.7128258, -17.7161903, -17.7180386, -17.7205811, -17.7213955
1563.8999999999737, -17.7059288, -17.6965275, -17.6921272, -17.6915894, -17.6908169, -17.6900005, -17.6886234, -17.6858864, -17.6843719, -17.6860352
1563.9999999999736, -18.0618629, -18.0597496, -18.0592537, -18.0570145, -18.0569077, -18.0572624, -18.0599289, -18.059454, -18.0584755, -18.0608463
1564.0999999999735, -17.5617561, -17.5621014, -17.5646496, -17.5651169, -17.5655537, -17.5658302, -17.5654144, -17.564373, -17.5654278, -17.5650978
1564.1999999999734, -18.2512875, -18.2505627, -18.2511215, -18.2503357, -18.2495346, -18.2497349, -18.2499714, -18.2497406, -18.2499771, -18.2495384
1564.2999999999734, -17.5457668, -17.5451813, -17.5473976, -17.5472584, -17.5466709, -17.5465393, -17.5463257, -17.5459633, -17.5468674, -17.5469551
1564.3999999999733, -18.1989613, -18.197073, -18.1965523, -18.196476, -18.1943436, -18.1942196, -18.1936283, -18.1911755, -18.1911335, -18.1908474
1564.4999999999732, -17.6523228, -17.6501083, -17.6490917, -17.6482296, -17.6465683, -17.6455879, -17.6480064, -17.6493664, -17.6486721, -17.6461029
1564.599999999973, -18.3166904, -18.3188171, -18.3184528, -18.316082, -18.316, -18.3141613, -18.3132935, -18.313097, -18.3133106, -18.3137188
1564.699999999973, -17.4626617, -17.4570065, -17.4507141, -17.4460983, -17.4388733, -17.4333878, -17.4345016, -17.4329643, -17.4322319, -17.4304199
1564.799999999973, -18.6312313, -18.6324596, -18.63274, -18.6341038, -18.6341991, -18.6336002, -18.6329708, -18.6333408, -18.6337967, -18.6345882
1564.8999999999728, -17.1528625, -17.152195, -17.1518173, -17.1519585, -17.1512299, -17.1503925, -17.149744, -17.149044, -17.1489544, -17.14995
1564.9999999999727, -18.6433887, -18.667347, -18.6629791, -18.6488018, -18.645998, -18.6453838, -18.6458015, -18.6467781, -18.6460381, -18.6483059
1565.0999999999726, -17.3188667, -17.3190079, -17.3176556, -17.3177986, -17.3196392, -17.3198299, -17.3193722, -17.319521, -17.3198395, -17.3190727
1565.1999999999725, -18.8163147, -18.8159389, -18.8148079, -18.8142796, -18.8141117, -18.8142757, -18.8147163, -18.8160744, -18.8144836, -18.8150196
1565.2999999999724, -17.3929195, -17.3939037, -17.3936844, -17.3932362, -17.3937111, -17.392952, -17.3914471, -17.3892345, -17.3896484, -17.3912849
1565.3999999999724, -18.7618771, -18.7630901, -18.7638721, -18.7635822, -18.7642879, -18.7651291, -18.7655697, -18.7658043, -18.7657108, -18.766222
1565.4999999999723, -17.387579, -17.3897362, -17.3895168, -17.389164, -17.3887348, -17.388113, -17.3885479, -17.3886776, -17.3905659, -17.3879433
1565.5999999999722, -18.798521, -18.7928944, -18.7919579, -18.7840881, -18.7824955, -18.7793732, -18.776989, -18.7758179, -18.7745762, -18.7738876
1565.699999999972, -17.9245033, -17.9301701, -17.9315395, -17.9323635, -17.9340382, -17.9346161, -17.9342098, -17.9343224, -17.9344521, -17.9356289
1565.799999999972, -18.4158554, -18.4161835, -18.4171791, -18.4175873, -18.4190845, -18.4201336, -18.4189663, -18.4168072, -18.41605, -18.4159756
1565.899999999972, -18.0685997, -18.0676575, -18.0671177, -18.0662518, -18.0649204, -18.0643616, -18.0640202, -18.0638618, -18.0628872, -18.0625324
1565.9999999999718, -18.4003735, -18.402916, -18.4051323, -18.4065094, -18.4061222, -18.4061832, -18.4066429, -18.4068451, -18.4045792, -18.405077
1566.0999999999717, -18.2668896, -18.2673645, -18.2715092, -18.2701149, -18.268013, -18.26614, -18.2650204, -18.2679043, -18.2682667, -18.2637005
1566.1999999999716, -18.6281605, -18.6315727, -18.6333485, -18.6339493, -18.6345024, -18.6342812, -18.6335258, -18.6336765, -18.6347599, -18.635561
1566.2999999999715, -18.2261696, -18.2243824, -18.2231293, -18.2242737, -18.2251816, -18.2251949, -18.2250004, -18.2262688, -18.2269192, -18.227562
1566.3999999999714, -18.5726852, -18.570509, -18.5710049, -18.5694237, -18.5695419, -18.5701771, -18.5691299, -18.5677967, -18.5685444, -18.5692406
1566.4999999999714, -18.6108494, -18.6263199, -18.6322289, -18.6369858, -18.6416798, -18.6453819, -18.6475868, -18.6495056, -18.6500778, -18.6513863
1566.5999999999713, -18.0902328, -18.0901566, -18.0917187, -18.091423, -18.0927124, -18.0924835, -18.0931797, -18.0928326, -18.0925007, -18.0935974
1566.6999999999712, -19.1229401, -19.1238861, -19.1244011, -19.1240749, -19.1238289, -19.1233788, -19.1227512, -19.1230183, -19.1230621, -19.1229534
1566.799999999971, -17.8835869, -17.8810806, -17.8794804, -17.8787575, -17.8778858, -17.8796196, -17.8806152, -17.8806648, -17.8819027, -17.8831463
1566.899999999971, -19.1849098, -19.1857796, -19.1861553, -19.1860447, -19.1859245, -19.185173, -19.1846657, -19.183691, -19.1843739, -19.1875477
1566.999999999971, -18.0088158, -18.0101986, -18.009306, -18.0097466, -18.0111904, -18.0140114, -18.0144215, -18.0148201, -18.0158558, -18.0153027
1567.0999999999708, -19.2755566, -19.2751942, -19.2753811, -19.276413, -19.2754936, -19.2746792, -19.27425, -19.2746353, -19.274107, -19.2747021
1567.1999999999707, -18.0212822, -18.0219402, -18.0231152, -18.0246449, -18.0241356, -18.0244427, -18.0249767, -18.0259857, -18.0257282, -18.0247803
1567.2999999999706, -19.3103046, -19.3122444, -19.3147049, -19.3158989, -19.3172741, -19.3178902, -19.3177052, -19.3181915, -19.3186436, -19.3193722
1567.3999999999705, -17.943409, -17.9430962, -17.9409924, -17.9407711, -17.9403954, -17.939373, -17.9376812, -17.9376621, -17.9382744, -17.9373016
1567.4999999999704, -19.4022732, -19.4005318, -19.4006767, -19.4000816, -19.4008999, -19.4008465, -19.4009953, -19.400528, -19.401619, -19.401926
1567.5999999999704, -18.1319027, -18.132494, -18.131422, -18.1299343, -18.1288013, -18.1279507, -18.128233, -18.1274548, -18.1282997, -18.1277122
1567.6999999999703, -19.1990776, -19.1985722, -19.198597, -19.2012177, -19.2006683, -19.2007809, -19.2022228, -19.2021751, -19.2017822, -19.2007198
1567.7999999999702, -18.1385899, -18.1386108, -18.1388264, -18.1387424, -18.137825, -18.1373711, -18.1359806, -18.1340332, -18.1343098, -18.1341019
1567.89999999997, -19.3756638, -19.3757458, -19.3752117, -19.3765736, -19.3756275, -19.3756123, -19.3753452, -19.3766232, -19.3778095, -19.3769054
1567.99999999997, -18.2488079, -18.2476025, -18.2457218, -18.2445679, -18.2462139, -18.2456741, -18.2462254, -18.2468433, -18.2457962, -18.2445831
1568.09999999997, -19.2646637, -19.2640686, -19.2651825, -19.2647781, -19.2649555, -19.2652264, -19.2654266, -19.2654896, -19.2656422, -19.2661057
1568.1999999999698, -18.1399422, -18.144083, -18.1475143, -18.1499462, -18.152626, -18.1540775, -18.1541576, -18.1546173, -18.1550007, -18.1558285
1568.2999999999697, -19.0016842, -18.9900188, -18.9849224, -18.9792061, -18.9725952, -18.9698772, -18.9680576, -18.9673729, -18.966404, -18.9664993
1568.3999999999696, -18.7706852, -18.7712784, -18.7717705, -18.7695293, -18.7710133, -18.7710629, -18.7722511, -18.7737789, -18.7745934, -18.7742424
1568.4999999999695, -18.6673203, -18.6697445, -18.66996, -18.6717606, -18.6710453, -18.6707191, -18.6714516, -18.6700001, -18.6692295, -18.6671066
1568.5999999999694, -19.0483971, -19.0474949, -19.0465088, -19.0452709, -19.0450211, -19.0448647, -19.0462303, -19.0468254, -19.0453262, -19.0445633
1568.6999999999694, -18.2870235, -18.2881565, -18.2882538, -18.2864056, -18.286438, -18.2873611, -18.2853279, -18.2855568, -18.2849789, -18.2844791
1568.7999999999693, -19.0592995, -19.0582447, -19.058094, -19.0576591, -19.0575638, -19.0571346, -19.0578194, -19.0572891, -19.0566044, -19.0569057
1568.8999999999692, -18.5502472, -18.5518627, -18.5517426, -18.550869, -18.5516434, -18.5512104, -18.551384, -18.5516357, -18.5517578, -18.5524101
1568.999999999969, -19.0862122, -19.0858994, -19.08745, -19.0869579, -19.0868492, -19.0875492, -19.0891438, -19.0865612, -19.0883064, -19.0892448
1569.099999999969, -18.1721725, -18.1660595, -18.1607304, -18.1570015, -18.1566353, -18.1559525, -18.1567402, -18.1572571, -18.157198, -18.1568069
1569.199999999969, -19.223278, -19.2259903, -19.2281361, -19.2304764, -19.2309246, -19.2327042, -19.2332249, -19.2335987, -19.2348309, -19.2354336
1569.2999999999688, -17.924057, -17.9244423, -17.9255123, -17.9263439, -17.9273033, -17.9272785, -17.9279499, -17.9275513, -17.9269142, -17.927021
1569.3999999999687, -19.4959335, -19.4961414, -19.4956722, -19.4953651, -19.4967289, -19.4968872, -19.495739, -19.4958839, -19.4965343, -19.4971809
1569.4999999999686, -18.0324936, -18.0327473, -18.0323448, -18.0317173, -18.0315819, -18.0303631, -18.0314083, -18.032383, -18.0323658, -18.0325241
1569.5999999999685, -19.4297047, -19.4299927, -19.430109, -19.430191, -19.4297771, -19.4299297, -19.4299641, -19.4309902, -19.4310398, -19.4317627
1569.6999999999684, -17.8857327, -17.8854141, -17.8855343, -17.8841858, -17.884304, -17.8832798, -17.8830242, -17.8836861, -17.8838158, -17.8854294
1569.7999999999683, -19.4835567, -19.4690247, -19.4724312, -19.470644, -19.4693699, -19.4695759, -19.4729824, -19.4760017, -19.4738808, -19.4823437
1569.8999999999683, -18.0947647, -18.0947666, -18.0935726, -18.0922527, -18.0935001, -18.0936928, -18.0927887, -18.0941277, -18.0689659, -18.0181065
1569.9999999999682, -19.5336781, -19.5333996, -19.5333633, -19.5337276, -19.5326405, -19.532856, -19.5334206, -19.5338345, -19.5348358, -19.5351963
1570.099999999968, -18.1686821, -18.1740036, -18.1778831, -18.1797543, -18.1825809, -18.1848621, -18.1846027, -18.1855469, -18.18573, -18.1855011
1570.199999999968, -19.214838, -19.2131577, -19.2149315, -19.2167892, -19.2185917, -19.2182922, -19.2185688, -19.2199306, -19.2209167, -19.2204514
1570.299999999968, -18.6652298, -18.6666584, -18.6669865, -18.6687469, -18.6689911, -18.6691475, -18.668047, -18.6676674, -18.6673775, -18.6661472
1570.3999999999678, -19.1441956, -19.1446133, -19.1445847, -19.1453266, -19.1454525, -19.1458492, -19.1460629, -19.1467743, -19.146347, -19.1463909
1570.4999999999677, -18.9657097, -18.9667854, -18.9684029, -18.968771, -18.9700508, -18.9695435, -18.9696426, -18.9713573, -18.9714565, -18.9707642
1570.5999999999676, -19.0283623, -19.0305519, -19.0302334, -19.0298576, -19.02775, -19.0275974, -19.028244, -19.0279846, -19.0287189, -19.0282879
1570.6999999999675, -18.9722977, -18.966217, -18.9653149, -18.9665508, -18.9655914, -18.965044, -18.9644184, -18.9651451, -18.9658833, -18.9672318
1570.7999999999674, -19.1979656, -19.1979656, -19.1983547, -19.1975803, -19.1966133, -19.193903, -19.1931725, -19.1918907, -19.1926842, -19.1923523
1570.8999999999673, -19.3530426, -19.3539371, -19.3548203, -19.3560619, -19.3552074, -19.3560371, -19.3548565, -19.3546009, -19.3534508, -19.3517914
1570.9999999999673, -18.6775055, -18.6744232, -18.6705894, -18.6641731, -18.663002, -18.6607075, -18.6593685, -18.6585102, -18.6583443, -18.6579895
1571.0999999999672, -19.7653389, -19.7651844, -19.7661381, -19.7651424, -19.7654934, -19.7663193, -19.7659283, -19.7663631, -19.7667408, -19.7659912
1571.199999999967, -18.6084137, -18.6081276, -18.6090679, -18.6090832, -18.6093216, -18.6103535, -18.6088257, -18.6082897, -18.609129, -18.6093254
1571.299999999967, -20.0470619, -20.0479469, -20.0477028, -20.0470448, -20.0477295, -20.0472927, -20.0473843, -20.0480843, -20.0476055, -20.0475922
1571.399999999967, -18.5079651, -18.5079746, -18.5081081, -18.5081692, -18.5080624, -18.5075722, -18.507637, -18.5079098, -18.5079613, -18.5089912
1571.4999999999668, -20.0529575, -20.05299, -20.0549393, -20.054678, -20.0554256, -20.0556793, -20.0555267, -20.0552807, -20.0549469, -20.0558014
1571.5999999999667, -18.6677284, -18.66782, -18.6670799, -18.6678963, -18.6675835, -18.6682186, -18.6685104, -18.6685143, -18.6684856, -18.6688004
1571.6999999999666, -20.282198, -20.2822819, -20.2824497, -20.2830563, -20.283968, -20.2841244, -20.2836666, -20.2829266, -20.2831154, -20.2834511
1571.7999999999665, -18.7424488, -18.7424984, -18.7423973, -18.7417736, -18.7414398, -18.7391605, -18.7391853, -18.7407856, -18.7405815, -18.7401505
1571.8999999999664, -20.1476612, -20.1461067, -20.1456661, -20.1459179, -20.1451988, -20.144701, -20.1439686, -20.1438141, -20.1443996, -20.1441345
1571.9999999999663, -18.8772449, -18.8754444, -18.8749714, -18.8727074, -18.8721905, -18.8710461, -18.8697853, -18.870615, -18.8703327, -18.8690205
1572.0999999999663, -20.3251019, -20.3260841, -20.3253403, -20.3251286, -20.3246536, -20.3242531, -20.3245583, -20.3268318, -20.3270168, -20.3272324
1572.1999999999662, -19.3864822, -19.3868046, -19.3871613, -19.3882942, -19.3879204, -19.3879337, -19.3868046, -19.386982, -19.3880138, -19.3888073
1572.299999999966, -20.096283, -20.0980644, -20.0990658, -20.099741, -20.0993404, -20.0990105, -20.0994892, -20.0997887, -20.1013622, -20.1006279
1572.399999999966, -19.3135605, -19.3137436, -19.3143063, -19.3133335, -19.3127193, -19.3119392, -19.313818, -19.3151627, -19.3160324, -19.3142223
1572.499999999966, -20.1866493, -20.1873112, -20.185379, -20.1856289, -20.1859245, -20.1852188, -20.1861706, -20.1860065, -20.1867008, -20.1860619
1572.5999999999658, -19.5640926, -19.5634651, -19.5623074, -19.5604382, -19.5582314, -19.5564899, -19.5558262, -19.556963, -19.5577202, -19.5571842
1572.6999999999657, -20.1515427, -20.1509323, -20.1503487, -20.1484966, -20.14744, -20.1464958, -20.1452274, -20.1429386, -20.1413231, -20.1368065
1572.7999999999656, -20.1258945, -20.1322861, -20.1360683, -20.1408195, -20.142952, -20.1431427, -20.1429863, -20.14394, -20.1441441, -20.1448669
1572.8999999999655, -19.4041767, -19.4017639, -19.4045105, -19.4054661, -19.4059181, -19.4038754, -19.4051037, -19.4055042, -19.4073677, -19.4069595
1572.9999999999654, -20.4929333, -20.4908848, -20.491066, -20.4894848, -20.487709, -20.4870834, -20.4859352, -20.4870205, -20.4881382, -20.490097
1573.0999999999653, -19.4843559, -19.48559, -19.4827862, -19.4828529, -19.4823685, -19.4823036, -19.4829922, -19.4828053, -19.4812222, -19.4805927
1573.1999999999653, -20.7622318, -20.7622261, -20.7609138, -20.7603054, -20.7626514, -20.7618618, -20.7611752, -20.7609959, -20.762167, -20.7620945
1573.2999999999652, -19.2478046, -19.248476, -19.2503548, -19.2497692, -19.2496777, -19.2484207, -19.2503433, -19.2506428, -19.2498627, -19.2495384
1573.399999999965, -20.6173038, -20.6180401, -20.6171684, -20.6168633, -20.6163273, -20.6167049, -20.6162281, -20.6161041, -20.6174946, -20.6166039
1573.499999999965, -19.3068733, -19.3098106, -19.3115063, -19.3140259, -19.316618, -19.3161869, -19.3160324, -19.3164883, -19.3156338, -19.3161144
1573.599999999965, -20.7901287, -20.7908516, -20.7903118, -20.7924633, -20.79282, -20.7928047, -20.79216, -20.7917461, -20.7924652, -20.7927113
1573.6999999999648, -19.3089046, -19.3091526, -19.3108139, -19.3108177, -19.309021, -19.3090935, -19.3091984, -19.3109283, -19.3105392, -19.3126392
1573.7999999999647, -20.7894421, -20.7897243, -20.7891636, -20.7891483, -20.7896442, -20.7886353, -20.7869034, -20.7871132, -20.7878933, -20.7891159
1573.8999999999646, -19.2602177, -19.2584915, -19.2600975, -19.2600842, -19.2579136, -19.255291, -19.2544003, -19.2598724, -19.2557545, -19.2547283
1573.9999999999645, -20.7185745, -20.7202072, -20.7202549, -20.7212906, -20.7212181, -20.723135, -20.7240429, -20.7231178, -20.7228012, -20.7223263
1574.0999999999644, -19.573185, -19.5712833, -19.5713654, -19.5714684, -19.5749741, -19.5754223, -19.575346, -19.5742435, -19.5758648, -19.5739536
1574.1999999999643, -20.6100521, -20.6116104, -20.6123009, -20.6122608, -20.6131248, -20.6138363, -20.6128445, -20.6120834, -20.6119518, -20.6128025
1574.2999999999643, -19.5499439, -19.5472412, -19.5442238, -19.5464897, -19.5439548, -19.5428905, -19.5436535, -19.5462494, -19.5458431, -19.5449486
1574.3999999999642, -20.528738, -20.5282097, -20.5288277, -20.5293999, -20.5301056, -20.5303383, -20.5303764, -20.5297604, -20.5308018, -20.5296478
1574.499999999964, -19.7610607, -19.7625751, -19.7632885, -19.76367, -19.7644882, -19.7649708, -19.7649632, -19.7652073, -19.7661171, -19.7660484
1574.599999999964, -20.1671467, -20.156292, -20.1528683, -20.1506844, -20.1478786, -20.1487598, -20.1449242, -20.1421776, -20.1397915, -20.1386852
1574.699999999964, -20.369873, -20.3717461, -20.3737679, -20.3750744, -20.3753815, -20.3776512, -20.3801289, -20.3792515, -20.3799343, -20.3799019
1574.7999999999638, -19.6755486, -19.6733074, -19.670826, -19.6712818, -19.6704655, -19.6679573, -19.6670151, -19.6673031, -19.6695747, -19.6706104
1574.8999999999637, -20.6071644, -20.6074257, -20.6065121, -20.6054287, -20.6053181, -20.6040058, -20.6045895, -20.6042233, -20.6040993, -20.6048222
1574.9999999999636, -19.639183, -19.6385269, -19.6391697, -19.6384678, -19.6396084, -19.6390495, -19.6383801, -19.6367607, -19.6369667, -19.6377811
