wavelength_nm ,power_reading_0_dbm ,power_reading_1_dbm ,power_reading_2_dbm ,power_reading_3_dbm ,power_reading_4_dbm ,power_reading_5_dbm ,power_reading_6_dbm ,power_reading_7_dbm ,power_reading_8_dbm ,power_reading_9_dbm 
1515.0, -17.470295, -17.4730644, -17.4720154, -17.4735661, -17.4745197, -17.4757748, -17.476244, -17.4738464, -17.4772778, -17.4766731
1515.1, -18.2145309, -18.213316, -18.2111492, -18.2093735, -18.2102566, -18.2123013, -18.2131233, -18.2140427, -18.2142258, -18.2144108
1515.1999999999998, -17.4651546, -17.4652081, -17.465332, -17.464098, -17.4641132, -17.4639397, -17.4634285, -17.4644146, -17.4643631, -17.4631557
1515.2999999999997, -18.1403217, -18.1395607, -18.1425934, -18.1435471, -18.1440582, -18.1462727, -18.145628, -18.1459618, -18.1449471, -18.1448917
1515.3999999999996, -17.4807415, -17.4830418, -17.4840183, -17.4832497, -17.4831409, -17.4818916, -17.4807224, -17.4806824, -17.479826, -17.4789257
1515.4999999999995, -17.8728752, -17.8724289, -17.8730545, -17.8727303, -17.8713322, -17.8715458, -17.8725605, -17.8695374, -17.870676, -17.8713188
1515.5999999999995, -17.6872177, -17.6861744, -17.6860905, -17.685442, -17.6855507, -17.6843033, -17.6854019, -17.6854515, -17.6862717, -17.6841698
1515.6999999999994, -18.0381317, -18.0375729, -18.0376759, -18.0381947, -18.0410595, -18.0410042, -18.0386486, -18.0381031, -18.0379887, -18.0407295
1515.7999999999993, -17.3852825, -17.385107, -17.3849449, -17.3848553, -17.3854198, -17.384491, -17.3836727, -17.3820286, -17.3825245, -17.3821011
1515.8999999999992, -18.0996742, -18.099865, -18.1008301, -18.1011086, -18.1049366, -18.1051559, -18.1053905, -18.1022835, -18.1031494, -18.1024532
1515.999999999999, -17.4127617, -17.4134979, -17.4172764, -17.417696, -17.4181824, -17.4177971, -17.4171867, -17.415432, -17.4143391, -17.4146614
1516.099999999999, -18.0281086, -18.0282383, -18.0274239, -18.0246067, -18.0256805, -18.0264931, -18.0269775, -18.0295753, -18.02948, -18.0284882
1516.199999999999, -17.6668606, -17.6656704, -17.6664963, -17.666151, -17.664793, -17.6628284, -17.6620102, -17.6649971, -17.6641254, -17.6621513
1516.2999999999988, -17.7717915, -17.7703228, -17.7736759, -17.7721119, -17.7728062, -17.7727356, -17.7727108, -17.7741909, -17.7784481, -17.7792816
1516.3999999999987, -17.9878197, -17.9884148, -17.9879665, -17.9882259, -17.9876251, -17.986948, -17.9868126, -17.9858723, -17.9872532, -17.986948
1516.4999999999986, -17.6340046, -17.635479, -17.635973, -17.6340046, -17.6346855, -17.6351566, -17.6349716, -17.636673, -17.6377392, -17.6368732
1516.5999999999985, -17.7973366, -17.7971935, -17.7972679, -17.7964706, -17.7966881, -17.7960167, -17.7960224, -17.795887, -17.7961998, -17.7949734
1516.6999999999985, -18.0596161, -18.0604191, -18.0620365, -18.0601788, -18.05933, -18.0604343, -18.0594425, -18.0604382, -18.0602436, -18.0597248
1516.7999999999984, -17.71031, -17.7088928, -17.7095337, -17.7108402, -17.7113705, -17.7122154, -17.7110634, -17.7120438, -17.7120686, -17.7120552
1516.8999999999983, -17.9346523, -17.9335918, -17.9326458, -17.93297, -17.9335518, -17.9331379, -17.9340019, -17.9343719, -17.9352932, -17.9341297
1516.9999999999982, -17.9828377, -17.980896, -17.982275, -17.9819698, -17.9825134, -17.9822636, -17.9824829, -17.9823074, -17.9818459, -17.9809723
1517.099999999998, -17.7775707, -17.7769623, -17.7775726, -17.7783546, -17.7786522, -17.7786255, -17.7780418, -17.7783108, -17.7783146, -17.77952
1517.199999999998, -18.2986927, -18.2979736, -18.2983055, -18.296566, -18.2972565, -18.2961998, -18.295332, -18.2953548, -18.2945576, -18.2937965
1517.299999999998, -17.5926952, -17.5929108, -17.592514, -17.5890751, -17.5888214, -17.5909233, -17.5915298, -17.5904064, -17.5937157, -17.5905533
1517.3999999999978, -18.3410263, -18.3418121, -18.3427448, -18.343153, -18.3433437, -18.3437729, -18.3434525, -18.3426762, -18.3419094, -18.3406715
1517.4999999999977, -17.8826733, -17.8824387, -17.8826332, -17.8838005, -17.8836937, -17.8828964, -17.8838615, -17.8831024, -17.8834972, -17.8843594
1517.5999999999976, -18.1843071, -18.1833706, -18.1827965, -18.1840038, -18.1836128, -18.1836567, -18.1831779, -18.1825676, -18.1821651, -18.181673
1517.6999999999975, -17.9334259, -17.9339046, -17.9339256, -17.9348755, -17.9344997, -17.9341602, -17.9334202, -17.9320297, -17.9326553, -17.9335117
1517.7999999999975, -18.4269581, -18.4287453, -18.4304314, -18.4299393, -18.4301815, -18.4290504, -18.4286652, -18.4286652, -18.4285507, -18.4278049
1517.8999999999974, -17.7573986, -17.757019, -17.7566586, -17.7569332, -17.7566738, -17.7570667, -17.7573452, -17.7575417, -17.7577686, -17.7582016
1517.9999999999973, -18.5267487, -18.5274849, -18.528965, -18.5302181, -18.5297508, -18.5291557, -18.527729, -18.5258675, -18.5253086, -18.5265465
1518.0999999999972, -17.7529011, -17.7545147, -17.756609, -17.7558956, -17.7550278, -17.7546196, -17.7542114, -17.7557411, -17.7558956, -17.7559586
1518.199999999997, -18.5332413, -18.5333099, -18.5351372, -18.535717, -18.5346737, -18.533741, -18.5337181, -18.5332108, -18.5353203, -18.5347958
1518.299999999997, -17.7671261, -17.7660007, -17.7653999, -17.7646542, -17.7666206, -17.7667465, -17.7671585, -17.7663021, -17.7648907, -17.7651787
1518.399999999997, -18.5277328, -18.5276527, -18.5281353, -18.5283337, -18.5290241, -18.5288105, -18.528595, -18.5300388, -18.5303364, -18.5307579
1518.4999999999968, -17.8098068, -17.8077126, -17.8066864, -17.8065128, -17.8059883, -17.8073368, -17.8074837, -17.8076744, -17.8072758, -17.8058872
1518.5999999999967, -18.6226254, -18.6227055, -18.6233273, -18.6233196, -18.6223049, -18.6225853, -18.6225433, -18.6234665, -18.6234741, -18.6232147
1518.6999999999966, -17.7993507, -17.7987328, -17.7971668, -17.7972813, -17.798336, -17.7990742, -17.7995205, -17.7989597, -17.7989025, -17.7973194
1518.7999999999965, -18.4946136, -18.4949818, -18.4951458, -18.4948063, -18.4942818, -18.4949818, -18.4951019, -18.4951687, -18.4965611, -18.4963531
1518.8999999999965, -17.8106117, -17.8109303, -17.812746, -17.8121452, -17.8119068, -17.8111534, -17.8107147, -17.8094959, -17.8087692, -17.8079376
1518.9999999999964, -18.3017426, -18.302248, -18.3029938, -18.3049126, -18.3060837, -18.3052673, -18.3063335, -18.3069763, -18.3073616, -18.3082886
1519.0999999999963, -17.7769661, -17.7771931, -17.7771873, -17.7769012, -17.7764473, -17.7767792, -17.7757282, -17.7752724, -17.7753029, -17.7757111
1519.1999999999962, -18.48176, -18.481657, -18.4824715, -18.4833794, -18.4817009, -18.4807949, -18.4822426, -18.4832668, -18.4840698, -18.4836426
1519.299999999996, -17.6328564, -17.6334381, -17.6323986, -17.6324825, -17.6336136, -17.6333389, -17.6332588, -17.6339111, -17.6331234, -17.634264
1519.399999999996, -18.4803028, -18.4804955, -18.4795322, -18.4804592, -18.479517, -18.4804668, -18.4804497, -18.481884, -18.4812641, -18.4795341
1519.499999999996, -17.6489105, -17.6488991, -17.6490326, -17.6491375, -17.6491203, -17.6497288, -17.648283, -17.6487923, -17.6471233, -17.6474018
1519.5999999999958, -18.2021065, -18.2013264, -18.2022572, -18.2014599, -18.2020397, -18.2013588, -18.202179, -18.2030983, -18.2029381, -18.2041073
1519.6999999999957, -17.8764076, -17.8762131, -17.8746262, -17.8744545, -17.8726883, -17.8717098, -17.8719387, -17.8712521, -17.8710804, -17.8704243
1519.7999999999956, -17.819788, -17.8197746, -17.8195, -17.8209591, -17.8207207, -17.8197021, -17.8201656, -17.8205853, -17.8214092, -17.8225651
1519.8999999999955, -17.8128815, -17.8131981, -17.814476, -17.8154697, -17.8138123, -17.8132744, -17.8100929, -17.8085594, -17.8100529, -17.8081398
1519.9999999999955, -18.0749817, -18.0764103, -18.0769501, -18.0784378, -18.0775146, -18.0781879, -18.0810566, -18.079752, -18.0794926, -18.080286
1520.0999999999954, -17.4845886, -17.4840965, -17.4829521, -17.4830952, -17.4826717, -17.4827404, -17.4832516, -17.4823933, -17.4829388, -17.4815235
1520.1999999999953, -18.077282, -18.077282, -18.0769978, -18.0767994, -18.076519, -18.0756016, -18.0764637, -18.0762959, -18.0766163, -18.0767937
1520.2999999999952, -17.5556259, -17.5560684, -17.5565224, -17.5554886, -17.5548382, -17.5559406, -17.5563946, -17.5574856, -17.5578079, -17.5557976
1520.399999999995, -17.6917362, -17.6919861, -17.691597, -17.691391, -17.6920433, -17.6930065, -17.6922264, -17.6928368, -17.6925011, -17.6924992
1520.499999999995, -17.8246384, -17.8249073, -17.8235416, -17.8239231, -17.8251495, -17.8242073, -17.8244743, -17.823103, -17.8217831, -17.8223
1520.599999999995, -17.2931786, -17.2928066, -17.2947674, -17.2969589, -17.2972641, -17.2947216, -17.2943497, -17.2929478, -17.2946281, -17.2947445
1520.6999999999948, -17.919405, -17.9309139, -17.9325466, -17.9343529, -17.9331474, -17.932354, -17.9330502, -17.9329128, -17.9310856, -17.9311638
1520.7999999999947, -17.5298347, -17.5291595, -17.5291939, -17.5296497, -17.5288811, -17.5294209, -17.5297012, -17.5313625, -17.5324612, -17.5342846
1520.8999999999946, -17.5378075, -17.5369415, -17.5368366, -17.5351315, -17.5364857, -17.5352859, -17.5345726, -17.534399, -17.5343037, -17.5352478
1520.9999999999945, -17.5866642, -17.5855904, -17.5860443, -17.5860691, -17.5848064, -17.5849438, -17.5846825, -17.5832958, -17.5829258, -17.5831146
1521.0999999999945, -17.5548172, -17.5554848, -17.5556164, -17.5539284, -17.5538654, -17.5549088, -17.5587502, -17.5560608, -17.5521851, -17.5532207
1521.1999999999944, -17.291584, -17.2912903, -17.2920113, -17.2918034, -17.2919407, -17.2916718, -17.2913551, -17.2914619, -17.291317, -17.2923317
1521.2999999999943, -17.878479, -17.8784618, -17.8792191, -17.8792, -17.8784485, -17.8780823, -17.8785076, -17.8796806, -17.8786926, -17.877985
1521.3999999999942, -16.9931564, -16.9946957, -16.9913864, -16.9933376, -16.9911556, -16.9929543, -16.9939651, -16.9951057, -16.9944077, -16.9952736
1521.499999999994, -17.8913136, -17.8842793, -17.87603, -17.8856983, -17.878458, -17.8774872, -17.8901711, -17.8782654, -17.8751373, -17.8750629
1521.599999999994, -17.1355801, -17.1365166, -17.1370983, -17.1372795, -17.1368008, -17.1372814, -17.1372471, -17.1377258, -17.139473, -17.1400604
1521.699999999994, -17.848278, -17.8486633, -17.8486385, -17.8477859, -17.8485088, -17.849802, -17.8504963, -17.8501968, -17.8496857, -17.8478355
1521.7999999999938, -17.3242531, -17.3238354, -17.3228626, -17.3229637, -17.321825, -17.3229008, -17.3214512, -17.3210697, -17.3226585, -17.3227825
1521.8999999999937, -17.7028484, -17.703331, -17.7051373, -17.7059364, -17.7042122, -17.7061005, -17.706995, -17.706955, -17.7070484, -17.7067318
1521.9999999999936, -17.0392418, -17.0394478, -17.0402946, -17.0389671, -17.0380383, -17.0372391, -17.0367889, -17.0366554, -17.0375023, -17.0377827
1522.0999999999935, -18.0051918, -18.004303, -18.0042458, -18.0052929, -18.0047531, -18.0053291, -18.0055866, -18.0053844, -18.0046806, -18.0023956
1522.1999999999935, -17.0872707, -17.0864105, -17.0867577, -17.087059, -17.087513, -17.0870304, -17.0865211, -17.0859585, -17.086874, -17.0864677
1522.2999999999934, -17.884779, -17.8841991, -17.8832645, -17.8839474, -17.8835659, -17.8836403, -17.883215, -17.8829174, -17.8831387, -17.8830681
1522.3999999999933, -17.0335274, -17.0331383, -17.03302, -17.0335045, -17.0324383, -17.0329361, -17.0334682, -17.0335426, -17.0332108, -17.0338707
1522.4999999999932, -18.0413876, -18.0414104, -18.0416908, -18.0405788, -18.0400696, -18.039957, -18.0404987, -18.040205, -18.0402889, -18.0407104
1522.599999999993, -17.2349815, -17.234436, -17.2336864, -17.2336254, -17.2337074, -17.2339306, -17.2324333, -17.2318821, -17.2329941, -17.2333851
1522.699999999993, -18.0460033, -18.0459557, -18.0463238, -18.0463543, -18.0450745, -18.0456905, -18.0465622, -18.0466919, -18.0460701, -18.0475388
1522.799999999993, -17.1204071, -17.1211166, -17.1222057, -17.1209488, -17.1202888, -17.1204205, -17.1198788, -17.1199398, -17.1199322, -17.1192017
1522.8999999999928, -18.081686, -18.0819492, -18.0823784, -18.0830078, -18.0834675, -18.0839005, -18.0844097, -18.0847397, -18.0851402, -18.084631
1522.9999999999927, -17.3461819, -17.345602, -17.3465767, -17.3448029, -17.3451157, -17.3456001, -17.3455753, -17.3444767, -17.3434124, -17.3440437
1523.0999999999926, -17.9566689, -17.9574509, -17.9559097, -17.9549999, -17.9568768, -17.9561806, -17.9544487, -17.9543591, -17.9540901, -17.9550304
1523.1999999999925, -17.3418102, -17.3409119, -17.3431835, -17.3430004, -17.3440838, -17.3439198, -17.3441887, -17.3436832, -17.3412247, -17.3408413
1523.2999999999925, -18.18853, -18.1886387, -18.1860409, -18.184906, -18.1846714, -18.186367, -18.186945, -18.187685, -18.1870117, -18.1866951
1523.3999999999924, -17.2483883, -17.2472801, -17.2453995, -17.2457714, -17.2471943, -17.2460766, -17.2457085, -17.2448578, -17.2442703, -17.244318
1523.4999999999923, -18.2052307, -18.205452, -18.2063522, -18.2066402, -18.2070026, -18.2070103, -18.2061577, -18.2061062, -18.2071781, -18.2079525
1523.5999999999922, -17.2795734, -17.2796078, -17.279707, -17.2803288, -17.2810688, -17.2806644, -17.2793388, -17.2795982, -17.2799072, -17.2784939
1523.699999999992, -18.1380119, -18.1374035, -18.1361732, -18.1354294, -18.135273, -18.1360302, -18.1372547, -18.1374493, -18.1370373, -18.1369553
1523.799999999992, -17.6509056, -17.6505527, -17.65135, -17.6512318, -17.6508656, -17.6498947, -17.650095, -17.6513176, -17.6512775, -17.6512737
1523.899999999992, -17.8580818, -17.8586063, -17.8575935, -17.8572273, -17.8568783, -17.8562679, -17.8556843, -17.8556347, -17.8553925, -17.855135
1523.9999999999918, -17.661396, -17.6606102, -17.6604309, -17.6594162, -17.6605892, -17.6603584, -17.6590118, -17.6592121, -17.658268, -17.6588726
1524.0999999999917, -18.0460682, -18.045681, -18.0443707, -18.0469379, -18.0463943, -18.050869, -18.051506, -18.0493202, -18.047718, -18.0481758
1524.1999999999916, -17.368248, -17.3692379, -17.3679218, -17.3677063, -17.3688755, -17.3696613, -17.3688469, -17.3695698, -17.3696632, -17.368269
1524.2999999999915, -18.2395535, -18.236927, -18.2381706, -18.2383175, -18.2391586, -18.239809, -18.2402191, -18.2399063, -18.2388248, -18.238903
1524.3999999999915, -17.402338, -17.4027901, -17.4021873, -17.4015121, -17.4020367, -17.4015656, -17.4007874, -17.4013252, -17.4016113, -17.3998985
1524.4999999999914, -17.9650917, -17.9646053, -17.9645691, -17.9645271, -17.9639359, -17.9632626, -17.9643688, -17.9656143, -17.9666634, -17.9681683
1524.5999999999913, -17.6934719, -17.6951866, -17.6945915, -17.6944199, -17.6934834, -17.6931953, -17.6951351, -17.6962719, -17.6950054, -17.6930943
1524.6999999999912, -17.6657696, -17.6657066, -17.6654625, -17.6650524, -17.664753, -17.6637135, -17.6630383, -17.6631374, -17.6631603, -17.6628304
1524.799999999991, -17.9407406, -17.9404354, -17.9401493, -17.9407711, -17.9407406, -17.9416866, -17.9408016, -17.9416714, -17.9412251, -17.9411163
1524.899999999991, -17.7184181, -17.7178211, -17.7152958, -17.7139721, -17.7133789, -17.7137794, -17.7141933, -17.7153454, -17.7160931, -17.7154293
1524.999999999991, -17.3601933, -17.3600883, -17.3609028, -17.3611774, -17.3601418, -17.3588333, -17.3569412, -17.3561268, -17.3551941, -17.3560314
1525.0999999999908, -17.9827862, -17.9812584, -17.9808598, -17.9802303, -17.981493, -17.9816399, -17.9810352, -17.979847, -17.9814262, -17.9810295
1525.1999999999907, -17.4898109, -17.490963, -17.4914036, -17.491724, -17.4901543, -17.4901886, -17.4898987, -17.4889927, -17.4874001, -17.4865761
1525.2999999999906, -17.7790165, -17.7781143, -17.7779026, -17.7772598, -17.7768078, -17.7776871, -17.7774944, -17.7778454, -17.7789555, -17.7784805
1525.3999999999905, -17.5351944, -17.5372047, -17.537878, -17.5356636, -17.5350895, -17.5348587, -17.5358849, -17.5363121, -17.5358162, -17.5358791
1525.4999999999905, -17.2575321, -17.2576733, -17.2574272, -17.2572594, -17.2561665, -17.2556763, -17.2556171, -17.2554626, -17.2559032, -17.2558746
1525.5999999999904, -17.9478416, -17.9479198, -17.9495068, -17.9504623, -17.9508877, -17.9502373, -17.9493427, -17.9493408, -17.9509792, -17.951458
1525.6999999999903, -17.319128, -17.3179913, -17.3176537, -17.3178825, -17.3188972, -17.3185806, -17.3197784, -17.3206081, -17.320425, -17.3208733
1525.7999999999902, -17.3901138, -17.3921013, -17.3926868, -17.3929272, -17.3931789, -17.3917599, -17.3895149, -17.3881836, -17.3871727, -17.3867722
1525.89999999999, -17.5047913, -17.5040531, -17.5042553, -17.5034943, -17.5048618, -17.5045242, -17.50597, -17.5063248, -17.5048504, -17.504591
1525.99999999999, -17.3129501, -17.3128452, -17.3129578, -17.3123875, -17.3122578, -17.3127766, -17.3142776, -17.3143215, -17.3141193, -17.3132973
1526.09999999999, -17.3656044, -17.3636265, -17.3627739, -17.3637142, -17.364193, -17.3631401, -17.3628616, -17.3627377, -17.3627205, -17.363266
1526.1999999999898, -17.4437389, -17.4444809, -17.4447613, -17.4464245, -17.4466019, -17.4455166, -17.4448757, -17.4456329, -17.4451427, -17.4442711
1526.2999999999897, -16.827425, -16.8277779, -16.8267326, -16.8266716, -16.8269653, -16.8271122, -16.827549, -16.8264446, -16.8256035, -16.8260612
1526.3999999999896, -17.7362633, -17.736763, -17.7371235, -17.7377148, -17.7385597, -17.7381687, -17.737606, -17.738718, -17.7389278, -17.738018
1526.4999999999895, -16.7661095, -16.7664719, -16.7674351, -16.7682076, -16.7690887, -16.7695465, -16.7687054, -16.7682877, -16.768877, -16.7698193
1526.5999999999894, -17.4551105, -17.4560604, -17.4567432, -17.4577637, -17.4571171, -17.4577885, -17.4590073, -17.4587555, -17.458292, -17.4587288
1526.6999999999894, -17.0078659, -17.0070152, -17.0072937, -17.0074272, -17.0071335, -17.0085392, -17.0099697, -17.0094795, -17.010313, -17.0108681
1526.7999999999893, -17.172142, -17.172596, -17.1724167, -17.1724873, -17.1726551, -17.1726952, -17.1721592, -17.1728344, -17.1726494, -17.1724625
1526.8999999999892, -16.949255, -16.9484291, -16.9473667, -16.9479103, -16.9484901, -16.9482269, -16.9472141, -16.9473896, -16.9477291, -16.9462566
1526.999999999989, -17.3570843, -17.3557549, -17.3565216, -17.3563976, -17.3561153, -17.356266, -17.3564377, -17.3561726, -17.356039, -17.355566
1527.099999999989, -16.570879, -16.5707359, -16.5711174, -16.5701504, -16.5697346, -16.5691452, -16.5698719, -16.5691528, -16.5693111, -16.5699825
1527.199999999989, -17.5140648, -17.5141773, -17.5162296, -17.5158844, -17.5151558, -17.5158634, -17.516119, -17.516264, -17.516119, -17.5163593
1527.2999999999888, -16.5095539, -16.5089626, -16.5079403, -16.5082169, -16.5095997, -16.5085258, -16.5085812, -16.5086823, -16.5091991, -16.5086823
1527.3999999999887, -17.492775, -17.4915066, -17.4916477, -17.491663, -17.4908581, -17.491087, -17.4930401, -17.4931374, -17.4929276, -17.4913502
1527.4999999999886, -16.6757183, -16.6757679, -16.6748047, -16.6759548, -16.6761665, -16.6758404, -16.6757965, -16.6771107, -16.6778889, -16.6778088
1527.5999999999885, -17.1596279, -17.1608467, -17.1609974, -17.1607113, -17.1609859, -17.160429, -17.1592941, -17.1603622, -17.1604214, -17.1595783
1527.6999999999884, -16.6706676, -16.6704483, -16.6695061, -16.669529, -16.668951, -16.668335, -16.6690807, -16.6681881, -16.6686096, -16.6678867
1527.7999999999884, -17.4666977, -17.4715328, -17.4714661, -17.4779663, -17.4773884, -17.4789848, -17.4806023, -17.4802608, -17.4802799, -17.4799938
1527.8999999999883, -16.526186, -16.5269356, -16.5258656, -16.5251236, -16.5260773, -16.5258827, -16.5262814, -16.5254555, -16.5262032, -16.5256386
1527.9999999999882, -17.4650726, -17.465023, -17.4652195, -17.4659729, -17.4648514, -17.4645214, -17.4643402, -17.4651508, -17.4650726, -17.4652958
1528.099999999988, -16.4699306, -16.4724331, -16.4736881, -16.473814, -16.4741745, -16.473629, -16.4743805, -16.4753456, -16.4752827, -16.4760494
1528.199999999988, -17.6638241, -17.6636295, -17.6640377, -17.6648846, -17.6641197, -17.6652279, -17.6643162, -17.6655502, -17.6640682, -17.6646328
1528.299999999988, -16.6145706, -16.6130447, -16.6125336, -16.612072, -16.6124611, -16.6118088, -16.6125202, -16.6130791, -16.6131859, -16.612421
1528.3999999999878, -17.4054565, -17.4053955, -17.4059563, -17.4061031, -17.4067345, -17.4062214, -17.4068794, -17.4050102, -17.4039555, -17.4052162
1528.4999999999877, -16.6031342, -16.5993671, -16.5985527, -16.5985794, -16.5983963, -16.597723, -16.597868, -16.5968533, -16.5970287, -16.5961514
1528.5999999999876, -17.5421009, -17.542347, -17.5436745, -17.5436306, -17.5447254, -17.5454178, -17.5444717, -17.5452595, -17.5452538, -17.5461807
1528.6999999999875, -16.6501617, -16.6496582, -16.6499729, -16.6497593, -16.6495705, -16.6500416, -16.6501503, -16.6501522, -16.6499043, -16.6503792
1528.7999999999874, -17.6926842, -17.6926289, -17.693222, -17.6923008, -17.6918507, -17.6909828, -17.6903057, -17.6923027, -17.6944962, -17.6931381
1528.8999999999874, -16.6494637, -16.649437, -16.6489906, -16.6488838, -16.6495819, -16.6495457, -16.6495113, -16.6498108, -16.6499367, -16.6490059
1528.9999999999873, -17.7009659, -17.701189, -17.7009258, -17.7008076, -17.7005577, -17.7005043, -17.7014923, -17.7017536, -17.7019043, -17.7020454
1529.0999999999872, -16.6787834, -16.6808834, -16.681076, -16.6829262, -16.683054, -16.6837387, -16.6843128, -16.6848831, -16.6842461, -16.6824036
1529.199999999987, -17.7349491, -17.733942, -17.7343121, -17.7340393, -17.7341385, -17.7342567, -17.735136, -17.7350025, -17.7348938, -17.734972
1529.299999999987, -16.8135509, -16.8137474, -16.8140259, -16.812851, -16.8128967, -16.8118782, -16.8128986, -16.8135986, -16.8134441, -16.8129253
1529.399999999987, -17.7240105, -17.7237415, -17.726059, -17.7259846, -17.7259884, -17.7255936, -17.7262516, -17.7255554, -17.7253513, -17.7255917
1529.4999999999868, -16.6967907, -16.6960506, -16.6953964, -16.6968384, -16.6952991, -16.6954651, -16.6960354, -16.6966839, -16.6991062, -16.6992512
1529.5999999999867, -17.8192787, -17.8202343, -17.826313, -17.8275089, -17.8279133, -17.8282032, -17.8287258, -17.8282261, -17.8289604, -17.8285389
1529.6999999999866, -16.9411144, -16.9409637, -16.9403992, -16.9407845, -16.9396782, -16.9388885, -16.9391975, -16.939312, -16.9393806, -16.9392128
1529.7999999999865, -17.76161, -17.7605114, -17.7603531, -17.7593231, -17.7597198, -17.7586308, -17.7578049, -17.7571659, -17.7575188, -17.7575607
1529.8999999999864, -16.8082123, -16.8060722, -16.8064194, -16.8078403, -16.8089981, -16.8063507, -16.8067265, -16.8076305, -16.8080692, -16.8082256
1529.9999999999864, -17.9180889, -17.9185886, -17.9189129, -17.9201221, -17.9203053, -17.9213581, -17.9203434, -17.9201126, -17.9197292, -17.9200516
1530.0999999999863, -16.8579674, -16.8587208, -16.859293, -16.8588867, -16.8595886, -16.8594627, -16.8601837, -16.8592243, -16.8610935, -16.8612709
1530.1999999999862, -17.897213, -17.8947487, -17.89641, -17.8974476, -17.8981667, -17.8965054, -17.8963223, -17.8972816, -17.8964272, -17.8952122
1530.299999999986, -16.7315254, -16.7380085, -16.7366142, -16.7363834, -16.7354412, -16.7357025, -16.7365284, -16.7372246, -16.7368526, -16.7363682
1530.399999999986, -17.8848915, -17.8837242, -17.8848705, -17.8854313, -17.8862591, -17.8860836, -17.8852043, -17.8786583, -17.879097, -17.885685
1530.499999999986, -16.9847279, -16.984539, -16.9843578, -16.9819374, -16.9818783, -16.9836884, -16.9839325, -16.9833717, -16.983902, -16.9824657
1530.5999999999858, -17.6663818, -17.665596, -17.6658211, -17.6680946, -17.6671143, -17.6660767, -17.6667709, -17.6672211, -17.666584, -17.6682396
1530.6999999999857, -16.9113598, -16.9119606, -16.9118004, -16.9132977, -16.912796, -16.9126377, -16.911377, -16.9106979, -16.9113197, -16.9136124
1530.7999999999856, -17.8427887, -17.840847, -17.841732, -17.8423557, -17.8427296, -17.842207, -17.8415279, -17.8418579, -17.8427963, -17.842247
1530.8999999999855, -16.7297821, -16.7291698, -16.7287579, -16.7270775, -16.7273521, -16.7292576, -16.7283764, -16.7302914, -16.729229, -16.7286205
1530.9999999999854, -17.7791634, -17.7800865, -17.7831535, -17.7842445, -17.7842903, -17.7824421, -17.7814388, -17.7811928, -17.7816162, -17.7821941
1531.0999999999854, -16.6768665, -16.6783123, -16.6781864, -16.6771946, -16.6758137, -16.6782303, -16.6783447, -16.6775227, -16.6780243, -16.6765614
1531.1999999999853, -17.7278137, -17.7273521, -17.7266312, -17.7273865, -17.7283974, -17.7285137, -17.7286968, -17.7270985, -17.7299385, -17.7295685
1531.2999999999852, -16.7369537, -16.7379951, -16.7383251, -16.7384586, -16.7386532, -16.7381802, -16.7374458, -16.7367115, -16.7379379, -16.7368259
1531.399999999985, -17.4714108, -17.4698658, -17.4680367, -17.4644794, -17.4641685, -17.4648914, -17.4637318, -17.4646988, -17.462534, -17.4656639
1531.499999999985, -16.8621483, -16.8617783, -16.860611, -16.8593044, -16.8587399, -16.8597145, -16.8585224, -16.8566341, -16.8560104, -16.8571053
1531.599999999985, -16.7583008, -16.7597389, -16.7593517, -16.7594566, -16.7594109, -16.7599449, -16.7608147, -16.7603664, -16.7608032, -16.761652
1531.6999999999848, -16.3321571, -16.3332958, -16.3318329, -16.3323994, -16.3305111, -16.3328514, -16.3321075, -16.331461, -16.3308887, -16.3307457
1531.7999999999847, -17.532093, -17.5307026, -17.5319843, -17.5326843, -17.533905, -17.5348225, -17.5334969, -17.5326614, -17.5329437, -17.5334358
1531.8999999999846, -16.3891563, -16.3899479, -16.3907299, -16.3916531, -16.3911457, -16.3913116, -16.3905277, -16.3900623, -16.387598, -16.3884792
1531.9999999999845, -17.4178925, -17.4172668, -17.4172478, -17.4177036, -17.4182701, -17.4186249, -17.4159069, -17.4171181, -17.4155712, -17.4158287
1532.0999999999844, -16.2874851, -16.2888432, -16.2904701, -16.29142, -16.2925682, -16.291214, -16.2885017, -16.2890034, -16.2893162, -16.288063
1532.1999999999844, -17.2562141, -17.2556992, -17.2565765, -17.2570248, -17.2563992, -17.2560158, -17.2560005, -17.2579308, -17.2579269, -17.2562408
1532.2999999999843, -16.6458912, -16.647543, -16.648016, -16.6465511, -16.6475277, -16.6460266, -16.6471004, -16.6491165, -16.6483536, -16.6478653
1532.3999999999842, -17.0892544, -17.0880547, -17.0892696, -17.0869465, -17.0855961, -17.0850449, -17.087738, -17.0856171, -17.0836411, -17.0826931
1532.499999999984, -16.1529198, -16.1533699, -16.1521053, -16.1528759, -16.1534023, -16.1535778, -16.1526852, -16.1527958, -16.1543846, -16.1568775
1532.599999999984, -17.2783375, -17.2783775, -17.2789192, -17.2782307, -17.2785053, -17.2777195, -17.2794323, -17.2793941, -17.2788372, -17.2778397
1532.699999999984, -16.1952209, -16.1951313, -16.1931496, -16.191349, -16.1911469, -16.1930351, -16.1939335, -16.1910229, -16.1919537, -16.1924763
1532.7999999999838, -17.2651176, -17.2647648, -17.2657795, -17.2662868, -17.2669983, -17.2679653, -17.2673283, -17.26684, -17.2665024, -17.2667198
1532.8999999999837, -16.1437588, -16.1430492, -16.1407757, -16.1404114, -16.1409626, -16.140522, -16.140934, -16.1410847, -16.1421032, -16.1405697
1532.9999999999836, -17.1026897, -17.1032867, -17.1037521, -17.1037788, -17.1033421, -17.1039639, -17.1027107, -17.1041107, -17.1026516, -17.1019135
1533.0999999999835, -16.5587578, -16.5583687, -16.5567493, -16.5577583, -16.5559082, -16.555809, -16.5570431, -16.5564785, -16.5567894, -16.5566216
1533.1999999999834, -16.912466, -16.9119072, -16.9102612, -16.9076385, -16.9066486, -16.907568, -16.9059181, -16.9048672, -16.9065514, -16.9078064
1533.2999999999834, -16.275301, -16.2769184, -16.2788658, -16.2796669, -16.2805862, -16.2805252, -16.2797737, -16.2788544, -16.2785015, -16.2774868
1533.3999999999833, -17.178791, -17.177557, -17.176918, -17.1770134, -17.1767387, -17.1768417, -17.1769199, -17.1772728, -17.1766796, -17.1753521
1533.4999999999832, -16.0119324, -16.0120354, -16.0140572, -16.0127697, -16.0135536, -16.0129738, -16.0140076, -16.0144329, -16.012516, -16.0125256
1533.599999999983, -17.2668533, -17.265728, -17.2666435, -17.266264, -17.2658787, -17.264967, -17.2640362, -17.264452, -17.2631531, -17.2622738
1533.699999999983, -16.1774158, -16.1783333, -16.1776333, -16.1768551, -16.1772804, -16.1773911, -16.1769981, -16.1780834, -16.1768284, -16.1769733
1533.799999999983, -17.1483841, -17.1476097, -17.1483784, -17.147131, -17.1445408, -17.1448097, -17.1451664, -17.1460018, -17.14645, -17.1466923
1533.8999999999828, -16.3608894, -16.3650475, -16.3652763, -16.3640499, -16.3649654, -16.3655033, -16.3662128, -16.3663578, -16.366045, -16.3662586
1533.9999999999827, -16.3621902, -16.3625183, -16.36269, -16.3618851, -16.3594513, -16.3635597, -16.3681908, -16.3655529, -16.3626289, -16.3607044
1534.0999999999826, -16.5331631, -16.5317211, -16.5313873, -16.5330944, -16.5326328, -16.530426, -16.5292645, -16.5312691, -16.5302868, -16.5310879
1534.1999999999825, -17.2554398, -17.2550507, -17.2546749, -17.2554245, -17.2556076, -17.2550983, -17.255579, -17.2562447, -17.2584324, -17.2582092
1534.2999999999824, -16.053793, -16.0534115, -16.052187, -16.052042, -16.052784, -16.0531406, -16.0541191, -16.0529976, -16.0525703, -16.0530319
1534.3999999999824, -17.3338261, -17.3336945, -17.3334694, -17.3340893, -17.3342915, -17.3342667, -17.3344898, -17.335165, -17.3340359, -17.3336468
1534.4999999999823, -16.2671928, -16.2670918, -16.267767, -16.2684956, -16.2691708, -16.2673817, -16.2671223, -16.2682362, -16.2684498, -16.2654266
1534.5999999999822, -17.3550377, -17.3526096, -17.3531971, -17.3545761, -17.3547993, -17.3545475, -17.3554554, -17.3558998, -17.3542767, -17.3543758
1534.699999999982, -16.333847, -16.3359451, -16.3384953, -16.3361244, -16.3341141, -16.3328323, -16.3328838, -16.332346, -16.3326321, -16.33391
1534.799999999982, -17.0823441, -17.0809631, -17.0791168, -17.0774212, -17.0769749, -17.0769463, -17.0777988, -17.0786476, -17.0783672, -17.0784454
1534.899999999982, -16.7629681, -16.7653008, -16.7673435, -16.7690601, -16.7692204, -16.7686806, -16.7665443, -16.7660561, -16.7663422, -16.7677174
1534.9999999999818, -17.2912598, -17.2913475, -17.290453, -17.289772, -17.2879505, -17.2881031, -17.2885246, -17.2899799, -17.2895279, -17.2897377
